"True_Fluctuation","AR_Parameter","Sampling","Sample_Size","Sample_Freq","parameter","Estimate","Std.Error","lbound","ubound","Method","Check_of_Convergence","Iteration"
"Weekly",0.05,"SameTimestamp",1000,"Daily","error_var_ct",0.216021572526735,0.0119791460667351,0.192514426045053,0.239528719008417,"CT",1,1
"Weekly",0.05,"SameTimestamp",1000,"Daily","beta_ct",-0.455372418493816,0.0385400257038826,-0.531001017108599,-0.379743819879032,"CT",1,1
"Weekly",0.05,"SameTimestamp",1000,"Daily","LogLik_ct",884.590216184842,NA,NA,NA,"CT",1,1
"Weekly",0.05,"SameTimestamp",1000,"Daily","AIC_ct",888.590216184842,NA,NA,NA,"CT",1,1
"Weekly",0.05,"SameTimestamp",1000,"Daily","BIC_ct",898.405726742807,NA,NA,NA,"CT",1,1
"Weekly",0.05,"SameTimestamp",1000,"Daily","error_var_dt",0.141787674840759,0.00634154480288539,0.129343413641246,0.154231936040273,"DT",1,1
"Weekly",0.05,"SameTimestamp",1000,"Daily","beta_dt",0.634211751199338,0.0244427395694403,0.586246808099764,0.682176694298913,"DT",1,1
"Weekly",0.05,"SameTimestamp",1000,"Daily","LogLik_dt",884.590216184843,NA,NA,NA,"DT",1,1
"Weekly",0.05,"SameTimestamp",1000,"Daily","AIC_dt",888.590216184843,NA,NA,NA,"DT",1,1
"Weekly",0.05,"SameTimestamp",1000,"Daily","BIC_dt",898.405726742808,NA,NA,NA,"DT",1,1
"Weekly",0.05,"SameTimestamp",1000,"Weekly","error_var_ct",1.10635095152511,0.14631836808972,0.819224699579904,1.39347720347031,"CT",1,1
"Weekly",0.05,"SameTimestamp",1000,"Weekly","beta_ct",-2.23097716742861,0.292949962908451,-2.80584432837051,-1.65611000648671,"CT",1,1
"Weekly",0.05,"SameTimestamp",1000,"Weekly","LogLik_ct",1431.75099787254,NA,NA,NA,"CT",1,1
"Weekly",0.05,"SameTimestamp",1000,"Weekly","AIC_ct",1435.75099787254,NA,NA,NA,"CT",1,1
"Weekly",0.05,"SameTimestamp",1000,"Weekly","BIC_ct",1445.5665084305,NA,NA,NA,"CT",1,1
"Weekly",0.05,"SameTimestamp",1000,"Weekly","error_var_dt",0.245090784644862,0.0109607880961165,0.223582001807195,0.266599567482528,"DT",1,1
"Weekly",0.05,"SameTimestamp",1000,"Weekly","beta_dt",0.107423405755046,0.0314829993955867,0.0456430856594515,0.16920372585064,"DT",1,1
"Weekly",0.05,"SameTimestamp",1000,"Weekly","LogLik_dt",1431.75099787254,NA,NA,NA,"DT",1,1
"Weekly",0.05,"SameTimestamp",1000,"Weekly","AIC_dt",1435.75099787254,NA,NA,NA,"DT",1,1
"Weekly",0.05,"SameTimestamp",1000,"Weekly","BIC_dt",1445.5665084305,NA,NA,NA,"DT",1,1
"Weekly",0.05,"SameTimestamp",1000,"Monthly","error_var_ct",1.40910262761917,0.270355670174,0.878573130313718,1.93963212492463,"CT",1,1
"Weekly",0.05,"SameTimestamp",1000,"Monthly","beta_ct",-2.84146420565352,0.540657941487626,-3.90241841359385,-1.7805099977132,"CT",1,1
"Weekly",0.05,"SameTimestamp",1000,"Monthly","LogLik_ct",1439.95419640267,NA,NA,NA,"CT",1,1
"Weekly",0.05,"SameTimestamp",1000,"Monthly","AIC_ct",1443.95419640267,NA,NA,NA,"CT",1,1
"Weekly",0.05,"SameTimestamp",1000,"Monthly","BIC_ct",1453.76970696063,NA,NA,NA,"CT",1,1
"Weekly",0.05,"SameTimestamp",1000,"Monthly","error_var_dt",0.247109675994789,0.0110510713047727,0.225423726888434,0.268795625101144,"DT",1,1
"Weekly",0.05,"SameTimestamp",1000,"Monthly","beta_dt",0.0583401664496988,0.0315584428675031,-0.00358819931922982,0.120268532218627,"DT",1,1
"Weekly",0.05,"SameTimestamp",1000,"Monthly","LogLik_dt",1439.95419640267,NA,NA,NA,"DT",1,1
"Weekly",0.05,"SameTimestamp",1000,"Monthly","AIC_dt",1443.95419640267,NA,NA,NA,"DT",1,1
"Weekly",0.05,"SameTimestamp",1000,"Monthly","BIC_dt",1453.76970696063,NA,NA,NA,"DT",1,1
"Weekly",0.05,"SameTimestamp",1000,"Daily","error_var_ct",0.212103392982738,0.011876908052569,0.1887968721518,0.235409913813676,"CT",1,2
"Weekly",0.05,"SameTimestamp",1000,"Daily","beta_ct",-0.476447067385477,0.0399242685825072,-0.554792019898341,-0.398102114872613,"CT",1,2
"Weekly",0.05,"SameTimestamp",1000,"Daily","LogLik_ct",848.448368084115,NA,NA,NA,"CT",1,2
"Weekly",0.05,"SameTimestamp",1000,"Daily","AIC_ct",852.448368084115,NA,NA,NA,"CT",1,2
"Weekly",0.05,"SameTimestamp",1000,"Daily","BIC_ct",862.263878642079,NA,NA,NA,"CT",1,2
"Weekly",0.05,"SameTimestamp",1000,"Daily","error_var_dt",0.136753244148431,0.00611641526551247,0.124750763438353,0.14875572485851,"DT",1,2
"Weekly",0.05,"SameTimestamp",1000,"Daily","beta_dt",0.620985807093845,0.0247921605110601,0.572335181624871,0.66963643256282,"DT",1,2
"Weekly",0.05,"SameTimestamp",1000,"Daily","LogLik_dt",848.448368084113,NA,NA,NA,"DT",1,2
"Weekly",0.05,"SameTimestamp",1000,"Daily","AIC_dt",852.448368084113,NA,NA,NA,"DT",1,2
"Weekly",0.05,"SameTimestamp",1000,"Daily","BIC_dt",862.263878642078,NA,NA,NA,"DT",1,2
"Weekly",0.05,"SameTimestamp",1000,"Weekly","error_var_ct",1.40549228148212,0.314374413891895,0.788583083090162,2.02240147987408,"CT",1,2
"Weekly",0.05,"SameTimestamp",1000,"Weekly","beta_ct",-3.07429004344367,0.682769315230309,-4.41411495390919,-1.73446513297815,"CT",1,2
"Weekly",0.05,"SameTimestamp",1000,"Weekly","LogLik_ct",1359.90473327938,NA,NA,NA,"CT",1,2
"Weekly",0.05,"SameTimestamp",1000,"Weekly","AIC_ct",1363.90473327938,NA,NA,NA,"CT",1,2
"Weekly",0.05,"SameTimestamp",1000,"Weekly","BIC_ct",1373.72024383735,NA,NA,NA,"CT",1,2
"Weekly",0.05,"SameTimestamp",1000,"Weekly","error_var_dt",0.22809969290994,0.010200919997722,0.208082028938026,0.248117356881853,"DT",1,2
"Weekly",0.05,"SameTimestamp",1000,"Weekly","beta_dt",0.0462224558507205,0.0315803874362494,-0.0157489726030709,0.108193884304512,"DT",1,2
"Weekly",0.05,"SameTimestamp",1000,"Weekly","LogLik_dt",1359.90473327937,NA,NA,NA,"DT",1,2
"Weekly",0.05,"SameTimestamp",1000,"Weekly","AIC_dt",1363.90473327937,NA,NA,NA,"DT",1,2
"Weekly",0.05,"SameTimestamp",1000,"Weekly","BIC_dt",1373.72024383734,NA,NA,NA,"DT",1,2
"Weekly",0.05,"SameTimestamp",1000,"Monthly","error_var_ct",9.42112298744576,46.7887285072627,-82.3942275045326,101.236473479424,"CT",1,2
"Weekly",0.05,"SameTimestamp",1000,"Monthly","beta_ct",-20.652942040724,102.572319240238,-221.934612696845,180.628728615397,"CT",1,2
"Weekly",0.05,"SameTimestamp",1000,"Monthly","LogLik_ct",1359.82583492604,NA,NA,NA,"CT",1,2
"Weekly",0.05,"SameTimestamp",1000,"Monthly","AIC_ct",1363.82583492604,NA,NA,NA,"CT",1,2
"Weekly",0.05,"SameTimestamp",1000,"Monthly","BIC_ct",1373.64134548401,NA,NA,NA,"CT",1,2
"Weekly",0.05,"SameTimestamp",1000,"Monthly","error_var_dt",0.228077412603151,0.0101999176144535,0.208061715647099,0.248093109559202,"DT",1,2
"Weekly",0.05,"SameTimestamp",1000,"Monthly","beta_dt",-0.00435343884648021,0.0316199167459921,-0.066402437209618,0.0576955595166576,"DT",1,2
"Weekly",0.05,"SameTimestamp",1000,"Monthly","LogLik_dt",1359.80688007536,NA,NA,NA,"DT",1,2
"Weekly",0.05,"SameTimestamp",1000,"Monthly","AIC_dt",1363.80688007536,NA,NA,NA,"DT",1,2
"Weekly",0.05,"SameTimestamp",1000,"Monthly","BIC_dt",1373.62239063333,NA,NA,NA,"DT",1,2
"Weekly",0.05,"SameTimestamp",1000,"Daily","error_var_ct",0.214970852641297,0.0119577087458448,0.191505773452186,0.238435931830408,"CT",1,3
"Weekly",0.05,"SameTimestamp",1000,"Daily","beta_ct",-0.461715643975119,0.0389693825834605,-0.538186786374319,-0.385244501575918,"CT",1,3
"Weekly",0.05,"SameTimestamp",1000,"Daily","LogLik_ct",874.386269079627,NA,NA,NA,"CT",1,3
"Weekly",0.05,"SameTimestamp",1000,"Daily","AIC_ct",878.386269079627,NA,NA,NA,"CT",1,3
"Weekly",0.05,"SameTimestamp",1000,"Daily","BIC_ct",888.201779637592,NA,NA,NA,"CT",1,3
"Weekly",0.05,"SameTimestamp",1000,"Daily","error_var_dt",0.140339976244946,0.00627701174838967,0.128022350780274,0.152657601709617,"DT",1,3
"Weekly",0.05,"SameTimestamp",1000,"Daily","beta_dt",0.63020151064043,0.0245589986109737,0.582008427880155,0.678394593400705,"DT",1,3
"Weekly",0.05,"SameTimestamp",1000,"Daily","LogLik_dt",874.386269079628,NA,NA,NA,"DT",1,3
"Weekly",0.05,"SameTimestamp",1000,"Daily","AIC_dt",878.386269079628,NA,NA,NA,"DT",1,3
"Weekly",0.05,"SameTimestamp",1000,"Daily","BIC_dt",888.201779637592,NA,NA,NA,"DT",1,3
"Weekly",0.05,"SameTimestamp",1000,"Weekly","error_var_ct",1.54968005969425,0.373894289467745,0.815972683373872,2.28338743601463,"CT",1,3
"Weekly",0.05,"SameTimestamp",1000,"Weekly","beta_ct",-3.18536605921674,0.763557813234679,-4.6837253965975,-1.68700672183598,"CT",1,3
"Weekly",0.05,"SameTimestamp",1000,"Weekly","LogLik_ct",1422.49906373279,NA,NA,NA,"CT",1,3
"Weekly",0.05,"SameTimestamp",1000,"Weekly","AIC_ct",1426.49906373279,NA,NA,NA,"CT",1,3
"Weekly",0.05,"SameTimestamp",1000,"Weekly","BIC_ct",1436.31457429075,NA,NA,NA,"CT",1,3
"Weekly",0.05,"SameTimestamp",1000,"Weekly","error_var_dt",0.242833727496139,0.0108598629265507,0.221522994062951,0.264144460929327,"DT",1,3
"Weekly",0.05,"SameTimestamp",1000,"Weekly","beta_dt",0.0413630828054946,0.0315848862232803,-0.0206171737939038,0.103343339404893,"DT",1,3
"Weekly",0.05,"SameTimestamp",1000,"Weekly","LogLik_dt",1422.49906373279,NA,NA,NA,"DT",1,3
"Weekly",0.05,"SameTimestamp",1000,"Weekly","AIC_dt",1426.49906373279,NA,NA,NA,"DT",1,3
"Weekly",0.05,"SameTimestamp",1000,"Weekly","BIC_dt",1436.31457429075,NA,NA,NA,"DT",1,3
"Weekly",0.05,"SameTimestamp",1000,"Monthly","error_var_ct",12.5304351765029,105.764531406105,-195.015438166988,220.076308519994,"CT",1,3
"Weekly",0.05,"SameTimestamp",1000,"Monthly","beta_ct",-25.5711499505455,215.838094029251,-449.11867699523,397.976377094139,"CT",1,3
"Weekly",0.05,"SameTimestamp",1000,"Monthly","LogLik_ct",1431.42773780313,NA,NA,NA,"CT",1,3
"Weekly",0.05,"SameTimestamp",1000,"Monthly","AIC_ct",1435.42773780313,NA,NA,NA,"CT",1,3
"Weekly",0.05,"SameTimestamp",1000,"Monthly","BIC_ct",1445.2432483611,NA,NA,NA,"CT",1,3
"Weekly",0.05,"SameTimestamp",1000,"Monthly","error_var_dt",0.244538055540625,0.0109360673618072,0.223077783166,0.265998327915249,"DT",1,3
"Weekly",0.05,"SameTimestamp",1000,"Monthly","beta_dt",-0.0439592230597475,0.0315889379127663,-0.105947430447768,0.0180289843282729,"DT",1,3
"Weekly",0.05,"SameTimestamp",1000,"Monthly","LogLik_dt",1429.4930859691,NA,NA,NA,"DT",1,3
"Weekly",0.05,"SameTimestamp",1000,"Monthly","AIC_dt",1433.4930859691,NA,NA,NA,"DT",1,3
"Weekly",0.05,"SameTimestamp",1000,"Monthly","BIC_dt",1443.30859652706,NA,NA,NA,"DT",1,3
"Weekly",0.05,"SameTimestamp",1000,"Daily","error_var_ct",0.21176586779,0.0115470875961816,0.189106566530287,0.234425169049713,"CT",1,4
"Weekly",0.05,"SameTimestamp",1000,"Daily","beta_ct",-0.416563566215159,0.0361284259272615,-0.487459788340966,-0.345667344089352,"CT",1,4
"Weekly",0.05,"SameTimestamp",1000,"Daily","LogLik_ct",898.117784242351,NA,NA,NA,"CT",1,4
"Weekly",0.05,"SameTimestamp",1000,"Daily","AIC_ct",902.117784242351,NA,NA,NA,"CT",1,4
"Weekly",0.05,"SameTimestamp",1000,"Daily","BIC_ct",911.933294800315,NA,NA,NA,"CT",1,4
"Weekly",0.05,"SameTimestamp",1000,"Daily","error_var_dt",0.143692152939287,0.00642740258679777,0.131079409655009,0.156304896223565,"DT",1,4
"Weekly",0.05,"SameTimestamp",1000,"Daily","beta_dt",0.659308591088763,0.0238198376362856,0.61256599279614,0.706051189381386,"DT",1,4
"Weekly",0.05,"SameTimestamp",1000,"Daily","LogLik_dt",898.117784242348,NA,NA,NA,"DT",1,4
"Weekly",0.05,"SameTimestamp",1000,"Daily","AIC_dt",902.117784242348,NA,NA,NA,"DT",1,4
"Weekly",0.05,"SameTimestamp",1000,"Daily","BIC_dt",911.933294800312,NA,NA,NA,"DT",1,4
"Weekly",0.05,"SameTimestamp",1000,"Weekly","error_var_ct",1.55860321999304,0.33339838476783,0.904362540078728,2.21284389990735,"CT",1,4
"Weekly",0.05,"SameTimestamp",1000,"Weekly","beta_ct",-3.00547171557747,0.638134613926902,-4.2577082073143,-1.75323522384064,"CT",1,4
"Weekly",0.05,"SameTimestamp",1000,"Weekly","LogLik_ct",1485.6316364762,NA,NA,NA,"CT",1,4
"Weekly",0.05,"SameTimestamp",1000,"Weekly","AIC_ct",1489.6316364762,NA,NA,NA,"CT",1,4
"Weekly",0.05,"SameTimestamp",1000,"Weekly","BIC_ct",1499.44714703416,NA,NA,NA,"CT",1,4
"Weekly",0.05,"SameTimestamp",1000,"Weekly","error_var_dt",0.258658539708357,0.0115675524005572,0.235959079563237,0.281357999853478,"DT",1,4
"Weekly",0.05,"SameTimestamp",1000,"Weekly","beta_dt",0.0495153730527625,0.0316116718702193,-0.0125174460684297,0.111548192173955,"DT",1,4
"Weekly",0.05,"SameTimestamp",1000,"Weekly","LogLik_dt",1485.6316364762,NA,NA,NA,"DT",1,4
"Weekly",0.05,"SameTimestamp",1000,"Weekly","AIC_dt",1489.6316364762,NA,NA,NA,"DT",1,4
"Weekly",0.05,"SameTimestamp",1000,"Weekly","BIC_dt",1499.44714703416,NA,NA,NA,"DT",1,4
"Weekly",0.05,"SameTimestamp",1000,"Monthly","error_var_ct",2.54148947174526,2.35723369769868,-2.0842023358898,7.16718127938031,"CT",1,4
"Weekly",0.05,"SameTimestamp",1000,"Monthly","beta_ct",-4.99840396306453,4.63284321231064,-14.089613253923,4.092805327794,"CT",1,4
"Weekly",0.05,"SameTimestamp",1000,"Monthly","LogLik_ct",1468.31601415119,NA,NA,NA,"CT",1,4
"Weekly",0.05,"SameTimestamp",1000,"Monthly","AIC_ct",1472.31601415119,NA,NA,NA,"CT",1,4
"Weekly",0.05,"SameTimestamp",1000,"Monthly","BIC_ct",1482.13152470915,NA,NA,NA,"CT",1,4
"Weekly",0.05,"SameTimestamp",1000,"Monthly","error_var_dt",0.254218524503439,0.0113690144807653,0.231908663077352,0.276528385929526,"DT",1,4
"Weekly",0.05,"SameTimestamp",1000,"Monthly","beta_dt",0.00674868691457435,0.0316177630587794,-0.055296085183978,0.0687934590131267,"DT",1,4
"Weekly",0.05,"SameTimestamp",1000,"Monthly","LogLik_dt",1468.31601415119,NA,NA,NA,"DT",1,4
"Weekly",0.05,"SameTimestamp",1000,"Monthly","AIC_dt",1472.31601415119,NA,NA,NA,"DT",1,4
"Weekly",0.05,"SameTimestamp",1000,"Monthly","BIC_dt",1482.13152470915,NA,NA,NA,"DT",1,4
"Weekly",0.05,"SameTimestamp",1000,"Daily","error_var_ct",0.213069459707667,0.0115915087333468,0.19032298911448,0.235815930300854,"CT",1,5
"Weekly",0.05,"SameTimestamp",1000,"Daily","beta_ct",-0.413038477150333,0.0358345430347338,-0.483358001390947,-0.342718952909719,"CT",1,5
"Weekly",0.05,"SameTimestamp",1000,"Daily","LogLik_ct",907.162727518525,NA,NA,NA,"CT",1,5
"Weekly",0.05,"SameTimestamp",1000,"Daily","AIC_ct",911.162727518525,NA,NA,NA,"CT",1,5
"Weekly",0.05,"SameTimestamp",1000,"Daily","BIC_ct",920.978238076489,NA,NA,NA,"CT",1,5
"Weekly",0.05,"SameTimestamp",1000,"Daily","error_var_dt",0.145017327833963,0.00648617858391143,0.132289246113535,0.157745409554392,"DT",1,5
"Weekly",0.05,"SameTimestamp",1000,"Daily","beta_dt",0.66163683235365,0.0237097069185473,0.615110347872444,0.708163316834855,"DT",1,5
"Weekly",0.05,"SameTimestamp",1000,"Daily","LogLik_dt",907.162727518527,NA,NA,NA,"DT",1,5
"Weekly",0.05,"SameTimestamp",1000,"Daily","AIC_dt",911.162727518527,NA,NA,NA,"DT",1,5
"Weekly",0.05,"SameTimestamp",1000,"Daily","BIC_dt",920.978238076491,NA,NA,NA,"DT",1,5
"Weekly",0.05,"SameTimestamp",1000,"Weekly","error_var_ct",9.52101627714439,113.848709866697,-213.888756395941,232.93078895023,"CT",1,5
"Weekly",0.05,"SameTimestamp",1000,"Weekly","beta_ct",-19.6830211577915,235.361036543563,-481.541181271038,442.175138955455,"CT",1,5
"Weekly",0.05,"SameTimestamp",1000,"Weekly","LogLik_ct",1418.47147716884,NA,NA,NA,"CT",1,5
"Weekly",0.05,"SameTimestamp",1000,"Weekly","AIC_ct",1422.47147716884,NA,NA,NA,"CT",1,5
"Weekly",0.05,"SameTimestamp",1000,"Weekly","BIC_ct",1432.2869877268,NA,NA,NA,"CT",1,5
"Weekly",0.05,"SameTimestamp",1000,"Weekly","error_var_dt",0.241799621964546,0.0108135960097489,0.220579679910347,0.263019564018744,"DT",1,5
"Weekly",0.05,"SameTimestamp",1000,"Weekly","beta_dt",-0.0155042992683914,0.0316254511663892,-0.077564158040964,0.0465555595041812,"DT",1,5
"Weekly",0.05,"SameTimestamp",1000,"Weekly","LogLik_dt",1418.23116986483,NA,NA,NA,"DT",1,5
"Weekly",0.05,"SameTimestamp",1000,"Weekly","AIC_dt",1422.23116986483,NA,NA,NA,"DT",1,5
"Weekly",0.05,"SameTimestamp",1000,"Weekly","BIC_dt",1432.0466804228,NA,NA,NA,"DT",1,5
"Weekly",0.05,"SameTimestamp",1000,"Monthly","error_var_ct",1.87772030928726,0.732523295721203,0.440261218477787,3.31517940009674,"CT",1,5
"Weekly",0.05,"SameTimestamp",1000,"Monthly","beta_ct",-3.85651966104859,1.49967776245569,-6.7993959429617,-0.913643379135479,"CT",1,5
"Weekly",0.05,"SameTimestamp",1000,"Monthly","LogLik_ct",1424.57610620573,NA,NA,NA,"CT",1,5
"Weekly",0.05,"SameTimestamp",1000,"Monthly","AIC_ct",1428.57610620573,NA,NA,NA,"CT",1,5
"Weekly",0.05,"SameTimestamp",1000,"Monthly","BIC_ct",1438.3916167637,NA,NA,NA,"CT",1,5
"Weekly",0.05,"SameTimestamp",1000,"Monthly","error_var_dt",0.243338690769307,0.0108824279562054,0.221983677096567,0.264693704442047,"DT",1,5
"Weekly",0.05,"SameTimestamp",1000,"Monthly","beta_dt",0.0211413152507851,0.0316374707424267,-0.0409421300055808,0.083224760507151,"DT",1,5
"Weekly",0.05,"SameTimestamp",1000,"Monthly","LogLik_dt",1424.57610620571,NA,NA,NA,"DT",1,5
"Weekly",0.05,"SameTimestamp",1000,"Monthly","AIC_dt",1428.57610620571,NA,NA,NA,"DT",1,5
"Weekly",0.05,"SameTimestamp",1000,"Monthly","BIC_dt",1438.39161676368,NA,NA,NA,"DT",1,5
"Weekly",0.05,"SameTimestamp",1000,"Daily","error_var_ct",0.216897640500142,0.0120673825008119,0.193217344215518,0.240577936784765,"CT",1,6
"Weekly",0.05,"SameTimestamp",1000,"Daily","beta_ct",-0.462163011765645,0.0390015095874771,-0.538697198240377,-0.385628825290913,"CT",1,6
"Weekly",0.05,"SameTimestamp",1000,"Daily","LogLik_ct",882.883592999327,NA,NA,NA,"CT",1,6
"Weekly",0.05,"SameTimestamp",1000,"Daily","AIC_ct",886.883592999327,NA,NA,NA,"CT",1,6
"Weekly",0.05,"SameTimestamp",1000,"Daily","BIC_ct",896.699103557291,NA,NA,NA,"CT",1,6
"Weekly",0.05,"SameTimestamp",1000,"Daily","error_var_dt",0.141544129736447,0.00633070178316461,0.129121146218285,0.153967113254608,"DT",1,6
"Weekly",0.05,"SameTimestamp",1000,"Daily","beta_dt",0.62991965386684,0.0245681322397033,0.581708647829959,0.678130659903721,"DT",1,6
"Weekly",0.05,"SameTimestamp",1000,"Daily","LogLik_dt",882.883592999329,NA,NA,NA,"DT",1,6
"Weekly",0.05,"SameTimestamp",1000,"Daily","AIC_dt",886.883592999329,NA,NA,NA,"DT",1,6
"Weekly",0.05,"SameTimestamp",1000,"Daily","BIC_dt",896.699103557293,NA,NA,NA,"DT",1,6
"Weekly",0.05,"SameTimestamp",1000,"Weekly","error_var_ct",9.85474722226415,41.728326968541,-72.0303795656065,91.7398740101348,"CT",1,6
"Weekly",0.05,"SameTimestamp",1000,"Weekly","beta_ct",-20.7031922723414,87.6634716355189,-192.728648623637,151.322264078955,"CT",1,6
"Weekly",0.05,"SameTimestamp",1000,"Weekly","LogLik_ct",1402.39906804323,NA,NA,NA,"CT",1,6
"Weekly",0.05,"SameTimestamp",1000,"Weekly","AIC_ct",1406.39906804323,NA,NA,NA,"CT",1,6
"Weekly",0.05,"SameTimestamp",1000,"Weekly","BIC_ct",1416.21457860119,NA,NA,NA,"CT",1,6
"Weekly",0.05,"SameTimestamp",1000,"Weekly","error_var_dt",0.237934363808694,0.010640758274776,0.217053587996474,0.258815139620914,"DT",1,6
"Weekly",0.05,"SameTimestamp",1000,"Weekly","beta_dt",-0.0167976348464223,0.0316053290937657,-0.0788180072894986,0.0452227375966541,"DT",1,6
"Weekly",0.05,"SameTimestamp",1000,"Weekly","LogLik_dt",1402.11663844977,NA,NA,NA,"DT",1,6
"Weekly",0.05,"SameTimestamp",1000,"Weekly","AIC_dt",1406.11663844977,NA,NA,NA,"DT",1,6
"Weekly",0.05,"SameTimestamp",1000,"Weekly","BIC_dt",1415.93214900773,NA,NA,NA,"DT",1,6
"Weekly",0.05,"SameTimestamp",1000,"Monthly","error_var_ct",8.93895190945203,36.4238095096513,-62.5369129639133,80.4148167828174,"CT",1,6
"Weekly",0.05,"SameTimestamp",1000,"Monthly","beta_ct",-17.5848327740024,71.6525828071861,-158.191496258694,123.021830710689,"CT",1,6
"Weekly",0.05,"SameTimestamp",1000,"Monthly","LogLik_ct",1468.11718367626,NA,NA,NA,"CT",1,6
"Weekly",0.05,"SameTimestamp",1000,"Monthly","AIC_ct",1472.11718367626,NA,NA,NA,"CT",1,6
"Weekly",0.05,"SameTimestamp",1000,"Monthly","BIC_ct",1481.93269423423,NA,NA,NA,"CT",1,6
"Weekly",0.05,"SameTimestamp",1000,"Monthly","error_var_dt",0.254033825692251,0.0113607442359348,0.231740193290803,0.2763274580937,"DT",1,6
"Weekly",0.05,"SameTimestamp",1000,"Monthly","beta_dt",-0.0229761991718136,0.0316160948585885,-0.0850176976959367,0.0390652993523095,"DT",1,6
"Weekly",0.05,"SameTimestamp",1000,"Monthly","LogLik_dt",1467.58919197408,NA,NA,NA,"DT",1,6
"Weekly",0.05,"SameTimestamp",1000,"Monthly","AIC_dt",1471.58919197408,NA,NA,NA,"DT",1,6
"Weekly",0.05,"SameTimestamp",1000,"Monthly","BIC_dt",1481.40470253204,NA,NA,NA,"DT",1,6
"Weekly",0.05,"SameTimestamp",1000,"Daily","error_var_ct",0.202593788632496,0.0107531825965555,0.181492398180013,0.22369517908498,"CT",1,7
"Weekly",0.05,"SameTimestamp",1000,"Daily","beta_ct",-0.355568840818326,0.0323707257680266,-0.419091181067639,-0.292046500569013,"CT",1,7
"Weekly",0.05,"SameTimestamp",1000,"Daily","LogLik_ct",906.896956697169,NA,NA,NA,"CT",1,7
"Weekly",0.05,"SameTimestamp",1000,"Daily","AIC_ct",910.896956697169,NA,NA,NA,"CT",1,7
"Weekly",0.05,"SameTimestamp",1000,"Daily","BIC_ct",920.712467255133,NA,NA,NA,"CT",1,7
"Weekly",0.05,"SameTimestamp",1000,"Daily","error_var_dt",0.14498314989324,0.00648453350619195,0.132258296373111,0.157708003413368,"DT",1,7
"Weekly",0.05,"SameTimestamp",1000,"Daily","beta_dt",0.700774701122331,0.0226843706621626,0.656260274048017,0.745289128196645,"DT",1,7
"Weekly",0.05,"SameTimestamp",1000,"Daily","LogLik_dt",906.896956697167,NA,NA,NA,"DT",1,7
"Weekly",0.05,"SameTimestamp",1000,"Daily","AIC_dt",910.896956697167,NA,NA,NA,"DT",1,7
"Weekly",0.05,"SameTimestamp",1000,"Daily","BIC_dt",920.712467255132,NA,NA,NA,"DT",1,7
"Weekly",0.05,"SameTimestamp",1000,"Weekly","error_var_ct",1.63269278558973,0.388711009107307,0.86990998127099,2.39547558990846,"CT",1,7
"Weekly",0.05,"SameTimestamp",1000,"Weekly","beta_ct",-3.16459259798141,0.748459119907447,-4.63332317937673,-1.69586201658609,"CT",1,7
"Weekly",0.05,"SameTimestamp",1000,"Weekly","LogLik_ct",1481.15114862934,NA,NA,NA,"CT",1,7
"Weekly",0.05,"SameTimestamp",1000,"Weekly","AIC_ct",1485.15114862934,NA,NA,NA,"CT",1,7
"Weekly",0.05,"SameTimestamp",1000,"Weekly","BIC_ct",1494.96665918731,NA,NA,NA,"CT",1,7
"Weekly",0.05,"SameTimestamp",1000,"Weekly","error_var_dt",0.25750245060997,0.0115158622078777,0.23490442415004,0.2801004770699,"DT",1,7
"Weekly",0.05,"SameTimestamp",1000,"Weekly","beta_dt",0.0422312353671491,0.0315857296808725,-0.0197506763820456,0.104213147116344,"DT",1,7
"Weekly",0.05,"SameTimestamp",1000,"Weekly","LogLik_dt",1481.15114862935,NA,NA,NA,"DT",1,7
"Weekly",0.05,"SameTimestamp",1000,"Weekly","AIC_dt",1485.15114862935,NA,NA,NA,"DT",1,7
"Weekly",0.05,"SameTimestamp",1000,"Weekly","BIC_dt",1494.96665918732,NA,NA,NA,"DT",1,7
"Weekly",0.05,"SameTimestamp",1000,"Monthly","error_var_ct",10.2039082948649,68.4940553806045,-124.204653382784,144.612469972513,"CT",1,7
"Weekly",0.05,"SameTimestamp",1000,"Monthly","beta_ct",-21.3743275565009,143.477028352797,-302.924907494032,260.17625238103,"CT",1,7
"Weekly",0.05,"SameTimestamp",1000,"Monthly","LogLik_ct",1405.31256197829,NA,NA,NA,"CT",1,7
"Weekly",0.05,"SameTimestamp",1000,"Monthly","AIC_ct",1409.31256197829,NA,NA,NA,"CT",1,7
"Weekly",0.05,"SameTimestamp",1000,"Monthly","BIC_ct",1419.12807253625,NA,NA,NA,"CT",1,7
"Weekly",0.05,"SameTimestamp",1000,"Monthly","error_var_dt",0.238685269403691,0.0106743372413833,0.217738600273003,0.259631938534378,"DT",1,7
"Weekly",0.05,"SameTimestamp",1000,"Monthly","beta_dt",-0.0067040435651551,0.0316167454131843,-0.0687468186979856,0.0553387315676755,"DT",1,7
"Weekly",0.05,"SameTimestamp",1000,"Monthly","LogLik_dt",1405.26760192798,NA,NA,NA,"DT",1,7
"Weekly",0.05,"SameTimestamp",1000,"Monthly","AIC_dt",1409.26760192798,NA,NA,NA,"DT",1,7
"Weekly",0.05,"SameTimestamp",1000,"Monthly","BIC_dt",1419.08311248595,NA,NA,NA,"DT",1,7
"Weekly",0.05,"SameTimestamp",1000,"Daily","error_var_ct",0.22655821169304,0.0124833725773272,0.202061601824034,0.251054821562046,"CT",1,8
"Weekly",0.05,"SameTimestamp",1000,"Daily","beta_ct",-0.441073283171408,0.0376204839707973,-0.514897429106907,-0.367249137235909,"CT",1,8
"Weekly",0.05,"SameTimestamp",1000,"Daily","LogLik_ct",944.575933060944,NA,NA,NA,"CT",1,8
"Weekly",0.05,"SameTimestamp",1000,"Daily","AIC_ct",948.575933060944,NA,NA,NA,"CT",1,8
"Weekly",0.05,"SameTimestamp",1000,"Daily","BIC_ct",958.391443618908,NA,NA,NA,"CT",1,8
"Weekly",0.05,"SameTimestamp",1000,"Daily","error_var_dt",0.150527411083138,0.00673311881347772,0.137314748899603,0.163740073266673,"DT",1,8
"Weekly",0.05,"SameTimestamp",1000,"Daily","beta_dt",0.643345559047431,0.0242027965223813,0.595851465566273,0.690839652528589,"DT",1,8
"Weekly",0.05,"SameTimestamp",1000,"Daily","LogLik_dt",944.575933060942,NA,NA,NA,"DT",1,8
"Weekly",0.05,"SameTimestamp",1000,"Daily","AIC_dt",948.575933060942,NA,NA,NA,"DT",1,8
"Weekly",0.05,"SameTimestamp",1000,"Daily","BIC_dt",958.391443618906,NA,NA,NA,"DT",1,8
"Weekly",0.05,"SameTimestamp",1000,"Weekly","error_var_ct",1.68821436490099,0.475498243536167,0.755125578745652,2.62130315105632,"CT",1,8
"Weekly",0.05,"SameTimestamp",1000,"Weekly","beta_ct",-3.41147501971806,0.955819090867994,-5.28711617592829,-1.53583386350782,"CT",1,8
"Weekly",0.05,"SameTimestamp",1000,"Weekly","LogLik_ct",1440.16794349661,NA,NA,NA,"CT",1,8
"Weekly",0.05,"SameTimestamp",1000,"Weekly","AIC_ct",1444.16794349661,NA,NA,NA,"CT",1,8
"Weekly",0.05,"SameTimestamp",1000,"Weekly","BIC_ct",1453.98345405458,NA,NA,NA,"CT",1,8
"Weekly",0.05,"SameTimestamp",1000,"Weekly","error_var_dt",0.247162403188483,0.0110534394066122,0.225471807063341,0.268852999313625,"DT",1,8
"Weekly",0.05,"SameTimestamp",1000,"Weekly","beta_dt",0.0329924697462953,0.0316015220499288,-0.0290204319858773,0.095005371478468,"DT",1,8
"Weekly",0.05,"SameTimestamp",1000,"Weekly","LogLik_dt",1440.16794349661,NA,NA,NA,"DT",1,8
"Weekly",0.05,"SameTimestamp",1000,"Weekly","AIC_dt",1444.16794349661,NA,NA,NA,"DT",1,8
"Weekly",0.05,"SameTimestamp",1000,"Weekly","BIC_dt",1453.98345405457,NA,NA,NA,"DT",1,8
"Weekly",0.05,"SameTimestamp",1000,"Monthly","error_var_ct",7.8688655239568,103.141224686808,-194.529190523264,210.266921571178,"CT",1,8
"Weekly",0.05,"SameTimestamp",1000,"Monthly","beta_ct",-15.7601154936171,206.578752479663,-421.137674752825,389.617443765591,"CT",1,8
"Weekly",0.05,"SameTimestamp",1000,"Monthly","LogLik_ct",1450.17189712642,NA,NA,NA,"CT",1,8
"Weekly",0.05,"SameTimestamp",1000,"Monthly","AIC_ct",1454.17189712642,NA,NA,NA,"CT",1,8
"Weekly",0.05,"SameTimestamp",1000,"Monthly","BIC_ct",1463.98740768438,NA,NA,NA,"CT",1,8
"Weekly",0.05,"SameTimestamp",1000,"Monthly","error_var_dt",0.249597093848767,0.0111623237686828,0.227692829684644,0.271501358012891,"DT",1,8
"Weekly",0.05,"SameTimestamp",1000,"Monthly","beta_dt",-0.0142178615249135,0.031627431838652,-0.0762816070480737,0.0478458839982467,"DT",1,8
"Weekly",0.05,"SameTimestamp",1000,"Monthly","LogLik_dt",1449.9698248205,NA,NA,NA,"DT",1,8
"Weekly",0.05,"SameTimestamp",1000,"Monthly","AIC_dt",1453.9698248205,NA,NA,NA,"DT",1,8
"Weekly",0.05,"SameTimestamp",1000,"Monthly","BIC_dt",1463.78533537847,NA,NA,NA,"DT",1,8
"Weekly",0.05,"SameTimestamp",1000,"Daily","error_var_ct",0.223095704531276,0.0122732510681036,0.199011424311542,0.24717998475101,"CT",1,9
"Weekly",0.05,"SameTimestamp",1000,"Daily","beta_ct",-0.437190166850708,0.0373993273904923,-0.510580328585693,-0.363800005115724,"CT",1,9
"Weekly",0.05,"SameTimestamp",1000,"Daily","LogLik_ct",932.374701351042,NA,NA,NA,"CT",1,9
"Weekly",0.05,"SameTimestamp",1000,"Daily","AIC_ct",936.374701351042,NA,NA,NA,"CT",1,9
"Weekly",0.05,"SameTimestamp",1000,"Daily","BIC_ct",946.190211909007,NA,NA,NA,"CT",1,9
"Weekly",0.05,"SameTimestamp",1000,"Daily","error_var_dt",0.148720097857694,0.00665179482184405,0.135667020921151,0.161773174794237,"DT",1,9
"Weekly",0.05,"SameTimestamp",1000,"Daily","beta_dt",0.645848609004477,0.0241543678277647,0.598449549043398,0.693247668965556,"DT",1,9
"Weekly",0.05,"SameTimestamp",1000,"Daily","LogLik_dt",932.374701351042,NA,NA,NA,"DT",1,9
"Weekly",0.05,"SameTimestamp",1000,"Daily","AIC_dt",936.374701351042,NA,NA,NA,"DT",1,9
"Weekly",0.05,"SameTimestamp",1000,"Daily","BIC_dt",946.190211909007,NA,NA,NA,"DT",1,9
"Weekly",0.05,"SameTimestamp",1000,"Weekly","error_var_ct",1.56431253948129,0.351960050363343,0.873647577763673,2.25497750119891,"CT",1,9
"Weekly",0.05,"SameTimestamp",1000,"Weekly","beta_ct",-3.07895838765797,0.687852576164747,-4.42875837971317,-1.72915839560276,"CT",1,9
"Weekly",0.05,"SameTimestamp",1000,"Weekly","LogLik_ct",1465.46642447995,NA,NA,NA,"CT",1,9
"Weekly",0.05,"SameTimestamp",1000,"Weekly","AIC_ct",1469.46642447995,NA,NA,NA,"CT",1,9
"Weekly",0.05,"SameTimestamp",1000,"Weekly","BIC_ct",1479.28193503791,NA,NA,NA,"CT",1,9
"Weekly",0.05,"SameTimestamp",1000,"Weekly","error_var_dt",0.253495094765903,0.0113366479060253,0.231248747534341,0.275741441997466,"DT",1,9
"Weekly",0.05,"SameTimestamp",1000,"Weekly","beta_dt",0.0460072707233426,0.0315898556737693,-0.0159827376229608,0.107997279069646,"DT",1,9
"Weekly",0.05,"SameTimestamp",1000,"Weekly","LogLik_dt",1465.46642447998,NA,NA,NA,"DT",1,9
"Weekly",0.05,"SameTimestamp",1000,"Weekly","AIC_dt",1469.46642447998,NA,NA,NA,"DT",1,9
"Weekly",0.05,"SameTimestamp",1000,"Weekly","BIC_dt",1479.28193503794,NA,NA,NA,"DT",1,9
"Weekly",0.05,"SameTimestamp",1000,"Monthly","error_var_ct",2.42746262134591,2.36476566449455,-2.21300945908819,7.06793470178,"CT",1,9
"Weekly",0.05,"SameTimestamp",1000,"Monthly","beta_ct",-5.06912911572777,4.93511875339035,-14.753505514025,4.61524728256942,"CT",1,9
"Weekly",0.05,"SameTimestamp",1000,"Monthly","LogLik_ct",1408.36802210853,NA,NA,NA,"CT",1,9
"Weekly",0.05,"SameTimestamp",1000,"Monthly","AIC_ct",1412.36802210853,NA,NA,NA,"CT",1,9
"Weekly",0.05,"SameTimestamp",1000,"Monthly","BIC_ct",1422.18353266649,NA,NA,NA,"CT",1,9
"Weekly",0.05,"SameTimestamp",1000,"Monthly","error_var_dt",0.239426441138217,0.0107074945190083,0.218414706185833,0.260438176090602,"DT",1,9
"Weekly",0.05,"SameTimestamp",1000,"Monthly","beta_dt",0.00628786109079569,0.0316120727985703,-0.0557457447877683,0.0683214669693597,"DT",1,9
"Weekly",0.05,"SameTimestamp",1000,"Monthly","LogLik_dt",1408.36802210851,NA,NA,NA,"DT",1,9
"Weekly",0.05,"SameTimestamp",1000,"Monthly","AIC_dt",1412.36802210851,NA,NA,NA,"DT",1,9
"Weekly",0.05,"SameTimestamp",1000,"Monthly","BIC_dt",1422.18353266648,NA,NA,NA,"DT",1,9
"Weekly",0.05,"SameTimestamp",1000,"Daily","error_var_ct",0.240765505986809,0.0133766771799014,0.214515929585089,0.267015082388528,"CT",1,10
"Weekly",0.05,"SameTimestamp",1000,"Daily","beta_ct",-0.458772127029983,0.0387868222664605,-0.534885024184526,-0.382659229875439,"CT",1,10
"Weekly",0.05,"SameTimestamp",1000,"Daily","LogLik_ct",990.356734323494,NA,NA,NA,"CT",1,10
"Weekly",0.05,"SameTimestamp",1000,"Daily","AIC_ct",994.356734323494,NA,NA,NA,"CT",1,10
"Weekly",0.05,"SameTimestamp",1000,"Daily","BIC_ct",1004.17224488146,NA,NA,NA,"CT",1,10
"Weekly",0.05,"SameTimestamp",1000,"Daily","error_var_dt",0.157572726554423,0.00704845481199894,0.143741268217399,0.171404184891448,"DT",1,10
"Weekly",0.05,"SameTimestamp",1000,"Daily","beta_dt",0.63205925218166,0.0245155170514978,0.58395149498484,0.680167009378481,"DT",1,10
"Weekly",0.05,"SameTimestamp",1000,"Daily","LogLik_dt",990.356734323494,NA,NA,NA,"DT",1,10
"Weekly",0.05,"SameTimestamp",1000,"Daily","AIC_dt",994.356734323494,NA,NA,NA,"DT",1,10
"Weekly",0.05,"SameTimestamp",1000,"Daily","BIC_dt",1004.17224488146,NA,NA,NA,"DT",1,10
"Weekly",0.05,"SameTimestamp",1000,"Weekly","error_var_ct",1.22674425182388,0.178863806656159,0.875752813877122,1.57773568977064,"CT",1,10
"Weekly",0.05,"SameTimestamp",1000,"Weekly","beta_ct",-2.3989721010764,0.346770871975996,-3.07945413524715,-1.71849006690565,"CT",1,10
"Weekly",0.05,"SameTimestamp",1000,"Weekly","LogLik_ct",1465.77749831924,NA,NA,NA,"CT",1,10
"Weekly",0.05,"SameTimestamp",1000,"Weekly","AIC_ct",1469.77749831924,NA,NA,NA,"CT",1,10
"Weekly",0.05,"SameTimestamp",1000,"Weekly","BIC_ct",1479.59300887721,NA,NA,NA,"CT",1,10
"Weekly",0.05,"SameTimestamp",1000,"Weekly","error_var_dt",0.253572698297074,0.0113401630705735,0.231319453120744,0.275825943473405,"DT",1,10
"Weekly",0.05,"SameTimestamp",1000,"Weekly","beta_dt",0.0908112588707377,0.0315114078876377,0.0289751916809647,0.152647326060511,"DT",1,10
"Weekly",0.05,"SameTimestamp",1000,"Weekly","LogLik_dt",1465.77749831924,NA,NA,NA,"DT",1,10
"Weekly",0.05,"SameTimestamp",1000,"Weekly","AIC_dt",1469.77749831924,NA,NA,NA,"DT",1,10
"Weekly",0.05,"SameTimestamp",1000,"Weekly","BIC_dt",1479.59300887721,NA,NA,NA,"DT",1,10
"Weekly",0.05,"SameTimestamp",1000,"Monthly","error_var_ct",10.2686861136929,82.0693098171279,-150.779127876908,171.316500104293,"CT",1,10
"Weekly",0.05,"SameTimestamp",1000,"Monthly","beta_ct",-20.0065744927753,159.896144380742,-333.777027484567,293.763878499017,"CT",1,10
"Weekly",0.05,"SameTimestamp",1000,"Monthly","LogLik_ct",1477.7683644841,NA,NA,NA,"CT",1,10
"Weekly",0.05,"SameTimestamp",1000,"Monthly","AIC_ct",1481.7683644841,NA,NA,NA,"CT",1,10
"Weekly",0.05,"SameTimestamp",1000,"Monthly","BIC_ct",1491.58387504207,NA,NA,NA,"CT",1,10
"Weekly",0.05,"SameTimestamp",1000,"Monthly","error_var_dt",0.256631882703137,0.011476921938409,0.234110270255803,0.279153495150471,"DT",1,10
"Weekly",0.05,"SameTimestamp",1000,"Monthly","beta_dt",-0.00197886641266402,0.0316503276072519,-0.0640875411973334,0.0601298083720053,"DT",1,10
"Weekly",0.05,"SameTimestamp",1000,"Monthly","LogLik_dt",1477.76445551412,NA,NA,NA,"DT",1,10
"Weekly",0.05,"SameTimestamp",1000,"Monthly","AIC_dt",1481.76445551412,NA,NA,NA,"DT",1,10
"Weekly",0.05,"SameTimestamp",1000,"Monthly","BIC_dt",1491.57996607209,NA,NA,NA,"DT",1,10
"Weekly",0.05,"SameTimestamp",1000,"Daily","error_var_ct",0.201832918664896,0.0108863890679078,0.180470131947859,0.223195705381933,"CT",1,11
"Weekly",0.05,"SameTimestamp",1000,"Daily","beta_ct",-0.394292319319966,0.0346387537001218,-0.462265299416835,-0.326319339223097,"CT",1,11
"Weekly",0.05,"SameTimestamp",1000,"Daily","LogLik_ct",869.211909214484,NA,NA,NA,"CT",1,11
"Weekly",0.05,"SameTimestamp",1000,"Daily","AIC_ct",873.211909214484,NA,NA,NA,"CT",1,11
"Weekly",0.05,"SameTimestamp",1000,"Daily","BIC_ct",883.027419772448,NA,NA,NA,"CT",1,11
"Weekly",0.05,"SameTimestamp",1000,"Daily","error_var_dt",0.139620213264124,0.00624469602334929,0.127366002209625,0.151874424318624,"DT",1,11
"Weekly",0.05,"SameTimestamp",1000,"Daily","beta_dt",0.674156936504327,0.0233519658371699,0.628332461327926,0.719981411680729,"DT",1,11
"Weekly",0.05,"SameTimestamp",1000,"Daily","LogLik_dt",869.211909214482,NA,NA,NA,"DT",1,11
"Weekly",0.05,"SameTimestamp",1000,"Daily","AIC_dt",873.211909214482,NA,NA,NA,"DT",1,11
"Weekly",0.05,"SameTimestamp",1000,"Daily","BIC_dt",883.027419772446,NA,NA,NA,"DT",1,11
"Weekly",0.05,"SameTimestamp",1000,"Weekly","error_var_ct",1.52439255967718,0.298729879036908,0.938183243432513,2.11060187592185,"CT",1,11
"Weekly",0.05,"SameTimestamp",1000,"Weekly","beta_ct",-2.87300301299447,0.558428656810276,-3.96882939010667,-1.77717663588227,"CT",1,11
"Weekly",0.05,"SameTimestamp",1000,"Weekly","LogLik_ct",1507.76753748047,NA,NA,NA,"CT",1,11
"Weekly",0.05,"SameTimestamp",1000,"Weekly","AIC_ct",1511.76753748047,NA,NA,NA,"CT",1,11
"Weekly",0.05,"SameTimestamp",1000,"Weekly","BIC_ct",1521.58304803843,NA,NA,NA,"CT",1,11
"Weekly",0.05,"SameTimestamp",1000,"Weekly","error_var_dt",0.264448243656459,0.0118264685632614,0.241240702206607,0.287655785106312,"DT",1,11
"Weekly",0.05,"SameTimestamp",1000,"Weekly","beta_dt",0.0565288391274507,0.0315608128061207,-0.0054041772646466,0.118461855519548,"DT",1,11
"Weekly",0.05,"SameTimestamp",1000,"Weekly","LogLik_dt",1507.76753748047,NA,NA,NA,"DT",1,11
"Weekly",0.05,"SameTimestamp",1000,"Weekly","AIC_dt",1511.76753748047,NA,NA,NA,"DT",1,11
"Weekly",0.05,"SameTimestamp",1000,"Weekly","BIC_dt",1521.58304803843,NA,NA,NA,"DT",1,11
"Weekly",0.05,"SameTimestamp",1000,"Monthly","error_var_ct",9.26246928408034,69.4195970596597,-126.962319001312,145.487257569472,"CT",1,11
"Weekly",0.05,"SameTimestamp",1000,"Monthly","beta_ct",-18.6807470794226,140.003956630058,-293.415982644912,256.054488486067,"CT",1,11
"Weekly",0.05,"SameTimestamp",1000,"Monthly","LogLik_ct",1443.2050824091,NA,NA,NA,"CT",1,11
"Weekly",0.05,"SameTimestamp",1000,"Monthly","AIC_ct",1447.2050824091,NA,NA,NA,"CT",1,11
"Weekly",0.05,"SameTimestamp",1000,"Monthly","BIC_ct",1457.02059296707,NA,NA,NA,"CT",1,11
"Weekly",0.05,"SameTimestamp",1000,"Monthly","error_var_dt",0.247908284560072,0.0110867813505608,0.226152260235289,0.269664308884854,"DT",1,11
"Weekly",0.05,"SameTimestamp",1000,"Monthly","beta_dt",-0.0049424138544255,0.0316119806665807,-0.0669758389387857,0.0570910112299347,"DT",1,11
"Weekly",0.05,"SameTimestamp",1000,"Monthly","LogLik_dt",1443.1806393636,NA,NA,NA,"DT",1,11
"Weekly",0.05,"SameTimestamp",1000,"Monthly","AIC_dt",1447.1806393636,NA,NA,NA,"DT",1,11
"Weekly",0.05,"SameTimestamp",1000,"Monthly","BIC_dt",1456.99614992157,NA,NA,NA,"DT",1,11
"Weekly",0.05,"SameTimestamp",1000,"Daily","error_var_ct",0.209430726936299,0.0116288689776488,0.186610942875649,0.232250510996949,"CT",1,12
"Weekly",0.05,"SameTimestamp",1000,"Daily","beta_ct",-0.452422762404797,0.0386338819214015,-0.528235538743196,-0.376609986066398,"CT",1,12
"Weekly",0.05,"SameTimestamp",1000,"Daily","LogLik_ct",856.239066105813,NA,NA,NA,"CT",1,12
"Weekly",0.05,"SameTimestamp",1000,"Daily","AIC_ct",860.239066105813,NA,NA,NA,"CT",1,12
"Weekly",0.05,"SameTimestamp",1000,"Daily","BIC_ct",870.054576663778,NA,NA,NA,"CT",1,12
"Weekly",0.05,"SameTimestamp",1000,"Daily","error_var_dt",0.137807101454226,0.00616395584672796,0.125711330003703,0.149902872904748,"DT",1,12
"Weekly",0.05,"SameTimestamp",1000,"Daily","beta_dt",0.63608519946323,0.0245745506258143,0.587861598376447,0.684308800550012,"DT",1,12
"Weekly",0.05,"SameTimestamp",1000,"Daily","LogLik_dt",856.239066105814,NA,NA,NA,"DT",1,12
"Weekly",0.05,"SameTimestamp",1000,"Daily","AIC_dt",860.239066105814,NA,NA,NA,"DT",1,12
"Weekly",0.05,"SameTimestamp",1000,"Daily","BIC_dt",870.054576663779,NA,NA,NA,"DT",1,12
"Weekly",0.05,"SameTimestamp",1000,"Weekly","error_var_ct",1.29802061380531,0.210941883699958,0.884081111637746,1.71196011597288,"CT",1,12
"Weekly",0.05,"SameTimestamp",1000,"Weekly","beta_ct",-2.57885196224396,0.415324775472461,-3.39386000038903,-1.7638439240989,"CT",1,12
"Weekly",0.05,"SameTimestamp",1000,"Weekly","LogLik_ct",1452.45597048974,NA,NA,NA,"CT",1,12
"Weekly",0.05,"SameTimestamp",1000,"Weekly","AIC_ct",1456.45597048974,NA,NA,NA,"CT",1,12
"Weekly",0.05,"SameTimestamp",1000,"Weekly","BIC_ct",1466.2714810477,NA,NA,NA,"CT",1,12
"Weekly",0.05,"SameTimestamp",1000,"Weekly","error_var_dt",0.250217984009641,0.0111901020595594,0.228259209419732,0.272176758599551,"DT",1,12
"Weekly",0.05,"SameTimestamp",1000,"Weekly","beta_dt",0.0758612015783253,0.0315241887745019,0.0140000539547711,0.137722349201879,"DT",1,12
"Weekly",0.05,"SameTimestamp",1000,"Weekly","LogLik_dt",1452.45597048968,NA,NA,NA,"DT",1,12
"Weekly",0.05,"SameTimestamp",1000,"Weekly","AIC_dt",1456.45597048968,NA,NA,NA,"DT",1,12
"Weekly",0.05,"SameTimestamp",1000,"Weekly","BIC_dt",1466.27148104764,NA,NA,NA,"DT",1,12
"Weekly",0.05,"SameTimestamp",1000,"Monthly","error_var_ct",1.79122531139867,0.706767956838252,0.40430692861914,3.17814369417821,"CT",1,12
"Weekly",0.05,"SameTimestamp",1000,"Monthly","beta_ct",-3.87818522409514,1.52547001348389,-6.87167464818337,-0.88469580000691,"CT",1,12
"Weekly",0.05,"SameTimestamp",1000,"Monthly","LogLik_ct",1371.83455650191,NA,NA,NA,"CT",1,12
"Weekly",0.05,"SameTimestamp",1000,"Monthly","AIC_ct",1375.83455650191,NA,NA,NA,"CT",1,12
"Weekly",0.05,"SameTimestamp",1000,"Monthly","BIC_ct",1385.65006705988,NA,NA,NA,"CT",1,12
"Weekly",0.05,"SameTimestamp",1000,"Monthly","error_var_dt",0.230837181345645,0.010323363105816,0.210579242477541,0.25109512021375,"DT",1,12
"Weekly",0.05,"SameTimestamp",1000,"Monthly","beta_dt",0.0206883182949243,0.0316232961630834,-0.041367311630442,0.0827439482202907,"DT",1,12
"Weekly",0.05,"SameTimestamp",1000,"Monthly","LogLik_dt",1371.83455650191,NA,NA,NA,"DT",1,12
"Weekly",0.05,"SameTimestamp",1000,"Monthly","AIC_dt",1375.83455650191,NA,NA,NA,"DT",1,12
"Weekly",0.05,"SameTimestamp",1000,"Monthly","BIC_dt",1385.65006705988,NA,NA,NA,"DT",1,12
"Weekly",0.05,"SameTimestamp",1000,"Daily","error_var_ct",0.208820211549797,0.0115341988169979,0.18618620244518,0.231454220654414,"CT",1,13
"Weekly",0.05,"SameTimestamp",1000,"Daily","beta_ct",-0.444081134023197,0.0379394322445037,-0.518531164620952,-0.369631103425442,"CT",1,13
"Weekly",0.05,"SameTimestamp",1000,"Daily","LogLik_ct",860.353435624596,NA,NA,NA,"CT",1,13
"Weekly",0.05,"SameTimestamp",1000,"Daily","AIC_ct",864.353435624596,NA,NA,NA,"CT",1,13
"Weekly",0.05,"SameTimestamp",1000,"Daily","BIC_ct",874.16894618256,NA,NA,NA,"CT",1,13
"Weekly",0.05,"SameTimestamp",1000,"Daily","error_var_dt",0.138385993714947,0.00618957021103548,0.126239958196313,0.150532029233581,"DT",1,13
"Weekly",0.05,"SameTimestamp",1000,"Daily","beta_dt",0.641413237283485,0.024334902308695,0.59365990745504,0.68916656711193,"DT",1,13
"Weekly",0.05,"SameTimestamp",1000,"Daily","LogLik_dt",860.353435624508,NA,NA,NA,"DT",1,13
"Weekly",0.05,"SameTimestamp",1000,"Daily","AIC_dt",864.353435624508,NA,NA,NA,"DT",1,13
"Weekly",0.05,"SameTimestamp",1000,"Daily","BIC_dt",874.168946182473,NA,NA,NA,"DT",1,13
"Weekly",0.05,"SameTimestamp",1000,"Weekly","error_var_ct",1.67980083347308,0.564069484562612,0.572905239614262,2.7866964273319,"CT",1,13
"Weekly",0.05,"SameTimestamp",1000,"Weekly","beta_ct",-3.65193275483997,1.22132175500938,-6.04858016495838,-1.25528534472156,"CT",1,13
"Weekly",0.05,"SameTimestamp",1000,"Weekly","LogLik_ct",1367.47579419133,NA,NA,NA,"CT",1,13
"Weekly",0.05,"SameTimestamp",1000,"Weekly","AIC_ct",1371.47579419133,NA,NA,NA,"CT",1,13
"Weekly",0.05,"SameTimestamp",1000,"Weekly","BIC_ct",1381.29130474929,NA,NA,NA,"CT",1,13
"Weekly",0.05,"SameTimestamp",1000,"Weekly","error_var_dt",0.229833218923051,0.0102784504778692,0.20966341385999,0.250003023986113,"DT",1,13
"Weekly",0.05,"SameTimestamp",1000,"Weekly","beta_dt",0.0259411312370418,0.0316376722208224,-0.036142709388254,0.0880249718623376,"DT",1,13
"Weekly",0.05,"SameTimestamp",1000,"Weekly","LogLik_dt",1367.47579419125,NA,NA,NA,"DT",1,13
"Weekly",0.05,"SameTimestamp",1000,"Weekly","AIC_dt",1371.47579419125,NA,NA,NA,"DT",1,13
"Weekly",0.05,"SameTimestamp",1000,"Weekly","BIC_dt",1381.29130474921,NA,NA,NA,"DT",1,13
"Weekly",0.05,"SameTimestamp",1000,"Monthly","error_var_ct",10.9050552090667,93.239746558911,-172.062943349834,193.873053767967,"CT",1,13
"Weekly",0.05,"SameTimestamp",1000,"Monthly","beta_ct",-21.5281254127956,184.069244417771,-382.734397311975,339.678146486384,"CT",1,13
"Weekly",0.05,"SameTimestamp",1000,"Monthly","LogLik_ct",1464.59534901438,NA,NA,NA,"CT",1,13
"Weekly",0.05,"SameTimestamp",1000,"Monthly","AIC_ct",1468.59534901438,NA,NA,NA,"CT",1,13
"Weekly",0.05,"SameTimestamp",1000,"Monthly","BIC_ct",1478.41085957235,NA,NA,NA,"CT",1,13
"Weekly",0.05,"SameTimestamp",1000,"Monthly","error_var_dt",0.25326611404274,0.0113264003936623,0.231039875905169,0.275492352180311,"DT",1,13
"Weekly",0.05,"SameTimestamp",1000,"Monthly","beta_dt",-0.00572780099305478,0.0316107417973549,-0.0677587949959172,0.0563031930098076,"DT",1,13
"Weekly",0.05,"SameTimestamp",1000,"Monthly","LogLik_dt",1464.56251712899,NA,NA,NA,"DT",1,13
"Weekly",0.05,"SameTimestamp",1000,"Monthly","AIC_dt",1468.56251712899,NA,NA,NA,"DT",1,13
"Weekly",0.05,"SameTimestamp",1000,"Monthly","BIC_dt",1478.37802768695,NA,NA,NA,"DT",1,13
"Weekly",0.05,"SameTimestamp",1000,"Daily","error_var_ct",0.2244548876646,0.0125441097677666,0.199839090833135,0.249070684496065,"CT",1,14
"Weekly",0.05,"SameTimestamp",1000,"Daily","beta_ct",-0.472489366409524,0.0396508875876929,-0.550297852712308,-0.394680880106739,"CT",1,14
"Weekly",0.05,"SameTimestamp",1000,"Daily","LogLik_ct",908.39639863226,NA,NA,NA,"CT",1,14
"Weekly",0.05,"SameTimestamp",1000,"Daily","AIC_ct",912.39639863226,NA,NA,NA,"CT",1,14
"Weekly",0.05,"SameTimestamp",1000,"Daily","BIC_ct",922.211909190225,NA,NA,NA,"CT",1,14
"Weekly",0.05,"SameTimestamp",1000,"Daily","error_var_dt",0.145201149977141,0.00649428270132414,0.132457165230398,0.157945134723884,"DT",1,14
"Weekly",0.05,"SameTimestamp",1000,"Daily","beta_dt",0.623448325763414,0.0247204167426448,0.574938485895007,0.671958165631822,"DT",1,14
"Weekly",0.05,"SameTimestamp",1000,"Daily","LogLik_dt",908.39639863226,NA,NA,NA,"DT",1,14
"Weekly",0.05,"SameTimestamp",1000,"Daily","AIC_dt",912.39639863226,NA,NA,NA,"DT",1,14
"Weekly",0.05,"SameTimestamp",1000,"Daily","BIC_dt",922.211909190224,NA,NA,NA,"DT",1,14
"Weekly",0.05,"SameTimestamp",1000,"Weekly","error_var_ct",1.47957841056643,0.305104803415429,0.880859331076472,2.07829749005638,"CT",1,14
"Weekly",0.05,"SameTimestamp",1000,"Weekly","beta_ct",-2.95095991219311,0.603795153895051,-4.13581073949496,-1.76610908489126,"CT",1,14
"Weekly",0.05,"SameTimestamp",1000,"Weekly","LogLik_ct",1451.61891589716,NA,NA,NA,"CT",1,14
"Weekly",0.05,"SameTimestamp",1000,"Weekly","AIC_ct",1455.61891589716,NA,NA,NA,"CT",1,14
"Weekly",0.05,"SameTimestamp",1000,"Weekly","BIC_ct",1465.43442645512,NA,NA,NA,"CT",1,14
"Weekly",0.05,"SameTimestamp",1000,"Weekly","error_var_dt",0.250008981353131,0.0111807553760393,0.228068548125569,0.271949414580693,"DT",1,14
"Weekly",0.05,"SameTimestamp",1000,"Weekly","beta_dt",0.0522894836317138,0.0315696909950457,-0.00966095477747797,0.114239922040906,"DT",1,14
"Weekly",0.05,"SameTimestamp",1000,"Weekly","LogLik_dt",1451.61891589716,NA,NA,NA,"DT",1,14
"Weekly",0.05,"SameTimestamp",1000,"Weekly","AIC_dt",1455.61891589716,NA,NA,NA,"DT",1,14
"Weekly",0.05,"SameTimestamp",1000,"Weekly","BIC_dt",1465.43442645513,NA,NA,NA,"DT",1,14
"Weekly",0.05,"SameTimestamp",1000,"Monthly","error_var_ct",1.97238010322535,0.882280683834065,0.24104623707952,3.70371396937119,"CT",1,14
"Weekly",0.05,"SameTimestamp",1000,"Monthly","beta_ct",-4.0520977355747,1.80801475732678,-7.60003575258791,-0.504159718561492,"CT",1,14
"Weekly",0.05,"SameTimestamp",1000,"Monthly","LogLik_ct",1424.43387943671,NA,NA,NA,"CT",1,14
"Weekly",0.05,"SameTimestamp",1000,"Monthly","AIC_ct",1428.43387943671,NA,NA,NA,"CT",1,14
"Weekly",0.05,"SameTimestamp",1000,"Monthly","BIC_ct",1438.24938999468,NA,NA,NA,"CT",1,14
"Weekly",0.05,"SameTimestamp",1000,"Monthly","error_var_dt",0.243304091344113,0.0108808888890742,0.221952097842953,0.264656084845273,"DT",1,14
"Weekly",0.05,"SameTimestamp",1000,"Monthly","beta_dt",0.0173858168593842,0.031605206280709,-0.0446343145828314,0.0794059483015997,"DT",1,14
"Weekly",0.05,"SameTimestamp",1000,"Monthly","LogLik_dt",1424.43387943671,NA,NA,NA,"DT",1,14
"Weekly",0.05,"SameTimestamp",1000,"Monthly","AIC_dt",1428.43387943671,NA,NA,NA,"DT",1,14
"Weekly",0.05,"SameTimestamp",1000,"Monthly","BIC_dt",1438.24938999468,NA,NA,NA,"DT",1,14
"Weekly",0.05,"SameTimestamp",1000,"Daily","error_var_ct",0.233325908663871,0.0130285911143403,0.207759395152093,0.258892422175649,"CT",1,15
"Weekly",0.05,"SameTimestamp",1000,"Daily","beta_ct",-0.470268300276524,0.0395145901812634,-0.547809324852056,-0.392727275700991,"CT",1,15
"Weekly",0.05,"SameTimestamp",1000,"Daily","LogLik_ct",949.154956767539,NA,NA,NA,"CT",1,15
"Weekly",0.05,"SameTimestamp",1000,"Daily","AIC_ct",953.154956767539,NA,NA,NA,"CT",1,15
"Weekly",0.05,"SameTimestamp",1000,"Daily","BIC_ct",962.970467325503,NA,NA,NA,"CT",1,15
"Weekly",0.05,"SameTimestamp",1000,"Daily","error_var_dt",0.151223478193738,0.00676413374419365,0.13794995419957,0.164497002187905,"DT",1,15
"Weekly",0.05,"SameTimestamp",1000,"Daily","beta_dt",0.62483465666978,0.0246898016897078,0.576384893916212,0.673284419423347,"DT",1,15
"Weekly",0.05,"SameTimestamp",1000,"Daily","LogLik_dt",949.154956767532,NA,NA,NA,"DT",1,15
"Weekly",0.05,"SameTimestamp",1000,"Daily","AIC_dt",953.154956767532,NA,NA,NA,"DT",1,15
"Weekly",0.05,"SameTimestamp",1000,"Daily","BIC_dt",962.970467325497,NA,NA,NA,"DT",1,15
"Weekly",0.05,"SameTimestamp",1000,"Weekly","error_var_ct",1.47721508321377,0.26613167326819,0.954974500113875,1.99945566631366,"CT",1,15
"Weekly",0.05,"SameTimestamp",1000,"Weekly","beta_ct",-2.74412521165818,0.490103737739288,-3.70587492988308,-1.78237549343327,"CT",1,15
"Weekly",0.05,"SameTimestamp",1000,"Weekly","LogLik_ct",1521.28395189709,NA,NA,NA,"CT",1,15
"Weekly",0.05,"SameTimestamp",1000,"Weekly","AIC_ct",1525.28395189709,NA,NA,NA,"CT",1,15
"Weekly",0.05,"SameTimestamp",1000,"Weekly","BIC_ct",1535.09946245506,NA,NA,NA,"CT",1,15
"Weekly",0.05,"SameTimestamp",1000,"Weekly","error_var_dt",0.268046534803956,0.0119874028954586,0.244523185624586,0.291569883983326,"DT",1,15
"Weekly",0.05,"SameTimestamp",1000,"Weekly","beta_dt",0.0643044386018418,0.0315545439182139,0.00238372389347739,0.126225153310206,"DT",1,15
"Weekly",0.05,"SameTimestamp",1000,"Weekly","LogLik_dt",1521.28395189709,NA,NA,NA,"DT",1,15
"Weekly",0.05,"SameTimestamp",1000,"Weekly","AIC_dt",1525.28395189709,NA,NA,NA,"DT",1,15
"Weekly",0.05,"SameTimestamp",1000,"Weekly","BIC_dt",1535.09946245505,NA,NA,NA,"DT",1,15
"Weekly",0.05,"SameTimestamp",1000,"Monthly","error_var_ct",11.9641195704535,64.9671599680044,-115.523477405062,139.451716545969,"CT",1,15
"Weekly",0.05,"SameTimestamp",1000,"Monthly","beta_ct",-22.6688457211935,123.095839152275,-264.224621576824,218.886930134437,"CT",1,15
"Weekly",0.05,"SameTimestamp",1000,"Monthly","LogLik_ct",1505.65063343688,NA,NA,NA,"CT",1,15
"Weekly",0.05,"SameTimestamp",1000,"Monthly","AIC_ct",1509.65063343688,NA,NA,NA,"CT",1,15
"Weekly",0.05,"SameTimestamp",1000,"Monthly","BIC_ct",1519.46614399485,NA,NA,NA,"CT",1,15
"Weekly",0.05,"SameTimestamp",1000,"Monthly","error_var_dt",0.263662348238037,0.0117913549122308,0.240523711677872,0.286800984798202,"DT",1,15
"Weekly",0.05,"SameTimestamp",1000,"Monthly","beta_dt",-0.0293357169276954,0.0316413749487602,-0.0914268235607291,0.0327553897053384,"DT",1,15
"Weekly",0.05,"SameTimestamp",1000,"Monthly","LogLik_dt",1504.79142509541,NA,NA,NA,"DT",1,15
"Weekly",0.05,"SameTimestamp",1000,"Monthly","AIC_dt",1508.79142509541,NA,NA,NA,"DT",1,15
"Weekly",0.05,"SameTimestamp",1000,"Monthly","BIC_dt",1518.60693565338,NA,NA,NA,"DT",1,15
"Weekly",0.05,"SameTimestamp",1000,"Daily","error_var_ct",0.219109112167343,0.0121084990812697,0.195348131210017,0.242870093124669,"CT",1,16
"Weekly",0.05,"SameTimestamp",1000,"Daily","beta_ct",-0.447642760106698,0.0380480651577187,-0.522305965315519,-0.372979554897877,"CT",1,16
"Weekly",0.05,"SameTimestamp",1000,"Daily","LogLik_ct",905.367431438425,NA,NA,NA,"CT",1,16
"Weekly",0.05,"SameTimestamp",1000,"Daily","AIC_ct",909.367431438425,NA,NA,NA,"CT",1,16
"Weekly",0.05,"SameTimestamp",1000,"Daily","BIC_ct",919.182941996389,NA,NA,NA,"CT",1,16
"Weekly",0.05,"SameTimestamp",1000,"Daily","error_var_dt",0.144763897521532,0.00647467258063046,0.132058394481006,0.157469400562058,"DT",1,16
"Weekly",0.05,"SameTimestamp",1000,"Daily","beta_dt",0.639133071285688,0.0243177905235585,0.591413320581959,0.686852821989417,"DT",1,16
"Weekly",0.05,"SameTimestamp",1000,"Daily","LogLik_dt",905.367431438407,NA,NA,NA,"DT",1,16
"Weekly",0.05,"SameTimestamp",1000,"Daily","AIC_dt",909.367431438407,NA,NA,NA,"DT",1,16
"Weekly",0.05,"SameTimestamp",1000,"Daily","BIC_dt",919.182941996371,NA,NA,NA,"DT",1,16
"Weekly",0.05,"SameTimestamp",1000,"Weekly","error_var_ct",1.35773662638266,0.2285322608175,0.909278839750862,1.80619441301445,"CT",1,16
"Weekly",0.05,"SameTimestamp",1000,"Weekly","beta_ct",-2.63559487739934,0.439646918251317,-3.49833120684879,-1.77285854794989,"CT",1,16
"Weekly",0.05,"SameTimestamp",1000,"Weekly","LogLik_ct",1476.28937918718,NA,NA,NA,"CT",1,16
"Weekly",0.05,"SameTimestamp",1000,"Weekly","AIC_ct",1480.28937918718,NA,NA,NA,"CT",1,16
"Weekly",0.05,"SameTimestamp",1000,"Weekly","BIC_ct",1490.10488974514,NA,NA,NA,"CT",1,16
"Weekly",0.05,"SameTimestamp",1000,"Weekly","error_var_dt",0.256253548960813,0.0114600210637736,0.233765101760276,0.27874199616135,"DT",1,16
"Weekly",0.05,"SameTimestamp",1000,"Weekly","beta_dt",0.0716762649374531,0.0315280040539567,0.00980763044192055,0.133544899432986,"DT",1,16
"Weekly",0.05,"SameTimestamp",1000,"Weekly","LogLik_dt",1476.28937918716,NA,NA,NA,"DT",1,16
"Weekly",0.05,"SameTimestamp",1000,"Weekly","AIC_dt",1480.28937918716,NA,NA,NA,"DT",1,16
"Weekly",0.05,"SameTimestamp",1000,"Weekly","BIC_dt",1490.10488974512,NA,NA,NA,"DT",1,16
"Weekly",0.05,"SameTimestamp",1000,"Monthly","error_var_ct",2.69138215240823,3.25946380181048,-3.7047910484235,9.08755535323995,"CT",1,16
"Weekly",0.05,"SameTimestamp",1000,"Monthly","beta_ct",-5.26400413369016,6.37217142826551,-17.768365157101,7.24035688972067,"CT",1,16
"Weekly",0.05,"SameTimestamp",1000,"Monthly","LogLik_ct",1473.86602869483,NA,NA,NA,"CT",1,16
"Weekly",0.05,"SameTimestamp",1000,"Monthly","AIC_ct",1477.86602869483,NA,NA,NA,"CT",1,16
"Weekly",0.05,"SameTimestamp",1000,"Monthly","BIC_ct",1487.68153925279,NA,NA,NA,"CT",1,16
"Weekly",0.05,"SameTimestamp",1000,"Monthly","error_var_dt",0.255633368713935,0.0114322748863378,0.233199368921724,0.278067368506146,"DT",1,16
"Weekly",0.05,"SameTimestamp",1000,"Monthly","beta_dt",0.0051745138156336,0.0316482934346693,-0.0569301692326798,0.067279196863947,"DT",1,16
"Weekly",0.05,"SameTimestamp",1000,"Monthly","LogLik_dt",1473.86602869482,NA,NA,NA,"DT",1,16
"Weekly",0.05,"SameTimestamp",1000,"Monthly","AIC_dt",1477.86602869482,NA,NA,NA,"DT",1,16
"Weekly",0.05,"SameTimestamp",1000,"Monthly","BIC_dt",1487.68153925279,NA,NA,NA,"DT",1,16
"Weekly",0.05,"SameTimestamp",1000,"Daily","error_var_ct",0.201757910217449,0.0110811890698722,0.180012859843612,0.223502960591286,"CT",1,17
"Weekly",0.05,"SameTimestamp",1000,"Daily","beta_ct",-0.428563950055544,0.0370988737937609,-0.501364519955687,-0.3557633801554,"CT",1,17
"Weekly",0.05,"SameTimestamp",1000,"Daily","LogLik_ct",839.197821235059,NA,NA,NA,"CT",1,17
"Weekly",0.05,"SameTimestamp",1000,"Daily","AIC_ct",843.197821235059,NA,NA,NA,"CT",1,17
"Weekly",0.05,"SameTimestamp",1000,"Daily","BIC_ct",853.013331793024,NA,NA,NA,"CT",1,17
"Weekly",0.05,"SameTimestamp",1000,"Daily","error_var_dt",0.135494441435071,0.00606010196887445,0.123602466507755,0.147386416362386,"DT",1,17
"Weekly",0.05,"SameTimestamp",1000,"Daily","beta_dt",0.651443946708514,0.0241678566855021,0.604018417034741,0.698869476382286,"DT",1,17
"Weekly",0.05,"SameTimestamp",1000,"Daily","LogLik_dt",839.197821235069,NA,NA,NA,"DT",1,17
"Weekly",0.05,"SameTimestamp",1000,"Daily","AIC_dt",843.197821235069,NA,NA,NA,"DT",1,17
"Weekly",0.05,"SameTimestamp",1000,"Daily","BIC_dt",853.013331793033,NA,NA,NA,"DT",1,17
"Weekly",0.05,"SameTimestamp",1000,"Weekly","error_var_ct",2.1010058985314,1.20569735285962,-0.264981136633985,4.46699293369678,"CT",1,17
"Weekly",0.05,"SameTimestamp",1000,"Weekly","beta_ct",-4.37515306553579,2.50662083942036,-9.29399309954426,0.543686968472675,"CT",1,17
"Weekly",0.05,"SameTimestamp",1000,"Weekly","LogLik_ct",1411.04616030429,NA,NA,NA,"CT",1,17
"Weekly",0.05,"SameTimestamp",1000,"Weekly","AIC_ct",1415.04616030429,NA,NA,NA,"CT",1,17
"Weekly",0.05,"SameTimestamp",1000,"Weekly","BIC_ct",1424.86167086225,NA,NA,NA,"CT",1,17
"Weekly",0.05,"SameTimestamp",1000,"Weekly","error_var_dt",0.240068518742837,0.0107361784590898,0.219000496173839,0.261136541311836,"DT",1,17
"Weekly",0.05,"SameTimestamp",1000,"Weekly","beta_dt",0.0125861559453016,0.0316036455729741,-0.049430912859132,0.0746032247497353,"DT",1,17
"Weekly",0.05,"SameTimestamp",1000,"Weekly","LogLik_dt",1411.04616030428,NA,NA,NA,"DT",1,17
"Weekly",0.05,"SameTimestamp",1000,"Weekly","AIC_dt",1415.04616030428,NA,NA,NA,"DT",1,17
"Weekly",0.05,"SameTimestamp",1000,"Weekly","BIC_dt",1424.86167086225,NA,NA,NA,"DT",1,17
"Weekly",0.05,"SameTimestamp",1000,"Monthly","error_var_ct",8.38284558853021,119.690488134,-226.490476880008,243.256168057068,"CT",1,17
"Weekly",0.05,"SameTimestamp",1000,"Monthly","beta_ct",-17.3606301308483,247.877599715078,-503.780531313191,469.059271051494,"CT",1,17
"Weekly",0.05,"SameTimestamp",1000,"Monthly","LogLik_ct",1416.72824737178,NA,NA,NA,"CT",1,17
"Weekly",0.05,"SameTimestamp",1000,"Monthly","AIC_ct",1420.72824737178,NA,NA,NA,"CT",1,17
"Weekly",0.05,"SameTimestamp",1000,"Monthly","BIC_ct",1430.54375792975,NA,NA,NA,"CT",1,17
"Weekly",0.05,"SameTimestamp",1000,"Monthly","error_var_dt",0.241300049929681,0.0107912623051286,0.220123934176878,0.262476165682484,"DT",1,17
"Weekly",0.05,"SameTimestamp",1000,"Monthly","beta_dt",-0.0237608957749714,0.0315983282062042,-0.0857675301027853,0.0382457385528425,"DT",1,17
"Weekly",0.05,"SameTimestamp",1000,"Monthly","LogLik_dt",1416.16296290023,NA,NA,NA,"DT",1,17
"Weekly",0.05,"SameTimestamp",1000,"Monthly","AIC_dt",1420.16296290023,NA,NA,NA,"DT",1,17
"Weekly",0.05,"SameTimestamp",1000,"Monthly","BIC_dt",1429.9784734582,NA,NA,NA,"DT",1,17
"Weekly",0.05,"SameTimestamp",1000,"Daily","error_var_ct",0.225368827989343,0.0123584382333152,0.20111738166613,0.249620274312557,"CT",1,18
"Weekly",0.05,"SameTimestamp",1000,"Daily","beta_ct",-0.430596676342655,0.0369492247139025,-0.503103584004983,-0.358089768680328,"CT",1,18
"Weekly",0.05,"SameTimestamp",1000,"Daily","LogLik_ct",948.210287114475,NA,NA,NA,"CT",1,18
"Weekly",0.05,"SameTimestamp",1000,"Daily","AIC_ct",952.210287114475,NA,NA,NA,"CT",1,18
"Weekly",0.05,"SameTimestamp",1000,"Daily","BIC_ct",962.025797672439,NA,NA,NA,"CT",1,18
"Weekly",0.05,"SameTimestamp",1000,"Daily","error_var_dt",0.151086889796315,0.00675784022318629,0.137825715824376,0.164348063768254,"DT",1,18
"Weekly",0.05,"SameTimestamp",1000,"Daily","beta_dt",0.650121070524333,0.0240213407101652,0.602983054874929,0.697259086173737,"DT",1,18
"Weekly",0.05,"SameTimestamp",1000,"Daily","LogLik_dt",948.210287114475,NA,NA,NA,"DT",1,18
"Weekly",0.05,"SameTimestamp",1000,"Daily","AIC_dt",952.210287114475,NA,NA,NA,"DT",1,18
"Weekly",0.05,"SameTimestamp",1000,"Daily","BIC_dt",962.025797672439,NA,NA,NA,"DT",1,18
"Weekly",0.05,"SameTimestamp",1000,"Weekly","error_var_ct",1.40237693073191,0.268781588384507,0.874936315638395,1.92981754582543,"CT",1,18
"Weekly",0.05,"SameTimestamp",1000,"Weekly","beta_ct",-2.83638881290234,0.539162716034344,-3.89440888150104,-1.77836874430364,"CT",1,18
"Weekly",0.05,"SameTimestamp",1000,"Weekly","LogLik_ct",1436.92340866937,NA,NA,NA,"CT",1,18
"Weekly",0.05,"SameTimestamp",1000,"Weekly","AIC_ct",1440.92340866937,NA,NA,NA,"CT",1,18
"Weekly",0.05,"SameTimestamp",1000,"Weekly","BIC_ct",1450.73891922733,NA,NA,NA,"CT",1,18
"Weekly",0.05,"SameTimestamp",1000,"Weekly","error_var_dt",0.246361657890217,0.0110176291775301,0.224741333577097,0.267981982203338,"DT",1,18
"Weekly",0.05,"SameTimestamp",1000,"Weekly","beta_dt",0.0586370693655562,0.0315997058391699,-0.00337226834526538,0.120646407076378,"DT",1,18
"Weekly",0.05,"SameTimestamp",1000,"Weekly","LogLik_dt",1436.92340866935,NA,NA,NA,"DT",1,18
"Weekly",0.05,"SameTimestamp",1000,"Weekly","AIC_dt",1440.92340866935,NA,NA,NA,"DT",1,18
"Weekly",0.05,"SameTimestamp",1000,"Weekly","BIC_dt",1450.73891922732,NA,NA,NA,"DT",1,18
"Weekly",0.05,"SameTimestamp",1000,"Monthly","error_var_ct",13.8786327715642,122.438318616417,-226.386864840107,254.144130383235,"CT",1,18
"Weekly",0.05,"SameTimestamp",1000,"Monthly","beta_ct",-26.696179994298,235.512973471715,-488.852491879477,435.460131890881,"CT",1,18
"Weekly",0.05,"SameTimestamp",1000,"Monthly","LogLik_ct",1490.55947046194,NA,NA,NA,"CT",1,18
"Weekly",0.05,"SameTimestamp",1000,"Monthly","AIC_ct",1494.55947046194,NA,NA,NA,"CT",1,18
"Weekly",0.05,"SameTimestamp",1000,"Monthly","BIC_ct",1504.37498101991,NA,NA,NA,"CT",1,18
"Weekly",0.05,"SameTimestamp",1000,"Monthly","error_var_dt",0.259346937857135,0.0115983378601912,0.236587066201453,0.282106809512817,"DT",1,18
"Weekly",0.05,"SameTimestamp",1000,"Monthly","beta_dt",-0.0476334418608064,0.0315942724611114,-0.109632117441523,0.0143652337199101,"DT",1,18
"Weekly",0.05,"SameTimestamp",1000,"Monthly","LogLik_dt",1488.28909900873,NA,NA,NA,"DT",1,18
"Weekly",0.05,"SameTimestamp",1000,"Monthly","AIC_dt",1492.28909900873,NA,NA,NA,"DT",1,18
"Weekly",0.05,"SameTimestamp",1000,"Monthly","BIC_dt",1502.10460956669,NA,NA,NA,"DT",1,18
"Weekly",0.05,"SameTimestamp",1000,"Daily","error_var_ct",0.215213945469754,0.0115733402563544,0.192503127589008,0.237924763350499,"CT",1,19
"Weekly",0.05,"SameTimestamp",1000,"Daily","beta_ct",-0.385461248881988,0.034189584906089,-0.452552807500439,-0.318369690263537,"CT",1,19
"Weekly",0.05,"SameTimestamp",1000,"Daily","LogLik_ct",941.178675422207,NA,NA,NA,"CT",1,19
"Weekly",0.05,"SameTimestamp",1000,"Daily","AIC_ct",945.178675422207,NA,NA,NA,"CT",1,19
"Weekly",0.05,"SameTimestamp",1000,"Daily","BIC_ct",954.994185980172,NA,NA,NA,"CT",1,19
"Weekly",0.05,"SameTimestamp",1000,"Daily","error_var_dt",0.150026699758631,0.00671043955429243,0.136858541971719,0.163194857545542,"DT",1,19
"Weekly",0.05,"SameTimestamp",1000,"Daily","beta_dt",0.680136851954195,0.023253293432264,0.63450600549414,0.725767698414251,"DT",1,19
"Weekly",0.05,"SameTimestamp",1000,"Daily","LogLik_dt",941.178675422205,NA,NA,NA,"DT",1,19
"Weekly",0.05,"SameTimestamp",1000,"Daily","AIC_dt",945.178675422205,NA,NA,NA,"DT",1,19
"Weekly",0.05,"SameTimestamp",1000,"Daily","BIC_dt",954.994185980169,NA,NA,NA,"DT",1,19
"Weekly",0.05,"SameTimestamp",1000,"Weekly","error_var_ct",1.86034251146314,0.731154997880525,0.425568484980641,3.29511653794565,"CT",1,19
"Weekly",0.05,"SameTimestamp",1000,"Weekly","beta_ct",-3.86525618290337,1.51429973189448,-6.83682572688486,-0.89368663892187,"CT",1,19
"Weekly",0.05,"SameTimestamp",1000,"Weekly","LogLik_ct",1413.02319358466,NA,NA,NA,"CT",1,19
"Weekly",0.05,"SameTimestamp",1000,"Weekly","AIC_ct",1417.02319358466,NA,NA,NA,"CT",1,19
"Weekly",0.05,"SameTimestamp",1000,"Weekly","BIC_ct",1426.83870414262,NA,NA,NA,"CT",1,19
"Weekly",0.05,"SameTimestamp",1000,"Weekly","error_var_dt",0.240543581764087,0.0107574232096441,0.219433869790814,0.261653293737361,"DT",1,19
"Weekly",0.05,"SameTimestamp",1000,"Weekly","beta_dt",0.0209574092155486,0.0316361645250198,-0.0411234727993519,0.083038291230449,"DT",1,19
"Weekly",0.05,"SameTimestamp",1000,"Weekly","LogLik_dt",1413.02319358462,NA,NA,NA,"DT",1,19
"Weekly",0.05,"SameTimestamp",1000,"Weekly","AIC_dt",1417.02319358462,NA,NA,NA,"DT",1,19
"Weekly",0.05,"SameTimestamp",1000,"Weekly","BIC_dt",1426.83870414259,NA,NA,NA,"DT",1,19
"Weekly",0.05,"SameTimestamp",1000,"Monthly","error_var_ct",11.1557665495096,67.1357112414242,-120.587263338614,142.898796437633,"CT",1,19
"Weekly",0.05,"SameTimestamp",1000,"Monthly","beta_ct",-22.1471480534544,133.283653624948,-283.694870397021,239.400574290112,"CT",1,19
"Weekly",0.05,"SameTimestamp",1000,"Monthly","LogLik_ct",1458.98278084403,NA,NA,NA,"CT",1,19
"Weekly",0.05,"SameTimestamp",1000,"Monthly","AIC_ct",1462.98278084403,NA,NA,NA,"CT",1,19
"Weekly",0.05,"SameTimestamp",1000,"Monthly","BIC_ct",1472.79829140199,NA,NA,NA,"CT",1,19
"Weekly",0.05,"SameTimestamp",1000,"Monthly","error_var_dt",0.251711885642626,0.0112569045819445,0.229622021852342,0.273801749432909,"DT",1,19
"Weekly",0.05,"SameTimestamp",1000,"Monthly","beta_dt",-0.0240196163626526,0.0316488485334718,-0.0861253887030399,0.0380861559777346,"DT",1,19
"Weekly",0.05,"SameTimestamp",1000,"Monthly","LogLik_dt",1458.40696577955,NA,NA,NA,"DT",1,19
"Weekly",0.05,"SameTimestamp",1000,"Monthly","AIC_dt",1462.40696577955,NA,NA,NA,"DT",1,19
"Weekly",0.05,"SameTimestamp",1000,"Monthly","BIC_dt",1472.22247633751,NA,NA,NA,"DT",1,19
"Weekly",0.05,"SameTimestamp",1000,"Daily","error_var_ct",0.234868489435388,0.0132590407376153,0.208849755621696,0.26088722324908,"CT",1,20
"Weekly",0.05,"SameTimestamp",1000,"Daily","beta_ct",-0.493677434077093,0.041084591810112,-0.574299334205876,-0.41305553394831,"CT",1,20
"Weekly",0.05,"SameTimestamp",1000,"Daily","LogLik_ct",935.94835918917,NA,NA,NA,"CT",1,20
"Weekly",0.05,"SameTimestamp",1000,"Daily","AIC_ct",939.94835918917,NA,NA,NA,"CT",1,20
"Weekly",0.05,"SameTimestamp",1000,"Daily","BIC_ct",949.763869747135,NA,NA,NA,"CT",1,20
"Weekly",0.05,"SameTimestamp",1000,"Daily","error_var_dt",0.149253024659534,0.00667563170527753,0.136153171675064,0.162352877644004,"DT",1,20
"Weekly",0.05,"SameTimestamp",1000,"Daily","beta_dt",0.610377505799607,0.0250773558053755,0.56116723045893,0.659587781140285,"DT",1,20
"Weekly",0.05,"SameTimestamp",1000,"Daily","LogLik_dt",935.948359189137,NA,NA,NA,"DT",1,20
"Weekly",0.05,"SameTimestamp",1000,"Daily","AIC_dt",939.948359189137,NA,NA,NA,"DT",1,20
"Weekly",0.05,"SameTimestamp",1000,"Daily","BIC_dt",949.763869747101,NA,NA,NA,"DT",1,20
"Weekly",0.05,"SameTimestamp",1000,"Weekly","error_var_ct",10.038334556996,52.5238197821321,-93.0312096757651,113.107878789757,"CT",1,20
"Weekly",0.05,"SameTimestamp",1000,"Weekly","beta_ct",-21.3749183133367,111.837234618843,-240.837494497445,198.087657870772,"CT",1,20
"Weekly",0.05,"SameTimestamp",1000,"Weekly","LogLik_ct",1388.92436113853,NA,NA,NA,"CT",1,20
"Weekly",0.05,"SameTimestamp",1000,"Weekly","AIC_ct",1392.92436113853,NA,NA,NA,"CT",1,20
"Weekly",0.05,"SameTimestamp",1000,"Weekly","BIC_ct",1402.7398716965,NA,NA,NA,"CT",1,20
"Weekly",0.05,"SameTimestamp",1000,"Weekly","error_var_dt",0.234772672230045,0.0104993654637492,0.214169357056651,0.255375987403439,"DT",1,20
"Weekly",0.05,"SameTimestamp",1000,"Weekly","beta_dt",-0.0135900151868288,0.0316076487787333,-0.0756149396383722,0.0484349092647145,"DT",1,20
"Weekly",0.05,"SameTimestamp",1000,"Weekly","LogLik_dt",1388.73950780973,NA,NA,NA,"DT",1,20
"Weekly",0.05,"SameTimestamp",1000,"Weekly","AIC_dt",1392.73950780973,NA,NA,NA,"DT",1,20
"Weekly",0.05,"SameTimestamp",1000,"Weekly","BIC_dt",1402.55501836769,NA,NA,NA,"DT",1,20
"Weekly",0.05,"SameTimestamp",1000,"Monthly","error_var_ct",2.16512882939101,1.10445934518625,-0.00219490685191204,4.33245256563393,"CT",1,20
"Weekly",0.05,"SameTimestamp",1000,"Monthly","beta_ct",-4.23037595649182,2.15368189022599,-8.45663009735036,-0.00412181563327874,"CT",1,20
"Weekly",0.05,"SameTimestamp",1000,"Monthly","LogLik_ct",1474.70728587757,NA,NA,NA,"CT",1,20
"Weekly",0.05,"SameTimestamp",1000,"Monthly","AIC_ct",1478.70728587757,NA,NA,NA,"CT",1,20
"Weekly",0.05,"SameTimestamp",1000,"Monthly","BIC_ct",1488.52279643553,NA,NA,NA,"CT",1,20
"Weekly",0.05,"SameTimestamp",1000,"Monthly","error_var_dt",0.255848499929743,0.0114418772474675,0.233395657049019,0.278301342810467,"DT",1,20
"Weekly",0.05,"SameTimestamp",1000,"Monthly","beta_dt",0.0145469034945922,0.0316094366396852,-0.0474815293463682,0.0765753363355526,"DT",1,20
"Weekly",0.05,"SameTimestamp",1000,"Monthly","LogLik_dt",1474.70728587757,NA,NA,NA,"DT",1,20
"Weekly",0.05,"SameTimestamp",1000,"Monthly","AIC_dt",1478.70728587757,NA,NA,NA,"DT",1,20
"Weekly",0.05,"SameTimestamp",1000,"Monthly","BIC_dt",1488.52279643553,NA,NA,NA,"DT",1,20
"Weekly",0.05,"SameTimestamp",1000,"Daily","error_var_ct",0.202450483663055,0.0109422076101937,0.180978162039055,0.223922805287054,"CT",1,21
"Weekly",0.05,"SameTimestamp",1000,"Daily","beta_ct",-0.39747077985664,0.0348844503566525,-0.465925900104648,-0.329015659608633,"CT",1,21
"Weekly",0.05,"SameTimestamp",1000,"Daily","LogLik_ct",869.974163723317,NA,NA,NA,"CT",1,21
"Weekly",0.05,"SameTimestamp",1000,"Daily","AIC_ct",873.974163723317,NA,NA,NA,"CT",1,21
"Weekly",0.05,"SameTimestamp",1000,"Daily","BIC_ct",883.789674281281,NA,NA,NA,"CT",1,21
"Weekly",0.05,"SameTimestamp",1000,"Daily","error_var_dt",0.139660968265983,0.0062481408660092,0.127399997262105,0.151921939269861,"DT",1,21
"Weekly",0.05,"SameTimestamp",1000,"Daily","beta_dt",0.672017604202907,0.0234431158468102,0.626014261800371,0.718020946605444,"DT",1,21
"Weekly",0.05,"SameTimestamp",1000,"Daily","LogLik_dt",869.974163723316,NA,NA,NA,"DT",1,21
"Weekly",0.05,"SameTimestamp",1000,"Daily","AIC_dt",873.974163723316,NA,NA,NA,"DT",1,21
"Weekly",0.05,"SameTimestamp",1000,"Daily","BIC_dt",883.78967428128,NA,NA,NA,"DT",1,21
"Weekly",0.05,"SameTimestamp",1000,"Weekly","error_var_ct",1.25567826932099,0.219819964006402,0.824316963205376,1.68703957543661,"CT",1,21
"Weekly",0.05,"SameTimestamp",1000,"Weekly","beta_ct",-2.69222664453662,0.467212920959015,-3.60905681840155,-1.77539647067168,"CT",1,21
"Weekly",0.05,"SameTimestamp",1000,"Weekly","LogLik_ct",1377.44506753373,NA,NA,NA,"CT",1,21
"Weekly",0.05,"SameTimestamp",1000,"Weekly","AIC_ct",1381.44506753373,NA,NA,NA,"CT",1,21
"Weekly",0.05,"SameTimestamp",1000,"Weekly","BIC_ct",1391.26057809169,NA,NA,NA,"CT",1,21
"Weekly",0.05,"SameTimestamp",1000,"Weekly","error_var_dt",0.232134650755978,0.0103814415913746,0.211762742205907,0.252506559306049,"DT",1,21
"Weekly",0.05,"SameTimestamp",1000,"Weekly","beta_dt",0.0677300560191452,0.0316212353669938,0.00567847007448316,0.129781641963807,"DT",1,21
"Weekly",0.05,"SameTimestamp",1000,"Weekly","LogLik_dt",1377.44506753375,NA,NA,NA,"DT",1,21
"Weekly",0.05,"SameTimestamp",1000,"Weekly","AIC_dt",1381.44506753375,NA,NA,NA,"DT",1,21
"Weekly",0.05,"SameTimestamp",1000,"Weekly","BIC_dt",1391.26057809172,NA,NA,NA,"DT",1,21
"Weekly",0.05,"SameTimestamp",1000,"Monthly","error_var_ct",11.0873782010952,47.143923342181,-81.4249849967508,103.599741398941,"CT",1,21
"Weekly",0.05,"SameTimestamp",1000,"Monthly","beta_ct",-21.6345438099114,91.9921633793588,-202.154361138995,158.885273519172,"CT",1,21
"Weekly",0.05,"SameTimestamp",1000,"Monthly","LogLik_ct",1476.2507535893,NA,NA,NA,"CT",1,21
"Weekly",0.05,"SameTimestamp",1000,"Monthly","AIC_ct",1480.2507535893,NA,NA,NA,"CT",1,21
"Weekly",0.05,"SameTimestamp",1000,"Monthly","BIC_ct",1490.06626414727,NA,NA,NA,"CT",1,21
"Weekly",0.05,"SameTimestamp",1000,"Monthly","error_var_dt",0.255522162060724,0.0114273206600578,0.233097884140357,0.27794643998109,"DT",1,21
"Weekly",0.05,"SameTimestamp",1000,"Monthly","beta_dt",-0.0530531834951345,0.0315878999199444,-0.115039353989275,0.0089329869990057,"DT",1,21
"Weekly",0.05,"SameTimestamp",1000,"Monthly","LogLik_dt",1473.43390193813,NA,NA,NA,"DT",1,21
"Weekly",0.05,"SameTimestamp",1000,"Monthly","AIC_dt",1477.43390193813,NA,NA,NA,"DT",1,21
"Weekly",0.05,"SameTimestamp",1000,"Monthly","BIC_dt",1487.2494124961,NA,NA,NA,"DT",1,21
"Weekly",0.05,"SameTimestamp",1000,"Daily","error_var_ct",0.208895129298729,0.0110841239736876,0.187144319648437,0.230645938949021,"CT",1,22
"Weekly",0.05,"SameTimestamp",1000,"Daily","beta_ct",-0.358437755428924,0.032370025932135,-0.421958722362916,-0.294916788494931,"CT",1,22
"Weekly",0.05,"SameTimestamp",1000,"Daily","LogLik_ct",934.997840656934,NA,NA,NA,"CT",1,22
"Weekly",0.05,"SameTimestamp",1000,"Daily","AIC_ct",938.997840656934,NA,NA,NA,"CT",1,22
"Weekly",0.05,"SameTimestamp",1000,"Daily","BIC_ct",948.813351214898,NA,NA,NA,"CT",1,22
"Weekly",0.05,"SameTimestamp",1000,"Daily","error_var_dt",0.149114798758369,0.00666933497816683,0.136027302087589,0.162202295429148,"DT",1,22
"Weekly",0.05,"SameTimestamp",1000,"Daily","beta_dt",0.698767119023558,0.0226190872429217,0.654380800154151,0.743153437892965,"DT",1,22
"Weekly",0.05,"SameTimestamp",1000,"Daily","LogLik_dt",934.99784065693,NA,NA,NA,"DT",1,22
"Weekly",0.05,"SameTimestamp",1000,"Daily","AIC_dt",938.99784065693,NA,NA,NA,"DT",1,22
"Weekly",0.05,"SameTimestamp",1000,"Daily","BIC_dt",948.813351214894,NA,NA,NA,"DT",1,22
"Weekly",0.05,"SameTimestamp",1000,"Weekly","error_var_ct",0.992748447985062,0.113090759732217,0.770826030482184,1.21467086548794,"CT",1,22
"Weekly",0.05,"SameTimestamp",1000,"Weekly","beta_ct",-1.96599874116021,0.223554312670229,-2.40468810560029,-1.52730937672014,"CT",1,22
"Weekly",0.05,"SameTimestamp",1000,"Weekly","LogLik_ct",1441.65307073651,NA,NA,NA,"CT",1,22
"Weekly",0.05,"SameTimestamp",1000,"Weekly","AIC_ct",1445.65307073651,NA,NA,NA,"CT",1,22
"Weekly",0.05,"SameTimestamp",1000,"Weekly","BIC_ct",1455.46858129447,NA,NA,NA,"CT",1,22
"Weekly",0.05,"SameTimestamp",1000,"Weekly","error_var_dt",0.247529696313282,0.0110698747453147,0.225806848480697,0.269252544145866,"DT",1,22
"Weekly",0.05,"SameTimestamp",1000,"Weekly","beta_dt",0.140015974661815,0.0312970593069604,0.0786005320688251,0.201431417254806,"DT",1,22
"Weekly",0.05,"SameTimestamp",1000,"Weekly","LogLik_dt",1441.65307073651,NA,NA,NA,"DT",1,22
"Weekly",0.05,"SameTimestamp",1000,"Weekly","AIC_dt",1445.65307073651,NA,NA,NA,"DT",1,22
"Weekly",0.05,"SameTimestamp",1000,"Weekly","BIC_dt",1455.46858129447,NA,NA,NA,"DT",1,22
"Weekly",0.05,"SameTimestamp",1000,"Monthly","error_var_ct",2.42059120914305,1.82074339366515,-1.15232470840257,5.99350712668867,"CT",1,22
"Weekly",0.05,"SameTimestamp",1000,"Monthly","beta_ct",-4.71193921072523,3.54063918578844,-11.6598738561033,2.23599543465282,"CT",1,22
"Weekly",0.05,"SameTimestamp",1000,"Monthly","LogLik_ct",1478.56163051983,NA,NA,NA,"CT",1,22
"Weekly",0.05,"SameTimestamp",1000,"Monthly","AIC_ct",1482.56163051983,NA,NA,NA,"CT",1,22
"Weekly",0.05,"SameTimestamp",1000,"Monthly","BIC_ct",1492.37714107779,NA,NA,NA,"CT",1,22
"Weekly",0.05,"SameTimestamp",1000,"Monthly","error_var_dt",0.256836542578747,0.0114860603458451,0.234296997477365,0.279376087680129,"DT",1,22
"Weekly",0.05,"SameTimestamp",1000,"Monthly","beta_dt",0.00898728657876501,0.0316221492762407,-0.0530660927657286,0.0710406659232586,"DT",1,22
"Weekly",0.05,"SameTimestamp",1000,"Monthly","LogLik_dt",1478.56163051979,NA,NA,NA,"DT",1,22
"Weekly",0.05,"SameTimestamp",1000,"Monthly","AIC_dt",1482.56163051979,NA,NA,NA,"DT",1,22
"Weekly",0.05,"SameTimestamp",1000,"Monthly","BIC_dt",1492.37714107776,NA,NA,NA,"DT",1,22
"Weekly",0.05,"SameTimestamp",1000,"Daily","error_var_ct",0.213493156095763,0.0117502412130179,0.190435198554321,0.236551113637205,"CT",1,23
"Weekly",0.05,"SameTimestamp",1000,"Daily","beta_ct",-0.438508142246455,0.0374648859120045,-0.512026952030284,-0.364989332462626,"CT",1,23
"Weekly",0.05,"SameTimestamp",1000,"Daily","LogLik_ct",887.284049630206,NA,NA,NA,"CT",1,23
"Weekly",0.05,"SameTimestamp",1000,"Daily","AIC_ct",891.284049630206,NA,NA,NA,"CT",1,23
"Weekly",0.05,"SameTimestamp",1000,"Daily","BIC_ct",901.099560188171,NA,NA,NA,"CT",1,23
"Weekly",0.05,"SameTimestamp",1000,"Daily","error_var_dt",0.142158392898183,0.00635842866202438,0.129680999842046,0.15463578595432,"DT",1,23
"Weekly",0.05,"SameTimestamp",1000,"Daily","beta_dt",0.644997942000163,0.0241650106843944,0.597577997145588,0.692417886854738,"DT",1,23
"Weekly",0.05,"SameTimestamp",1000,"Daily","LogLik_dt",887.284049630207,NA,NA,NA,"DT",1,23
"Weekly",0.05,"SameTimestamp",1000,"Daily","AIC_dt",891.284049630207,NA,NA,NA,"DT",1,23
"Weekly",0.05,"SameTimestamp",1000,"Daily","BIC_dt",901.099560188171,NA,NA,NA,"DT",1,23
"Weekly",0.05,"SameTimestamp",1000,"Weekly","error_var_ct",1.34832668303263,0.233473079853309,0.890173334115576,1.80648003194968,"CT",1,23
"Weekly",0.05,"SameTimestamp",1000,"Weekly","beta_ct",-2.68051003303208,0.460042601009766,-3.58326960783857,-1.77775045822558,"CT",1,23
"Weekly",0.05,"SameTimestamp",1000,"Weekly","LogLik_ct",1452.88079927038,NA,NA,NA,"CT",1,23
"Weekly",0.05,"SameTimestamp",1000,"Weekly","AIC_ct",1456.88079927038,NA,NA,NA,"CT",1,23
"Weekly",0.05,"SameTimestamp",1000,"Weekly","BIC_ct",1466.69630982835,NA,NA,NA,"CT",1,23
"Weekly",0.05,"SameTimestamp",1000,"Weekly","error_var_dt",0.250324495741008,0.0111948639047748,0.228356376796136,0.272292614685881,"DT",1,23
"Weekly",0.05,"SameTimestamp",1000,"Weekly","beta_dt",0.0685282055087952,0.0315362040006963,0.00664347993731468,0.130412931080276,"DT",1,23
"Weekly",0.05,"SameTimestamp",1000,"Weekly","LogLik_dt",1452.88079927037,NA,NA,NA,"DT",1,23
"Weekly",0.05,"SameTimestamp",1000,"Weekly","AIC_dt",1456.88079927037,NA,NA,NA,"DT",1,23
"Weekly",0.05,"SameTimestamp",1000,"Weekly","BIC_dt",1466.69630982833,NA,NA,NA,"DT",1,23
"Weekly",0.05,"SameTimestamp",1000,"Monthly","error_var_ct",2.42268442261091,1.42736045067064,-0.378280772166089,5.22364961738791,"CT",1,23
"Weekly",0.05,"SameTimestamp",1000,"Monthly","beta_ct",-4.38671044040362,2.58034958398901,-9.45023127125941,0.676810390452173,"CT",1,23
"Weekly",0.05,"SameTimestamp",1000,"Monthly","LogLik_ct",1550.87172148609,NA,NA,NA,"CT",1,23
"Weekly",0.05,"SameTimestamp",1000,"Monthly","AIC_ct",1554.87172148609,NA,NA,NA,"CT",1,23
"Weekly",0.05,"SameTimestamp",1000,"Monthly","BIC_ct",1564.68723204405,NA,NA,NA,"CT",1,23
"Weekly",0.05,"SameTimestamp",1000,"Monthly","error_var_dt",0.276096352250338,0.01234740754052,0.251866551886685,0.300326152613991,"DT",1,23
"Weekly",0.05,"SameTimestamp",1000,"Monthly","beta_dt",0.0124415858068384,0.0316761333112558,-0.049717728519306,0.0746009001329829,"DT",1,23
"Weekly",0.05,"SameTimestamp",1000,"Monthly","LogLik_dt",1550.87172148609,NA,NA,NA,"DT",1,23
"Weekly",0.05,"SameTimestamp",1000,"Monthly","AIC_dt",1554.87172148609,NA,NA,NA,"DT",1,23
"Weekly",0.05,"SameTimestamp",1000,"Monthly","BIC_dt",1564.68723204405,NA,NA,NA,"DT",1,23
"Weekly",0.05,"SameTimestamp",1000,"Daily","error_var_ct",0.235655417443947,0.0131273997519942,0.209895007880978,0.261415827006916,"CT",1,24
"Weekly",0.05,"SameTimestamp",1000,"Daily","beta_ct",-0.464998126187391,0.0391670621102661,-0.541857182847522,-0.388139069527261,"CT",1,24
"Weekly",0.05,"SameTimestamp",1000,"Daily","LogLik_ct",963.659975785671,NA,NA,NA,"CT",1,24
"Weekly",0.05,"SameTimestamp",1000,"Daily","AIC_ct",967.659975785671,NA,NA,NA,"CT",1,24
"Weekly",0.05,"SameTimestamp",1000,"Daily","BIC_ct",977.475486343636,NA,NA,NA,"CT",1,24
"Weekly",0.05,"SameTimestamp",1000,"Daily","error_var_dt",0.153416048074415,0.00686266741957437,0.13994916759827,0.16688292855056,"DT",1,24
"Weekly",0.05,"SameTimestamp",1000,"Daily","beta_dt",0.628136284787999,0.0246022381839365,0.579858351323861,0.676414218252138,"DT",1,24
"Weekly",0.05,"SameTimestamp",1000,"Daily","LogLik_dt",963.659975785672,NA,NA,NA,"DT",1,24
"Weekly",0.05,"SameTimestamp",1000,"Daily","AIC_dt",967.659975785672,NA,NA,NA,"DT",1,24
"Weekly",0.05,"SameTimestamp",1000,"Daily","BIC_dt",977.475486343636,NA,NA,NA,"DT",1,24
"Weekly",0.05,"SameTimestamp",1000,"Weekly","error_var_ct",1.52510682580227,0.342259368908712,0.85347789041372,2.19673576119082,"CT",1,24
"Weekly",0.05,"SameTimestamp",1000,"Weekly","beta_ct",-3.07817647235731,0.685906465051733,-4.42415753451982,-1.7321954101948,"CT",1,24
"Weekly",0.05,"SameTimestamp",1000,"Weekly","LogLik_ct",1440.33630171204,NA,NA,NA,"CT",1,24
"Weekly",0.05,"SameTimestamp",1000,"Weekly","AIC_ct",1444.33630171204,NA,NA,NA,"CT",1,24
"Weekly",0.05,"SameTimestamp",1000,"Weekly","BIC_ct",1454.15181227,NA,NA,NA,"CT",1,24
"Weekly",0.05,"SameTimestamp",1000,"Weekly","error_var_dt",0.24720376576423,0.0110553071784278,0.225509504437461,0.268898027091,"DT",1,24
"Weekly",0.05,"SameTimestamp",1000,"Weekly","beta_dt",0.0460431190216933,0.0315914561513618,-0.0159500300043378,0.108036268047724,"DT",1,24
"Weekly",0.05,"SameTimestamp",1000,"Weekly","LogLik_dt",1440.33630171204,NA,NA,NA,"DT",1,24
"Weekly",0.05,"SameTimestamp",1000,"Weekly","AIC_dt",1444.33630171204,NA,NA,NA,"DT",1,24
"Weekly",0.05,"SameTimestamp",1000,"Weekly","BIC_dt",1454.15181227,NA,NA,NA,"DT",1,24
"Weekly",0.05,"SameTimestamp",1000,"Monthly","error_var_ct",1.26123156444359,0.215622807150842,0.838106503253993,1.68435662563318,"CT",1,24
"Weekly",0.05,"SameTimestamp",1000,"Monthly","beta_ct",-2.65837496893538,0.450440940663594,-3.54229283040376,-1.774457107467,"CT",1,24
"Weekly",0.05,"SameTimestamp",1000,"Monthly","LogLik_ct",1394.18670761053,NA,NA,NA,"CT",1,24
"Weekly",0.05,"SameTimestamp",1000,"Monthly","AIC_ct",1398.18670761053,NA,NA,NA,"CT",1,24
"Weekly",0.05,"SameTimestamp",1000,"Monthly","BIC_ct",1408.0022181685,NA,NA,NA,"CT",1,24
"Weekly",0.05,"SameTimestamp",1000,"Monthly","error_var_dt",0.236054121033212,0.0105566894648861,0.215338316732117,0.256769925334306,"DT",1,24
"Weekly",0.05,"SameTimestamp",1000,"Monthly","beta_dt",0.0700620782718842,0.0315430360819745,0.00816394584030806,0.13196021070346,"DT",1,24
"Weekly",0.05,"SameTimestamp",1000,"Monthly","LogLik_dt",1394.18670761055,NA,NA,NA,"DT",1,24
"Weekly",0.05,"SameTimestamp",1000,"Monthly","AIC_dt",1398.18670761055,NA,NA,NA,"DT",1,24
"Weekly",0.05,"SameTimestamp",1000,"Monthly","BIC_dt",1408.00221816851,NA,NA,NA,"DT",1,24
"Weekly",0.05,"SameTimestamp",1000,"Daily","error_var_ct",0.21902816777614,0.0119433862498887,0.195591194180578,0.242465141371701,"CT",1,25
"Weekly",0.05,"SameTimestamp",1000,"Daily","beta_ct",-0.417723312710495,0.0361349928456486,-0.488632421356894,-0.346814204064096,"CT",1,25
"Weekly",0.05,"SameTimestamp",1000,"Daily","LogLik_ct",931.051594047768,NA,NA,NA,"CT",1,25
"Weekly",0.05,"SameTimestamp",1000,"Daily","AIC_ct",935.051594047768,NA,NA,NA,"CT",1,25
"Weekly",0.05,"SameTimestamp",1000,"Daily","BIC_ct",944.867104605732,NA,NA,NA,"CT",1,25
"Weekly",0.05,"SameTimestamp",1000,"Daily","error_var_dt",0.148471306017525,0.00664200898454655,0.135437432211949,0.161505179823101,"DT",1,25
"Weekly",0.05,"SameTimestamp",1000,"Daily","beta_dt",0.658544395924047,0.0237965683682426,0.611847459825487,0.705241332022607,"DT",1,25
"Weekly",0.05,"SameTimestamp",1000,"Daily","LogLik_dt",931.051594047779,NA,NA,NA,"DT",1,25
"Weekly",0.05,"SameTimestamp",1000,"Daily","AIC_dt",935.051594047779,NA,NA,NA,"DT",1,25
"Weekly",0.05,"SameTimestamp",1000,"Daily","BIC_dt",944.867104605743,NA,NA,NA,"DT",1,25
"Weekly",0.05,"SameTimestamp",1000,"Weekly","error_var_ct",1.404174677885,0.263905194642869,0.886303200804194,1.9220461549658,"CT",1,25
"Weekly",0.05,"SameTimestamp",1000,"Weekly","beta_ct",-2.80902682905709,0.523516898913282,-3.83634449926767,-1.78170915884651,"CT",1,25
"Weekly",0.05,"SameTimestamp",1000,"Weekly","LogLik_ct",1447.70681277822,NA,NA,NA,"CT",1,25
"Weekly",0.05,"SameTimestamp",1000,"Weekly","AIC_ct",1451.70681277822,NA,NA,NA,"CT",1,25
"Weekly",0.05,"SameTimestamp",1000,"Weekly","BIC_ct",1461.52232333618,NA,NA,NA,"CT",1,25
"Weekly",0.05,"SameTimestamp",1000,"Weekly","error_var_dt",0.249032025098196,0.0111371099365528,0.227177239022238,0.270886811174154,"DT",1,25
"Weekly",0.05,"SameTimestamp",1000,"Weekly","beta_dt",0.0602636981207174,0.031575265560505,-0.00169767947613372,0.122225075717569,"DT",1,25
"Weekly",0.05,"SameTimestamp",1000,"Weekly","LogLik_dt",1447.70681277824,NA,NA,NA,"DT",1,25
"Weekly",0.05,"SameTimestamp",1000,"Weekly","AIC_dt",1451.70681277824,NA,NA,NA,"DT",1,25
"Weekly",0.05,"SameTimestamp",1000,"Weekly","BIC_dt",1461.5223233362,NA,NA,NA,"DT",1,25
"Weekly",0.05,"SameTimestamp",1000,"Monthly","error_var_ct",10.7856172060921,37.2164584924875,-62.24569374367,83.8169281558542,"CT",1,25
"Weekly",0.05,"SameTimestamp",1000,"Monthly","beta_ct",-21.940201560293,75.7057726889205,-170.500597951922,126.620194831336,"CT",1,25
"Weekly",0.05,"SameTimestamp",1000,"Monthly","LogLik_ct",1434.62162028425,NA,NA,NA,"CT",1,25
"Weekly",0.05,"SameTimestamp",1000,"Monthly","AIC_ct",1438.62162028425,NA,NA,NA,"CT",1,25
"Weekly",0.05,"SameTimestamp",1000,"Monthly","BIC_ct",1448.43713084221,NA,NA,NA,"CT",1,25
"Weekly",0.05,"SameTimestamp",1000,"Monthly","error_var_dt",0.24579153597367,0.0109921334082373,0.224221243005028,0.267361828942311,"DT",1,25
"Weekly",0.05,"SameTimestamp",1000,"Monthly","beta_dt",-0.00400850733604361,0.0316247087235646,-0.0660669091840463,0.0580498945119591,"DT",1,25
"Weekly",0.05,"SameTimestamp",1000,"Monthly","LogLik_dt",1434.60555426108,NA,NA,NA,"DT",1,25
"Weekly",0.05,"SameTimestamp",1000,"Monthly","AIC_dt",1438.60555426108,NA,NA,NA,"DT",1,25
"Weekly",0.05,"SameTimestamp",1000,"Monthly","BIC_dt",1448.42106481904,NA,NA,NA,"DT",1,25
"Weekly",0.05,"SameTimestamp",1000,"Daily","error_var_ct",0.196613114983024,0.0105823110919285,0.17584703236187,0.217379197604179,"CT",1,26
"Weekly",0.05,"SameTimestamp",1000,"Daily","beta_ct",-0.389659215428393,0.0343403599063672,-0.457046645722302,-0.322271785134484,"CT",1,26
"Weekly",0.05,"SameTimestamp",1000,"Daily","LogLik_ct",847.09707357615,NA,NA,NA,"CT",1,26
"Weekly",0.05,"SameTimestamp",1000,"Daily","AIC_ct",851.09707357615,NA,NA,NA,"CT",1,26
"Weekly",0.05,"SameTimestamp",1000,"Daily","BIC_ct",860.912584134114,NA,NA,NA,"CT",1,26
"Weekly",0.05,"SameTimestamp",1000,"Daily","error_var_dt",0.136559120955407,0.00610796066646146,0.124573231035459,0.148545010875355,"DT",1,26
"Weekly",0.05,"SameTimestamp",1000,"Daily","beta_dt",0.67728766571439,0.0232582845093504,0.631647025068713,0.722928306360068,"DT",1,26
"Weekly",0.05,"SameTimestamp",1000,"Daily","LogLik_dt",847.097073576153,NA,NA,NA,"DT",1,26
"Weekly",0.05,"SameTimestamp",1000,"Daily","AIC_dt",851.097073576153,NA,NA,NA,"DT",1,26
"Weekly",0.05,"SameTimestamp",1000,"Daily","BIC_dt",860.912584134118,NA,NA,NA,"DT",1,26
"Weekly",0.05,"SameTimestamp",1000,"Weekly","error_var_ct",1.61029983114054,0.353988546690563,0.915654271804705,2.30494539047638,"CT",1,26
"Weekly",0.05,"SameTimestamp",1000,"Weekly","beta_ct",-3.04426919270303,0.664387456598052,-4.34802266359625,-1.74051572180981,"CT",1,26
"Weekly",0.05,"SameTimestamp",1000,"Weekly","LogLik_ct",1505.61836966738,NA,NA,NA,"CT",1,26
"Weekly",0.05,"SameTimestamp",1000,"Weekly","AIC_ct",1509.61836966738,NA,NA,NA,"CT",1,26
"Weekly",0.05,"SameTimestamp",1000,"Weekly","BIC_ct",1519.43388022534,NA,NA,NA,"CT",1,26
"Weekly",0.05,"SameTimestamp",1000,"Weekly","error_var_dt",0.263880485545829,0.0118010965106708,0.240722732666335,0.287038238425322,"DT",1,26
"Weekly",0.05,"SameTimestamp",1000,"Weekly","beta_dt",0.0476310703365872,0.0316035134316568,-0.0143857391617752,0.10964787983495,"DT",1,26
"Weekly",0.05,"SameTimestamp",1000,"Weekly","LogLik_dt",1505.61836966738,NA,NA,NA,"DT",1,26
"Weekly",0.05,"SameTimestamp",1000,"Weekly","AIC_dt",1509.61836966738,NA,NA,NA,"DT",1,26
"Weekly",0.05,"SameTimestamp",1000,"Weekly","BIC_dt",1519.43388022534,NA,NA,NA,"DT",1,26
"Weekly",0.05,"SameTimestamp",1000,"Monthly","error_var_ct",12.205783422851,82.8861885096349,-150.44502355035,174.856590396052,"CT",1,26
"Weekly",0.05,"SameTimestamp",1000,"Monthly","beta_ct",-24.6713156354511,167.537617349603,-353.436929669118,304.094298398216,"CT",1,26
"Weekly",0.05,"SameTimestamp",1000,"Monthly","LogLik_ct",1440.99641399142,NA,NA,NA,"CT",1,26
"Weekly",0.05,"SameTimestamp",1000,"Monthly","AIC_ct",1444.99641399142,NA,NA,NA,"CT",1,26
"Weekly",0.05,"SameTimestamp",1000,"Monthly","BIC_ct",1454.81192454938,NA,NA,NA,"CT",1,26
"Weekly",0.05,"SameTimestamp",1000,"Monthly","error_var_dt",0.247210182773622,0.0110555762784116,0.225515393381438,0.268904972165807,"DT",1,26
"Weekly",0.05,"SameTimestamp",1000,"Monthly","beta_dt",-0.0251981773028871,0.0315994996446092,-0.0872071103900639,0.0368107557842898,"DT",1,26
"Weekly",0.05,"SameTimestamp",1000,"Monthly","LogLik_dt",1440.36071623263,NA,NA,NA,"DT",1,26
"Weekly",0.05,"SameTimestamp",1000,"Monthly","AIC_dt",1444.36071623263,NA,NA,NA,"DT",1,26
"Weekly",0.05,"SameTimestamp",1000,"Monthly","BIC_dt",1454.17622679059,NA,NA,NA,"DT",1,26
"Weekly",0.05,"SameTimestamp",1000,"Daily","error_var_ct",0.215885347158945,0.0118750762991074,0.192582420849411,0.239188273468479,"CT",1,27
"Weekly",0.05,"SameTimestamp",1000,"Daily","beta_ct",-0.4375136461099,0.0373928254411002,-0.510891048815491,-0.364136243404309,"CT",1,27
"Weekly",0.05,"SameTimestamp",1000,"Daily","LogLik_ct",899.182448518432,NA,NA,NA,"CT",1,27
"Weekly",0.05,"SameTimestamp",1000,"Daily","AIC_ct",903.182448518432,NA,NA,NA,"CT",1,27
"Weekly",0.05,"SameTimestamp",1000,"Daily","BIC_ct",912.997959076397,NA,NA,NA,"CT",1,27
"Weekly",0.05,"SameTimestamp",1000,"Daily","error_var_dt",0.143873663068735,0.00643479350943883,0.131246416288115,0.156500909849354,"DT",1,27
"Weekly",0.05,"SameTimestamp",1000,"Daily","beta_dt",0.645639689391981,0.0241423824334946,0.598264148838477,0.693015229945484,"DT",1,27
"Weekly",0.05,"SameTimestamp",1000,"Daily","LogLik_dt",899.182448518445,NA,NA,NA,"DT",1,27
"Weekly",0.05,"SameTimestamp",1000,"Daily","AIC_dt",903.182448518445,NA,NA,NA,"DT",1,27
"Weekly",0.05,"SameTimestamp",1000,"Daily","BIC_dt",912.997959076409,NA,NA,NA,"DT",1,27
"Weekly",0.05,"SameTimestamp",1000,"Weekly","error_var_ct",1.39834533600765,0.266094280905119,0.876178129403134,1.92051254261217,"CT",1,27
"Weekly",0.05,"SameTimestamp",1000,"Weekly","beta_ct",-2.82744604464649,0.533554368034687,-3.8744606327866,-1.78043145650639,"CT",1,27
"Weekly",0.05,"SameTimestamp",1000,"Weekly","LogLik_ct",1437.13899403353,NA,NA,NA,"CT",1,27
"Weekly",0.05,"SameTimestamp",1000,"Weekly","AIC_ct",1441.13899403353,NA,NA,NA,"CT",1,27
"Weekly",0.05,"SameTimestamp",1000,"Weekly","BIC_ct",1450.95450459149,NA,NA,NA,"CT",1,27
"Weekly",0.05,"SameTimestamp",1000,"Weekly","error_var_dt",0.246415023177914,0.0110200084165277,0.224790029991126,0.268040016364702,"DT",1,27
"Weekly",0.05,"SameTimestamp",1000,"Weekly","beta_dt",0.0591637966931113,0.0315528494478724,-0.00275359288988058,0.121081186276103,"DT",1,27
"Weekly",0.05,"SameTimestamp",1000,"Weekly","LogLik_dt",1437.1389940335,NA,NA,NA,"DT",1,27
"Weekly",0.05,"SameTimestamp",1000,"Weekly","AIC_dt",1441.1389940335,NA,NA,NA,"DT",1,27
"Weekly",0.05,"SameTimestamp",1000,"Weekly","BIC_dt",1450.95450459147,NA,NA,NA,"DT",1,27
"Weekly",0.05,"SameTimestamp",1000,"Monthly","error_var_ct",8.805997157249,86.7398047789139,-161.406911623667,179.018905938165,"CT",1,27
"Weekly",0.05,"SameTimestamp",1000,"Monthly","beta_ct",-16.7980012076582,165.46381643248,-341.494114655801,307.898112240485,"CT",1,27
"Weekly",0.05,"SameTimestamp",1000,"Monthly","LogLik_ct",1498.90629454596,NA,NA,NA,"CT",1,27
"Weekly",0.05,"SameTimestamp",1000,"Monthly","AIC_ct",1502.90629454596,NA,NA,NA,"CT",1,27
"Weekly",0.05,"SameTimestamp",1000,"Monthly","BIC_ct",1512.72180510392,NA,NA,NA,"CT",1,27
"Weekly",0.05,"SameTimestamp",1000,"Monthly","error_var_dt",0.262107556180994,0.0117217798593245,0.239105449466197,0.28510966289579,"DT",1,27
"Weekly",0.05,"SameTimestamp",1000,"Monthly","beta_dt",-0.00543510232621518,0.0316075171464032,-0.067459768470493,0.0565895638180626,"DT",1,27
"Weekly",0.05,"SameTimestamp",1000,"Monthly","LogLik_dt",1498.87672584422,NA,NA,NA,"DT",1,27
"Weekly",0.05,"SameTimestamp",1000,"Monthly","AIC_dt",1502.87672584422,NA,NA,NA,"DT",1,27
"Weekly",0.05,"SameTimestamp",1000,"Monthly","BIC_dt",1512.69223640219,NA,NA,NA,"DT",1,27
"Weekly",0.05,"SameTimestamp",1000,"Daily","error_var_ct",0.213389540281467,0.0119496223756948,0.189940329292524,0.236838751270411,"CT",1,28
"Weekly",0.05,"SameTimestamp",1000,"Daily","beta_ct",-0.476976190201362,0.0399379001072421,-0.555347892387944,-0.398604488014779,"CT",1,28
"Weekly",0.05,"SameTimestamp",1000,"Daily","LogLik_ct",854.062649863453,NA,NA,NA,"CT",1,28
"Weekly",0.05,"SameTimestamp",1000,"Daily","AIC_ct",858.062649863453,NA,NA,NA,"CT",1,28
"Weekly",0.05,"SameTimestamp",1000,"Daily","BIC_ct",867.878160421417,NA,NA,NA,"CT",1,28
"Weekly",0.05,"SameTimestamp",1000,"Daily","error_var_dt",0.137521103809901,0.00615081472166345,0.125451119702659,0.149591087917144,"DT",1,28
"Weekly",0.05,"SameTimestamp",1000,"Daily","beta_dt",0.620657323770002,0.02478759575036,0.572015655909344,0.66929899163066,"DT",1,28
"Weekly",0.05,"SameTimestamp",1000,"Daily","LogLik_dt",854.062649863453,NA,NA,NA,"DT",1,28
"Weekly",0.05,"SameTimestamp",1000,"Daily","AIC_dt",858.062649863453,NA,NA,NA,"DT",1,28
"Weekly",0.05,"SameTimestamp",1000,"Daily","BIC_dt",867.878160421417,NA,NA,NA,"DT",1,28
"Weekly",0.05,"SameTimestamp",1000,"Weekly","error_var_ct",1.22635408151429,0.211309937535203,0.81169233292197,1.6410158301066,"CT",1,28
"Weekly",0.05,"SameTimestamp",1000,"Weekly","beta_ct",-2.66992092332688,0.456013433242299,-3.56477390476007,-1.7750679418937,"CT",1,28
"Weekly",0.05,"SameTimestamp",1000,"Weekly","LogLik_ct",1361.91904169904,NA,NA,NA,"CT",1,28
"Weekly",0.05,"SameTimestamp",1000,"Weekly","AIC_ct",1365.91904169904,NA,NA,NA,"CT",1,28
"Weekly",0.05,"SameTimestamp",1000,"Weekly","BIC_ct",1375.734552257,NA,NA,NA,"CT",1,28
"Weekly",0.05,"SameTimestamp",1000,"Weekly","error_var_dt",0.228559535205047,0.0102214931594064,0.208501499713944,0.24861757069615,"DT",1,28
"Weekly",0.05,"SameTimestamp",1000,"Weekly","beta_dt",0.06925772934091,0.0315681832735458,0.00731024959254058,0.131205209089279,"DT",1,28
"Weekly",0.05,"SameTimestamp",1000,"Weekly","LogLik_dt",1361.91904169904,NA,NA,NA,"DT",1,28
"Weekly",0.05,"SameTimestamp",1000,"Weekly","AIC_dt",1365.91904169904,NA,NA,NA,"DT",1,28
"Weekly",0.05,"SameTimestamp",1000,"Weekly","BIC_dt",1375.734552257,NA,NA,NA,"DT",1,28
"Weekly",0.05,"SameTimestamp",1000,"Monthly","error_var_ct",9.506408925267,54.9401252513738,-98.3047459610016,117.317563811536,"CT",1,28
"Weekly",0.05,"SameTimestamp",1000,"Monthly","beta_ct",-19.3927612372065,112.07473307173,-239.32138991705,200.535867442637,"CT",1,28
"Weekly",0.05,"SameTimestamp",1000,"Monthly","LogLik_ct",1431.79358250412,NA,NA,NA,"CT",1,28
"Weekly",0.05,"SameTimestamp",1000,"Monthly","AIC_ct",1435.79358250412,NA,NA,NA,"CT",1,28
"Weekly",0.05,"SameTimestamp",1000,"Monthly","BIC_ct",1445.60909306208,NA,NA,NA,"CT",1,28
"Weekly",0.05,"SameTimestamp",1000,"Monthly","error_var_dt",0.245069614527156,0.0109598412083384,0.223562689804382,0.26657653924993,"DT",1,28
"Weekly",0.05,"SameTimestamp",1000,"Monthly","beta_dt",-0.0113786137976581,0.0316193791481883,-0.0734265572116156,0.0506693296162994,"DT",1,28
"Weekly",0.05,"SameTimestamp",1000,"Monthly","LogLik_dt",1431.66409272942,NA,NA,NA,"DT",1,28
"Weekly",0.05,"SameTimestamp",1000,"Monthly","AIC_dt",1435.66409272942,NA,NA,NA,"DT",1,28
"Weekly",0.05,"SameTimestamp",1000,"Monthly","BIC_dt",1445.47960328739,NA,NA,NA,"DT",1,28
"Weekly",0.05,"SameTimestamp",1000,"Daily","error_var_ct",0.197492161020311,0.010588401738587,0.176714126485191,0.218270195555431,"CT",1,29
"Weekly",0.05,"SameTimestamp",1000,"Daily","beta_ct",-0.380923236354079,0.0338000270827432,-0.447250350431537,-0.314596122276621,"CT",1,29
"Weekly",0.05,"SameTimestamp",1000,"Daily","LogLik_ct",859.154112200025,NA,NA,NA,"CT",1,29
"Weekly",0.05,"SameTimestamp",1000,"Daily","AIC_ct",863.154112200025,NA,NA,NA,"CT",1,29
"Weekly",0.05,"SameTimestamp",1000,"Daily","BIC_ct",872.969622757989,NA,NA,NA,"CT",1,29
"Weekly",0.05,"SameTimestamp",1000,"Daily","error_var_dt",0.138219587485815,0.00618213272000808,0.126088146846487,0.150351028125142,"DT",1,29
"Weekly",0.05,"SameTimestamp",1000,"Daily","beta_dt",0.683230348048708,0.0230933238918614,0.637913416069526,0.72854728002789,"DT",1,29
"Weekly",0.05,"SameTimestamp",1000,"Daily","LogLik_dt",859.154112200034,NA,NA,NA,"DT",1,29
"Weekly",0.05,"SameTimestamp",1000,"Daily","AIC_dt",863.154112200034,NA,NA,NA,"DT",1,29
"Weekly",0.05,"SameTimestamp",1000,"Daily","BIC_dt",872.969622757998,NA,NA,NA,"DT",1,29
"Weekly",0.05,"SameTimestamp",1000,"Weekly","error_var_ct",10.2590760856012,68.9130208629767,-124.971637931624,145.489790102826,"CT",1,29
"Weekly",0.05,"SameTimestamp",1000,"Weekly","beta_ct",-21.2528124950959,142.762327435914,-301.400906892325,258.895281902134,"CT",1,29
"Weekly",0.05,"SameTimestamp",1000,"Weekly","LogLik_ct",1416.40673716704,NA,NA,NA,"CT",1,29
"Weekly",0.05,"SameTimestamp",1000,"Weekly","AIC_ct",1420.40673716704,NA,NA,NA,"CT",1,29
"Weekly",0.05,"SameTimestamp",1000,"Weekly","BIC_ct",1430.222247725,NA,NA,NA,"CT",1,29
"Weekly",0.05,"SameTimestamp",1000,"Weekly","error_var_dt",0.241201725821552,0.0107868722527235,0.220034224840151,0.262369226802953,"DT",1,29
"Weekly",0.05,"SameTimestamp",1000,"Weekly","beta_dt",-0.0255313647233279,0.0316315751955746,-0.0876032409177031,0.0365405114710473,"DT",1,29
"Weekly",0.05,"SameTimestamp",1000,"Weekly","LogLik_dt",1415.7554614306,NA,NA,NA,"DT",1,29
"Weekly",0.05,"SameTimestamp",1000,"Weekly","AIC_dt",1419.7554614306,NA,NA,NA,"DT",1,29
"Weekly",0.05,"SameTimestamp",1000,"Weekly","BIC_dt",1429.57097198857,NA,NA,NA,"DT",1,29
"Weekly",0.05,"SameTimestamp",1000,"Monthly","error_var_ct",11.100261174726,187.794420545826,-357.416069423498,379.61659177295,"CT",1,29
"Weekly",0.05,"SameTimestamp",1000,"Monthly","beta_ct",-21.7906006935769,368.653676975565,-745.214118313082,701.632916925928,"CT",1,29
"Weekly",0.05,"SameTimestamp",1000,"Monthly","LogLik_ct",1470.22176973175,NA,NA,NA,"CT",1,29
"Weekly",0.05,"SameTimestamp",1000,"Monthly","AIC_ct",1474.22176973175,NA,NA,NA,"CT",1,29
"Weekly",0.05,"SameTimestamp",1000,"Monthly","BIC_ct",1484.03728028971,NA,NA,NA,"CT",1,29
"Weekly",0.05,"SameTimestamp",1000,"Monthly","error_var_dt",0.254202634228028,0.0113682955158162,0.231894183654958,0.276511084801097,"DT",1,29
"Weekly",0.05,"SameTimestamp",1000,"Monthly","beta_dt",-0.0443401855156868,0.0315905265133705,-0.106331510276756,0.0176511392453829,"DT",1,29
"Weekly",0.05,"SameTimestamp",1000,"Monthly","LogLik_dt",1468.25364628939,NA,NA,NA,"DT",1,29
"Weekly",0.05,"SameTimestamp",1000,"Monthly","AIC_dt",1472.25364628939,NA,NA,NA,"DT",1,29
"Weekly",0.05,"SameTimestamp",1000,"Monthly","BIC_dt",1482.06915684735,NA,NA,NA,"DT",1,29
"Weekly",0.05,"SameTimestamp",1000,"Daily","error_var_ct",0.223501380710463,0.0124832032112572,0.199005103195116,0.247997658225811,"CT",1,30
"Weekly",0.05,"SameTimestamp",1000,"Daily","beta_ct",-0.470698168517045,0.039557791984324,-0.548323969679086,-0.393072367355005,"CT",1,30
"Weekly",0.05,"SameTimestamp",1000,"Daily","LogLik_ct",905.629769182852,NA,NA,NA,"CT",1,30
"Weekly",0.05,"SameTimestamp",1000,"Daily","AIC_ct",909.629769182852,NA,NA,NA,"CT",1,30
"Weekly",0.05,"SameTimestamp",1000,"Daily","BIC_ct",919.445279740816,NA,NA,NA,"CT",1,30
"Weekly",0.05,"SameTimestamp",1000,"Daily","error_var_dt",0.144803347353437,0.00647640154379286,0.132094451500928,0.157512243205946,"DT",1,30
"Weekly",0.05,"SameTimestamp",1000,"Daily","beta_dt",0.62456606668622,0.0247065690218007,0.576083400741605,0.673048732630834,"DT",1,30
"Weekly",0.05,"SameTimestamp",1000,"Daily","LogLik_dt",905.629769182853,NA,NA,NA,"DT",1,30
"Weekly",0.05,"SameTimestamp",1000,"Daily","AIC_dt",909.629769182853,NA,NA,NA,"DT",1,30
"Weekly",0.05,"SameTimestamp",1000,"Daily","BIC_dt",919.445279740818,NA,NA,NA,"DT",1,30
"Weekly",0.05,"SameTimestamp",1000,"Weekly","error_var_ct",1.72048818089168,0.47260582988044,0.793075291090898,2.64790107069247,"CT",1,30
"Weekly",0.05,"SameTimestamp",1000,"Weekly","beta_ct",-3.37080222935015,0.920885573217399,-5.17789197864388,-1.56371248005642,"CT",1,30
"Weekly",0.05,"SameTimestamp",1000,"Weekly","LogLik_ct",1471.0058002973,NA,NA,NA,"CT",1,30
"Weekly",0.05,"SameTimestamp",1000,"Weekly","AIC_ct",1475.0058002973,NA,NA,NA,"CT",1,30
"Weekly",0.05,"SameTimestamp",1000,"Weekly","BIC_ct",1484.82131085526,NA,NA,NA,"CT",1,30
"Weekly",0.05,"SameTimestamp",1000,"Weekly","error_var_dt",0.254903209442771,0.0113996245113147,0.232533280757472,0.277273138128071,"DT",1,30
"Weekly",0.05,"SameTimestamp",1000,"Weekly","beta_dt",0.0343620123854606,0.0315921914396056,-0.027632579525427,0.0963566042963483,"DT",1,30
"Weekly",0.05,"SameTimestamp",1000,"Weekly","LogLik_dt",1471.0058002973,NA,NA,NA,"DT",1,30
"Weekly",0.05,"SameTimestamp",1000,"Weekly","AIC_dt",1475.0058002973,NA,NA,NA,"DT",1,30
"Weekly",0.05,"SameTimestamp",1000,"Weekly","BIC_dt",1484.82131085527,NA,NA,NA,"DT",1,30
"Weekly",0.05,"SameTimestamp",1000,"Monthly","error_var_ct",1.70827861720614,0.505982253029364,0.715369867882021,2.70118736653025,"CT",1,30
"Weekly",0.05,"SameTimestamp",1000,"Monthly","beta_ct",-3.47244858067147,1.02355657741184,-5.48101365396363,-1.4638835073793,"CT",1,30
"Weekly",0.05,"SameTimestamp",1000,"Monthly","LogLik_ct",1434.39211457835,NA,NA,NA,"CT",1,30
"Weekly",0.05,"SameTimestamp",1000,"Monthly","AIC_ct",1438.39211457835,NA,NA,NA,"CT",1,30
"Weekly",0.05,"SameTimestamp",1000,"Monthly","BIC_ct",1448.20762513631,NA,NA,NA,"CT",1,30
"Weekly",0.05,"SameTimestamp",1000,"Monthly","error_var_dt",0.245739070459458,0.0109898058111259,0.224173345025592,0.267304795893323,"DT",1,30
"Weekly",0.05,"SameTimestamp",1000,"Monthly","beta_dt",0.031040867784699,0.0317257466171771,-0.0312158046705838,0.0932975402399817,"DT",1,30
"Weekly",0.05,"SameTimestamp",1000,"Monthly","LogLik_dt",1434.39211457834,NA,NA,NA,"DT",1,30
"Weekly",0.05,"SameTimestamp",1000,"Monthly","AIC_dt",1438.39211457834,NA,NA,NA,"DT",1,30
"Weekly",0.05,"SameTimestamp",1000,"Monthly","BIC_dt",1448.20762513631,NA,NA,NA,"DT",1,30
"Weekly",0.05,"SameTimestamp",1000,"Daily","error_var_ct",0.227835103141647,0.0124081968750223,0.203486013491203,0.252184192792091,"CT",1,31
"Weekly",0.05,"SameTimestamp",1000,"Daily","beta_ct",-0.415572210952544,0.0359924618897877,-0.48620162553403,-0.344942796371059,"CT",1,31
"Weekly",0.05,"SameTimestamp",1000,"Daily","LogLik_ct",971.914368545053,NA,NA,NA,"CT",1,31
"Weekly",0.05,"SameTimestamp",1000,"Daily","AIC_ct",975.914368545053,NA,NA,NA,"CT",1,31
"Weekly",0.05,"SameTimestamp",1000,"Daily","BIC_ct",985.729879103017,NA,NA,NA,"CT",1,31
"Weekly",0.05,"SameTimestamp",1000,"Daily","error_var_dt",0.154728102563733,0.00692025720393559,0.14114821140308,0.168307993724387,"DT",1,31
"Weekly",0.05,"SameTimestamp",1000,"Daily","beta_dt",0.65996253212014,0.0237535996781929,0.613349915161316,0.706575149078964,"DT",1,31
"Weekly",0.05,"SameTimestamp",1000,"Daily","LogLik_dt",971.914368545055,NA,NA,NA,"DT",1,31
"Weekly",0.05,"SameTimestamp",1000,"Daily","AIC_dt",975.914368545055,NA,NA,NA,"DT",1,31
"Weekly",0.05,"SameTimestamp",1000,"Daily","BIC_dt",985.729879103019,NA,NA,NA,"DT",1,31
"Weekly",0.05,"SameTimestamp",1000,"Weekly","error_var_ct",1.35322339459704,0.218053665740952,0.925328164596113,1.78111862459797,"CT",1,31
"Weekly",0.05,"SameTimestamp",1000,"Weekly","beta_ct",-2.56381681932289,0.409397858295927,-3.36719423626362,-1.76043940238216,"CT",1,31
"Weekly",0.05,"SameTimestamp",1000,"Weekly","LogLik_ct",1499.7740201584,NA,NA,NA,"CT",1,31
"Weekly",0.05,"SameTimestamp",1000,"Weekly","AIC_ct",1503.7740201584,NA,NA,NA,"CT",1,31
"Weekly",0.05,"SameTimestamp",1000,"Weekly","BIC_ct",1513.58953071637,NA,NA,NA,"CT",1,31
"Weekly",0.05,"SameTimestamp",1000,"Weekly","error_var_dt",0.262342835824807,0.0117323092402761,0.239320066894273,0.285365604755342,"DT",1,31
"Weekly",0.05,"SameTimestamp",1000,"Weekly","beta_dt",0.0770102149568297,0.0315144926833055,0.0151680943519615,0.138852335561698,"DT",1,31
"Weekly",0.05,"SameTimestamp",1000,"Weekly","LogLik_dt",1499.7740201584,NA,NA,NA,"DT",1,31
"Weekly",0.05,"SameTimestamp",1000,"Weekly","AIC_dt",1503.7740201584,NA,NA,NA,"DT",1,31
"Weekly",0.05,"SameTimestamp",1000,"Weekly","BIC_dt",1513.58953071636,NA,NA,NA,"DT",1,31
"Weekly",0.05,"SameTimestamp",1000,"Monthly","error_var_ct",10.2225952329332,40.4675922648209,-69.1885425752733,89.6337330411396,"CT",1,31
"Weekly",0.05,"SameTimestamp",1000,"Monthly","beta_ct",-21.3681993000292,84.5899482881624,-187.362360670975,144.625962070917,"CT",1,31
"Weekly",0.05,"SameTimestamp",1000,"Monthly","LogLik_ct",1407.4303773969,NA,NA,NA,"CT",1,31
"Weekly",0.05,"SameTimestamp",1000,"Monthly","AIC_ct",1411.4303773969,NA,NA,NA,"CT",1,31
"Weekly",0.05,"SameTimestamp",1000,"Monthly","BIC_ct",1421.24588795486,NA,NA,NA,"CT",1,31
"Weekly",0.05,"SameTimestamp",1000,"Monthly","error_var_dt",0.23902829886224,0.0106896725657029,0.218051536625323,0.260005061099156,"DT",1,31
"Weekly",0.05,"SameTimestamp",1000,"Monthly","beta_dt",-0.0269512598672993,0.0316116808551995,-0.0889840966200694,0.0350815768854707,"DT",1,31
"Weekly",0.05,"SameTimestamp",1000,"Monthly","LogLik_dt",1406.70374480506,NA,NA,NA,"DT",1,31
"Weekly",0.05,"SameTimestamp",1000,"Monthly","AIC_dt",1410.70374480506,NA,NA,NA,"DT",1,31
"Weekly",0.05,"SameTimestamp",1000,"Monthly","BIC_dt",1420.51925536302,NA,NA,NA,"DT",1,31
"Weekly",0.05,"SameTimestamp",1000,"Daily","error_var_ct",0.205527860127499,0.0113209347141549,0.183312347506428,0.227743372748569,"CT",1,32
"Weekly",0.05,"SameTimestamp",1000,"Daily","beta_ct",-0.439669854498324,0.0375698179290019,-0.513394576479937,-0.365945132516711,"CT",1,32
"Weekly",0.05,"SameTimestamp",1000,"Daily","LogLik_ct",848.259008566395,NA,NA,NA,"CT",1,32
"Weekly",0.05,"SameTimestamp",1000,"Daily","AIC_ct",852.259008566395,NA,NA,NA,"CT",1,32
"Weekly",0.05,"SameTimestamp",1000,"Daily","BIC_ct",862.07451912436,NA,NA,NA,"CT",1,32
"Weekly",0.05,"SameTimestamp",1000,"Daily","error_var_dt",0.136718633380664,0.00611508853425485,0.124718756167182,0.148718510594146,"DT",1,32
"Weekly",0.05,"SameTimestamp",1000,"Daily","beta_dt",0.644249082272367,0.0242045356508277,0.596751576031492,0.691746588513243,"DT",1,32
"Weekly",0.05,"SameTimestamp",1000,"Daily","LogLik_dt",848.259008566405,NA,NA,NA,"DT",1,32
"Weekly",0.05,"SameTimestamp",1000,"Daily","AIC_dt",852.259008566405,NA,NA,NA,"DT",1,32
"Weekly",0.05,"SameTimestamp",1000,"Daily","BIC_dt",862.074519124369,NA,NA,NA,"DT",1,32
"Weekly",0.05,"SameTimestamp",1000,"Weekly","error_var_ct",1.69604879101299,0.560682076544744,0.595800440290333,2.79629714173564,"CT",1,32
"Weekly",0.05,"SameTimestamp",1000,"Weekly","beta_ct",-3.63450296085033,1.19653071428527,-5.98250194290146,-1.2865039787992,"CT",1,32
"Weekly",0.05,"SameTimestamp",1000,"Weekly","LogLik_ct",1381.86195423236,NA,NA,NA,"CT",1,32
"Weekly",0.05,"SameTimestamp",1000,"Weekly","AIC_ct",1385.86195423236,NA,NA,NA,"CT",1,32
"Weekly",0.05,"SameTimestamp",1000,"Weekly","BIC_ct",1395.67746479032,NA,NA,NA,"CT",1,32
"Weekly",0.05,"SameTimestamp",1000,"Weekly","error_var_dt",0.233163524547079,0.0104273750857803,0.212701478905817,0.253625570188341,"DT",1,32
"Weekly",0.05,"SameTimestamp",1000,"Weekly","beta_dt",0.0263970471259815,0.0316155494264023,-0.0356433810752465,0.0884374753272096,"DT",1,32
"Weekly",0.05,"SameTimestamp",1000,"Weekly","LogLik_dt",1381.86195423236,NA,NA,NA,"DT",1,32
"Weekly",0.05,"SameTimestamp",1000,"Weekly","AIC_dt",1385.86195423236,NA,NA,NA,"DT",1,32
"Weekly",0.05,"SameTimestamp",1000,"Weekly","BIC_dt",1395.67746479032,NA,NA,NA,"DT",1,32
"Weekly",0.05,"SameTimestamp",1000,"Monthly","error_var_ct",2.03818988888392,1.03325067823374,0.0106017026954661,4.06577807507238,"CT",1,32
"Weekly",0.05,"SameTimestamp",1000,"Monthly","beta_ct",-4.21156489063928,2.13067719572803,-8.39267602044202,-0.0304537608365525,"CT",1,32
"Weekly",0.05,"SameTimestamp",1000,"Monthly","LogLik_ct",1418.7379963474,NA,NA,NA,"CT",1,32
"Weekly",0.05,"SameTimestamp",1000,"Monthly","AIC_ct",1422.7379963474,NA,NA,NA,"CT",1,32
"Weekly",0.05,"SameTimestamp",1000,"Monthly","BIC_ct",1432.55350690537,NA,NA,NA,"CT",1,32
"Weekly",0.05,"SameTimestamp",1000,"Monthly","error_var_dt",0.241922197113223,0.0108190971177123,0.22069146001988,0.263152934206566,"DT",1,32
"Weekly",0.05,"SameTimestamp",1000,"Monthly","beta_dt",0.0148231335744146,0.0316111167502443,-0.047208596213156,0.0768548633619853,"DT",1,32
"Weekly",0.05,"SameTimestamp",1000,"Monthly","LogLik_dt",1418.73799634741,NA,NA,NA,"DT",1,32
"Weekly",0.05,"SameTimestamp",1000,"Monthly","AIC_dt",1422.73799634741,NA,NA,NA,"DT",1,32
"Weekly",0.05,"SameTimestamp",1000,"Monthly","BIC_dt",1432.55350690537,NA,NA,NA,"DT",1,32
"Weekly",0.05,"SameTimestamp",1000,"Daily","error_var_ct",0.193559375307508,0.0103412946282156,0.17326624871222,0.213852501902795,"CT",1,33
"Weekly",0.05,"SameTimestamp",1000,"Daily","beta_ct",-0.373207604445976,0.0332779455494627,-0.4385102175273,-0.307904991364652,"CT",1,33
"Weekly",0.05,"SameTimestamp",1000,"Daily","LogLik_ct",846.560503698643,NA,NA,NA,"CT",1,33
"Weekly",0.05,"SameTimestamp",1000,"Daily","AIC_ct",850.560503698643,NA,NA,NA,"CT",1,33
"Weekly",0.05,"SameTimestamp",1000,"Daily","BIC_ct",860.376014256607,NA,NA,NA,"CT",1,33
"Weekly",0.05,"SameTimestamp",1000,"Daily","error_var_dt",0.136385285205837,0.00610259121510072,0.124409931970137,0.148360638441537,"DT",1,33
"Weekly",0.05,"SameTimestamp",1000,"Daily","beta_dt",0.688522277953248,0.0229124889130146,0.643560205520238,0.733484350386259,"DT",1,33
"Weekly",0.05,"SameTimestamp",1000,"Daily","LogLik_dt",846.560503698642,NA,NA,NA,"DT",1,33
"Weekly",0.05,"SameTimestamp",1000,"Daily","AIC_dt",850.560503698642,NA,NA,NA,"DT",1,33
"Weekly",0.05,"SameTimestamp",1000,"Daily","BIC_dt",860.376014256606,NA,NA,NA,"DT",1,33
"Weekly",0.05,"SameTimestamp",1000,"Weekly","error_var_ct",2.34722242038022,1.67663543009804,-0.942904808399361,5.63734964915979,"CT",1,33
"Weekly",0.05,"SameTimestamp",1000,"Weekly","beta_ct",-4.66101030433186,3.32568021835089,-11.1871225671331,1.86510195846938,"CT",1,33
"Weekly",0.05,"SameTimestamp",1000,"Weekly","LogLik_ct",1458.64126859682,NA,NA,NA,"CT",1,33
"Weekly",0.05,"SameTimestamp",1000,"Weekly","AIC_ct",1462.64126859682,NA,NA,NA,"CT",1,33
"Weekly",0.05,"SameTimestamp",1000,"Weekly","BIC_ct",1472.45677915478,NA,NA,NA,"CT",1,33
"Weekly",0.05,"SameTimestamp",1000,"Weekly","error_var_dt",0.251770850267724,0.0112595227117223,0.229675848819059,0.27386585171639,"DT",1,33
"Weekly",0.05,"SameTimestamp",1000,"Weekly","beta_dt",0.00945696390573231,0.031632531699358,-0.0526167892733982,0.0715307170848628,"DT",1,33
"Weekly",0.05,"SameTimestamp",1000,"Weekly","LogLik_dt",1458.64126859679,NA,NA,NA,"DT",1,33
"Weekly",0.05,"SameTimestamp",1000,"Weekly","AIC_dt",1462.64126859679,NA,NA,NA,"DT",1,33
"Weekly",0.05,"SameTimestamp",1000,"Weekly","BIC_dt",1472.45677915476,NA,NA,NA,"DT",1,33
"Weekly",0.05,"SameTimestamp",1000,"Monthly","error_var_ct",10.3598108593235,106.814549881351,-199.246554773732,219.966176492379,"CT",1,33
"Weekly",0.05,"SameTimestamp",1000,"Monthly","beta_ct",-20.5656791893908,212.044828874976,-436.669533777904,395.538175399122,"CT",1,33
"Weekly",0.05,"SameTimestamp",1000,"Monthly","LogLik_ct",1459.04435097963,NA,NA,NA,"CT",1,33
"Weekly",0.05,"SameTimestamp",1000,"Monthly","AIC_ct",1463.04435097963,NA,NA,NA,"CT",1,33
"Weekly",0.05,"SameTimestamp",1000,"Monthly","BIC_ct",1472.85986153759,NA,NA,NA,"CT",1,33
"Weekly",0.05,"SameTimestamp",1000,"Monthly","error_var_dt",0.251856613341297,0.0112633706529694,0.229754060927142,0.273959165755453,"DT",1,33
"Weekly",0.05,"SameTimestamp",1000,"Monthly","beta_dt",-0.00792793251582649,0.0316959584640717,-0.070126150514125,0.054270285482472,"DT",1,33
"Weekly",0.05,"SameTimestamp",1000,"Monthly","LogLik_dt",1458.98178991737,NA,NA,NA,"DT",1,33
"Weekly",0.05,"SameTimestamp",1000,"Monthly","AIC_dt",1462.98178991737,NA,NA,NA,"DT",1,33
"Weekly",0.05,"SameTimestamp",1000,"Monthly","BIC_dt",1472.79730047534,NA,NA,NA,"DT",1,33
"Weekly",0.05,"SameTimestamp",1000,"Daily","error_var_ct",0.208579101328777,0.0113548309961301,0.186297072708892,0.230861129948663,"CT",1,34
"Weekly",0.05,"SameTimestamp",1000,"Daily","beta_ct",-0.413310451369929,0.0359146752711329,-0.483787222229663,-0.342833680510195,"CT",1,34
"Weekly",0.05,"SameTimestamp",1000,"Daily","LogLik_ct",885.579918993619,NA,NA,NA,"CT",1,34
"Weekly",0.05,"SameTimestamp",1000,"Daily","AIC_ct",889.579918993619,NA,NA,NA,"CT",1,34
"Weekly",0.05,"SameTimestamp",1000,"Daily","BIC_ct",899.395429551583,NA,NA,NA,"CT",1,34
"Weekly",0.05,"SameTimestamp",1000,"Daily","error_var_dt",0.141927797050478,0.00634781752634638,0.129471226640574,0.154384367460382,"DT",1,34
"Weekly",0.05,"SameTimestamp",1000,"Daily","beta_dt",0.661456850942132,0.0237561144169685,0.614839299213131,0.708074402671133,"DT",1,34
"Weekly",0.05,"SameTimestamp",1000,"Daily","LogLik_dt",885.579918993623,NA,NA,NA,"DT",1,34
"Weekly",0.05,"SameTimestamp",1000,"Daily","AIC_dt",889.579918993623,NA,NA,NA,"DT",1,34
"Weekly",0.05,"SameTimestamp",1000,"Daily","BIC_dt",899.395429551588,NA,NA,NA,"DT",1,34
"Weekly",0.05,"SameTimestamp",1000,"Weekly","error_var_ct",1.2536003654831,0.197754894708245,0.8655382071724,1.6416625237938,"CT",1,34
"Weekly",0.05,"SameTimestamp",1000,"Weekly","beta_ct",-2.52897079879471,0.395362674433148,-3.30480642593492,-1.75313517165449,"CT",1,34
"Weekly",0.05,"SameTimestamp",1000,"Weekly","LogLik_ct",1436.55820658273,NA,NA,NA,"CT",1,34
"Weekly",0.05,"SameTimestamp",1000,"Weekly","AIC_ct",1440.55820658273,NA,NA,NA,"CT",1,34
"Weekly",0.05,"SameTimestamp",1000,"Weekly","BIC_ct",1450.37371714069,NA,NA,NA,"CT",1,34
"Weekly",0.05,"SameTimestamp",1000,"Weekly","error_var_dt",0.246271942050861,0.0110136314819312,0.224659462572047,0.267884421529674,"DT",1,34
"Weekly",0.05,"SameTimestamp",1000,"Weekly","beta_dt",0.0797411699749094,0.0315199618931273,0.0178883169258665,0.141594023023952,"DT",1,34
"Weekly",0.05,"SameTimestamp",1000,"Weekly","LogLik_dt",1436.55820658272,NA,NA,NA,"DT",1,34
"Weekly",0.05,"SameTimestamp",1000,"Weekly","AIC_dt",1440.55820658272,NA,NA,NA,"DT",1,34
"Weekly",0.05,"SameTimestamp",1000,"Weekly","BIC_dt",1450.37371714068,NA,NA,NA,"DT",1,34
"Weekly",0.05,"SameTimestamp",1000,"Monthly","error_var_ct",8.35350930452233,35.9213155812747,-62.1362920953116,78.8433107043563,"CT",1,34
"Weekly",0.05,"SameTimestamp",1000,"Monthly","beta_ct",-17.4482889598152,75.0316323135421,-164.685793346876,129.789215427246,"CT",1,34
"Weekly",0.05,"SameTimestamp",1000,"Monthly","LogLik_ct",1408.17312914191,NA,NA,NA,"CT",1,34
"Weekly",0.05,"SameTimestamp",1000,"Monthly","AIC_ct",1412.17312914191,NA,NA,NA,"CT",1,34
"Weekly",0.05,"SameTimestamp",1000,"Monthly","BIC_ct",1421.98863969987,NA,NA,NA,"CT",1,34
"Weekly",0.05,"SameTimestamp",1000,"Monthly","error_var_dt",0.23932311011093,0.0107028541466193,0.218320481142634,0.260325739079226,"DT",1,34
"Weekly",0.05,"SameTimestamp",1000,"Monthly","beta_dt",-0.0153881368203571,0.0316204166246799,-0.0774381161149795,0.0466618424742654,"DT",1,34
"Weekly",0.05,"SameTimestamp",1000,"Monthly","LogLik_dt",1407.93633202918,NA,NA,NA,"DT",1,34
"Weekly",0.05,"SameTimestamp",1000,"Monthly","AIC_dt",1411.93633202918,NA,NA,NA,"DT",1,34
"Weekly",0.05,"SameTimestamp",1000,"Monthly","BIC_dt",1421.75184258715,NA,NA,NA,"DT",1,34
"Weekly",0.05,"SameTimestamp",1000,"Daily","error_var_ct",0.226306736211482,0.0124780213843048,0.201820627197673,0.250792845225291,"CT",1,35
"Weekly",0.05,"SameTimestamp",1000,"Daily","beta_ct",-0.440287197984816,0.0376936128505841,-0.514254847579057,-0.366319548390574,"CT",1,35
"Weekly",0.05,"SameTimestamp",1000,"Daily","LogLik_ct",943.984912140244,NA,NA,NA,"CT",1,35
"Weekly",0.05,"SameTimestamp",1000,"Daily","AIC_ct",947.984912140244,NA,NA,NA,"CT",1,35
"Weekly",0.05,"SameTimestamp",1000,"Daily","BIC_ct",957.800422698208,NA,NA,NA,"CT",1,35
"Weekly",0.05,"SameTimestamp",1000,"Daily","error_var_dt",0.150461403692999,0.00672956085754505,0.137255723425439,0.163667083960559,"DT",1,35
"Weekly",0.05,"SameTimestamp",1000,"Daily","beta_dt",0.643851440425996,0.0242690761039318,0.5962272839317,0.691475596920292,"DT",1,35
"Weekly",0.05,"SameTimestamp",1000,"Daily","LogLik_dt",943.984912140238,NA,NA,NA,"DT",1,35
"Weekly",0.05,"SameTimestamp",1000,"Daily","AIC_dt",947.984912140238,NA,NA,NA,"DT",1,35
"Weekly",0.05,"SameTimestamp",1000,"Daily","BIC_dt",957.800422698202,NA,NA,NA,"DT",1,35
"Weekly",0.05,"SameTimestamp",1000,"Weekly","error_var_ct",1.36627679999708,0.281836376452889,0.813218264085076,1.91933533590909,"CT",1,35
"Weekly",0.05,"SameTimestamp",1000,"Weekly","beta_ct",-2.95202716654726,0.604218631756151,-4.13770900100581,-1.7663453320887,"CT",1,35
"Weekly",0.05,"SameTimestamp",1000,"Weekly","LogLik_ct",1371.59542237712,NA,NA,NA,"CT",1,35
"Weekly",0.05,"SameTimestamp",1000,"Weekly","AIC_ct",1375.59542237712,NA,NA,NA,"CT",1,35
"Weekly",0.05,"SameTimestamp",1000,"Weekly","BIC_ct",1385.41093293508,NA,NA,NA,"CT",1,35
"Weekly",0.05,"SameTimestamp",1000,"Weekly","error_var_dt",0.230781947114335,0.0103208909214335,0.21052885951026,0.251035034718411,"DT",1,35
"Weekly",0.05,"SameTimestamp",1000,"Weekly","beta_dt",0.0522337538163037,0.0315694701333622,-0.00971625118737506,0.114183758819982,"DT",1,35
"Weekly",0.05,"SameTimestamp",1000,"Weekly","LogLik_dt",1371.59542237712,NA,NA,NA,"DT",1,35
"Weekly",0.05,"SameTimestamp",1000,"Weekly","AIC_dt",1375.59542237712,NA,NA,NA,"DT",1,35
"Weekly",0.05,"SameTimestamp",1000,"Weekly","BIC_dt",1385.41093293508,NA,NA,NA,"DT",1,35
"Weekly",0.05,"SameTimestamp",1000,"Monthly","error_var_ct",10.7238529426418,38.1155669551522,-64.071813681309,85.5195195665926,"CT",1,35
"Weekly",0.05,"SameTimestamp",1000,"Monthly","beta_ct",-22.7579141464245,80.887937634432,-181.487475333919,135.971647041071,"CT",1,35
"Weekly",0.05,"SameTimestamp",1000,"Monthly","LogLik_ct",1392.28633052333,NA,NA,NA,"CT",1,35
"Weekly",0.05,"SameTimestamp",1000,"Monthly","AIC_ct",1396.28633052333,NA,NA,NA,"CT",1,35
"Weekly",0.05,"SameTimestamp",1000,"Monthly","BIC_ct",1406.1018410813,NA,NA,NA,"CT",1,35
"Weekly",0.05,"SameTimestamp",1000,"Monthly","error_var_dt",0.235594914594998,0.0105361379185785,0.214919439396395,0.256270389793602,"DT",1,35
"Weekly",0.05,"SameTimestamp",1000,"Monthly","beta_dt",-0.0071170897199548,0.031614871946897,-0.0691561884766733,0.0549220090367637,"DT",1,35
"Weekly",0.05,"SameTimestamp",1000,"Monthly","LogLik_dt",1392.23565377255,NA,NA,NA,"DT",1,35
"Weekly",0.05,"SameTimestamp",1000,"Monthly","AIC_dt",1396.23565377255,NA,NA,NA,"DT",1,35
"Weekly",0.05,"SameTimestamp",1000,"Monthly","BIC_dt",1406.05116433051,NA,NA,NA,"DT",1,35
"Weekly",0.05,"SameTimestamp",1000,"Daily","error_var_ct",0.22656464950134,0.0126578214782887,0.20172571173637,0.25140358726631,"CT",1,36
"Weekly",0.05,"SameTimestamp",1000,"Daily","beta_ct",-0.471219406750322,0.0395939070553215,-0.548916077927588,-0.393522735573056,"CT",1,36
"Weekly",0.05,"SameTimestamp",1000,"Daily","LogLik_ct",918.846443517721,NA,NA,NA,"CT",1,36
"Weekly",0.05,"SameTimestamp",1000,"Daily","AIC_ct",922.846443517721,NA,NA,NA,"CT",1,36
"Weekly",0.05,"SameTimestamp",1000,"Daily","BIC_ct",932.661954075685,NA,NA,NA,"CT",1,36
"Weekly",0.05,"SameTimestamp",1000,"Daily","error_var_dt",0.146723338203751,0.00656244862235633,0.133845588806186,0.159601087601316,"DT",1,36
"Weekly",0.05,"SameTimestamp",1000,"Daily","beta_dt",0.624240601525218,0.0247163250120103,0.575738791019743,0.672742412030693,"DT",1,36
"Weekly",0.05,"SameTimestamp",1000,"Daily","LogLik_dt",918.846443517721,NA,NA,NA,"DT",1,36
"Weekly",0.05,"SameTimestamp",1000,"Daily","AIC_dt",922.846443517721,NA,NA,NA,"DT",1,36
"Weekly",0.05,"SameTimestamp",1000,"Daily","BIC_dt",932.661954075685,NA,NA,NA,"DT",1,36
"Weekly",0.05,"SameTimestamp",1000,"Weekly","error_var_ct",2.07417370501205,0.860640195356493,0.385305815133933,3.76304159489017,"CT",1,36
"Weekly",0.05,"SameTimestamp",1000,"Weekly","beta_ct",-3.94197081790973,1.63092637025558,-7.1424013722126,-0.741540263606847,"CT",1,36
"Weekly",0.05,"SameTimestamp",1000,"Weekly","LogLik_ct",1502.23517273175,NA,NA,NA,"CT",1,36
"Weekly",0.05,"SameTimestamp",1000,"Weekly","AIC_ct",1506.23517273175,NA,NA,NA,"CT",1,36
"Weekly",0.05,"SameTimestamp",1000,"Weekly","BIC_ct",1516.05068328972,NA,NA,NA,"CT",1,36
"Weekly",0.05,"SameTimestamp",1000,"Weekly","error_var_dt",0.262989296016526,0.0117612274468678,0.239909779759049,0.286068812274003,"DT",1,36
"Weekly",0.05,"SameTimestamp",1000,"Weekly","beta_dt",0.0194099086024577,0.0316061533288458,-0.0426120812693282,0.0814318984742435,"DT",1,36
"Weekly",0.05,"SameTimestamp",1000,"Weekly","LogLik_dt",1502.23517273175,NA,NA,NA,"DT",1,36
"Weekly",0.05,"SameTimestamp",1000,"Weekly","AIC_dt",1506.23517273175,NA,NA,NA,"DT",1,36
"Weekly",0.05,"SameTimestamp",1000,"Weekly","BIC_dt",1516.05068328972,NA,NA,NA,"DT",1,36
"Weekly",0.05,"SameTimestamp",1000,"Monthly","error_var_ct",1.98532312546095,0.912543189172162,0.19460396240645,3.77604228851545,"CT",1,36
"Weekly",0.05,"SameTimestamp",1000,"Monthly","beta_ct",-4.07927528873639,1.87043232035385,-7.74969772900756,-0.408852848465207,"CT",1,36
"Weekly",0.05,"SameTimestamp",1000,"Monthly","LogLik_ct",1424.30594044818,NA,NA,NA,"CT",1,36
"Weekly",0.05,"SameTimestamp",1000,"Monthly","AIC_ct",1428.30594044818,NA,NA,NA,"CT",1,36
"Weekly",0.05,"SameTimestamp",1000,"Monthly","BIC_ct",1438.12145100615,NA,NA,NA,"CT",1,36
"Weekly",0.05,"SameTimestamp",1000,"Monthly","error_var_dt",0.24327296156564,0.0108794957802037,0.22192370181646,0.264622221314819,"DT",1,36
"Weekly",0.05,"SameTimestamp",1000,"Monthly","beta_dt",0.0169196656355694,0.0316072682603705,-0.0451045121099198,0.0789438433810586,"DT",1,36
"Weekly",0.05,"SameTimestamp",1000,"Monthly","LogLik_dt",1424.30594044818,NA,NA,NA,"DT",1,36
"Weekly",0.05,"SameTimestamp",1000,"Monthly","AIC_dt",1428.30594044818,NA,NA,NA,"DT",1,36
"Weekly",0.05,"SameTimestamp",1000,"Monthly","BIC_dt",1438.12145100615,NA,NA,NA,"DT",1,36
"Weekly",0.05,"SameTimestamp",1000,"Daily","error_var_ct",0.207476536102853,0.011180951593943,0.18553571782923,0.229417354376475,"CT",1,37
"Weekly",0.05,"SameTimestamp",1000,"Daily","beta_ct",-0.392419769516692,0.0345171981755484,-0.460154216457201,-0.324685322576184,"CT",1,37
"Weekly",0.05,"SameTimestamp",1000,"Daily","LogLik_ct",898.427347416178,NA,NA,NA,"CT",1,37
"Weekly",0.05,"SameTimestamp",1000,"Daily","AIC_ct",902.427347416178,NA,NA,NA,"CT",1,37
"Weekly",0.05,"SameTimestamp",1000,"Daily","BIC_ct",912.242857974143,NA,NA,NA,"CT",1,37
"Weekly",0.05,"SameTimestamp",1000,"Daily","error_var_dt",0.143758329419745,0.0064298049118925,0.131140871959048,0.156375786880441,"DT",1,37
"Weekly",0.05,"SameTimestamp",1000,"Daily","beta_dt",0.675420541186726,0.0233136502308018,0.629671254222106,0.721169828151346,"DT",1,37
"Weekly",0.05,"SameTimestamp",1000,"Daily","LogLik_dt",898.427347416176,NA,NA,NA,"DT",1,37
"Weekly",0.05,"SameTimestamp",1000,"Daily","AIC_dt",902.427347416176,NA,NA,NA,"DT",1,37
"Weekly",0.05,"SameTimestamp",1000,"Daily","BIC_dt",912.24285797414,NA,NA,NA,"DT",1,37
"Weekly",0.05,"SameTimestamp",1000,"Weekly","error_var_ct",1.25347925490987,0.200934048687201,0.8591785185023,1.64777999131744,"CT",1,37
"Weekly",0.05,"SameTimestamp",1000,"Weekly","beta_ct",-2.55188834647777,0.405451404443708,-3.34752148279361,-1.75625521016193,"CT",1,37
"Weekly",0.05,"SameTimestamp",1000,"Weekly","LogLik_ct",1427.72750054313,NA,NA,NA,"CT",1,37
"Weekly",0.05,"SameTimestamp",1000,"Weekly","AIC_ct",1431.72750054313,NA,NA,NA,"CT",1,37
"Weekly",0.05,"SameTimestamp",1000,"Weekly","BIC_ct",1441.54301110109,NA,NA,NA,"CT",1,37
"Weekly",0.05,"SameTimestamp",1000,"Weekly","error_var_dt",0.244106666533609,0.0109167862411321,0.222684230255607,0.26552910281161,"DT",1,37
"Weekly",0.05,"SameTimestamp",1000,"Weekly","beta_dt",0.0779343751485572,0.0315828870067385,0.0159580416899097,0.139910708607205,"DT",1,37
"Weekly",0.05,"SameTimestamp",1000,"Weekly","LogLik_dt",1427.72750054313,NA,NA,NA,"DT",1,37
"Weekly",0.05,"SameTimestamp",1000,"Weekly","AIC_dt",1431.72750054313,NA,NA,NA,"DT",1,37
"Weekly",0.05,"SameTimestamp",1000,"Weekly","BIC_dt",1441.54301110109,NA,NA,NA,"DT",1,37
"Weekly",0.05,"SameTimestamp",1000,"Monthly","error_var_ct",11.6040446856008,69.7967064610268,-125.360760115841,148.568849487043,"CT",1,37
"Weekly",0.05,"SameTimestamp",1000,"Monthly","beta_ct",-21.1818019536175,127.40483742591,-271.193293520815,228.82968961358,"CT",1,37
"Weekly",0.05,"SameTimestamp",1000,"Monthly","LogLik_ct",1542.94355864729,NA,NA,NA,"CT",1,37
"Weekly",0.05,"SameTimestamp",1000,"Monthly","AIC_ct",1546.94355864729,NA,NA,NA,"CT",1,37
"Weekly",0.05,"SameTimestamp",1000,"Monthly","BIC_ct",1556.75906920525,NA,NA,NA,"CT",1,37
"Weekly",0.05,"SameTimestamp",1000,"Monthly","error_var_dt",0.273877127587011,0.0122481753650132,0.249842054399431,0.297912200774592,"DT",1,37
"Weekly",0.05,"SameTimestamp",1000,"Monthly","beta_dt",-0.0119246683376425,0.0316229398985072,-0.0739795991511078,0.0501302624758228,"DT",1,37
"Weekly",0.05,"SameTimestamp",1000,"Monthly","LogLik_dt",1542.80137098523,NA,NA,NA,"DT",1,37
"Weekly",0.05,"SameTimestamp",1000,"Monthly","AIC_dt",1546.80137098523,NA,NA,NA,"DT",1,37
"Weekly",0.05,"SameTimestamp",1000,"Monthly","BIC_dt",1556.61688154319,NA,NA,NA,"DT",1,37
"Weekly",0.05,"SameTimestamp",1000,"Daily","error_var_ct",0.212809474261175,0.0116357540765908,0.189976179301795,0.235642769220554,"CT",1,38
"Weekly",0.05,"SameTimestamp",1000,"Daily","beta_ct",-0.423789502895776,0.0365373591302061,-0.495488190627169,-0.352090815164383,"CT",1,38
"Weekly",0.05,"SameTimestamp",1000,"Daily","LogLik_ct",896.643100236863,NA,NA,NA,"CT",1,38
"Weekly",0.05,"SameTimestamp",1000,"Daily","AIC_ct",900.643100236863,NA,NA,NA,"CT",1,38
"Weekly",0.05,"SameTimestamp",1000,"Daily","BIC_ct",910.458610794828,NA,NA,NA,"CT",1,38
"Weekly",0.05,"SameTimestamp",1000,"Daily","error_var_dt",0.143504074575666,0.00641838376268873,0.130909029282401,0.156099119868932,"DT",1,38
"Weekly",0.05,"SameTimestamp",1000,"Daily","beta_dt",0.654561631586304,0.0239158715478487,0.607630582195936,0.701492680976672,"DT",1,38
"Weekly",0.05,"SameTimestamp",1000,"Daily","LogLik_dt",896.643100236867,NA,NA,NA,"DT",1,38
"Weekly",0.05,"SameTimestamp",1000,"Daily","AIC_dt",900.643100236867,NA,NA,NA,"DT",1,38
"Weekly",0.05,"SameTimestamp",1000,"Daily","BIC_dt",910.458610794831,NA,NA,NA,"DT",1,38
"Weekly",0.05,"SameTimestamp",1000,"Weekly","error_var_ct",2.12104629088781,1.17531151313835,-0.185313423488781,4.42740600526441,"CT",1,38
"Weekly",0.05,"SameTimestamp",1000,"Weekly","beta_ct",-4.34020741315323,2.40084580006362,-9.05148095365602,0.371066127349552,"CT",1,38
"Weekly",0.05,"SameTimestamp",1000,"Weekly","LogLik_ct",1428.54735708023,NA,NA,NA,"CT",1,38
"Weekly",0.05,"SameTimestamp",1000,"Weekly","AIC_ct",1432.54735708023,NA,NA,NA,"CT",1,38
"Weekly",0.05,"SameTimestamp",1000,"Weekly","BIC_ct",1442.36286763819,NA,NA,NA,"CT",1,38
"Weekly",0.05,"SameTimestamp",1000,"Weekly","error_var_dt",0.244306984206124,0.0109257505056723,0.222866957001484,0.265747011410763,"DT",1,38
"Weekly",0.05,"SameTimestamp",1000,"Weekly","beta_dt",0.0130337770204854,0.0316059042464375,-0.0489877240671562,0.075055278108127,"DT",1,38
"Weekly",0.05,"SameTimestamp",1000,"Weekly","LogLik_dt",1428.54735708023,NA,NA,NA,"DT",1,38
"Weekly",0.05,"SameTimestamp",1000,"Weekly","AIC_dt",1432.54735708023,NA,NA,NA,"DT",1,38
"Weekly",0.05,"SameTimestamp",1000,"Weekly","BIC_dt",1442.36286763819,NA,NA,NA,"DT",1,38
"Weekly",0.05,"SameTimestamp",1000,"Monthly","error_var_ct",2.0494815594873,1.09971035865966,-0.108523054900175,4.20748617387478,"CT",1,38
"Weekly",0.05,"SameTimestamp",1000,"Monthly","beta_ct",-4.27888215656087,2.29166568402175,-8.77590728850553,0.218142975383795,"CT",1,38
"Weekly",0.05,"SameTimestamp",1000,"Monthly","LogLik_ct",1408.43289092947,NA,NA,NA,"CT",1,38
"Weekly",0.05,"SameTimestamp",1000,"Monthly","AIC_ct",1412.43289092947,NA,NA,NA,"CT",1,38
"Weekly",0.05,"SameTimestamp",1000,"Monthly","BIC_ct",1422.24840148744,NA,NA,NA,"CT",1,38
"Weekly",0.05,"SameTimestamp",1000,"Monthly","error_var_dt",0.239441971102171,0.0107081682608563,0.218428914039827,0.260455028164514,"DT",1,38
"Weekly",0.05,"SameTimestamp",1000,"Monthly","beta_dt",0.0138581096165867,0.0316132217497341,-0.048177750893748,0.0758939701269214,"DT",1,38
"Weekly",0.05,"SameTimestamp",1000,"Monthly","LogLik_dt",1408.43289092947,NA,NA,NA,"DT",1,38
"Weekly",0.05,"SameTimestamp",1000,"Monthly","AIC_dt",1412.43289092947,NA,NA,NA,"DT",1,38
"Weekly",0.05,"SameTimestamp",1000,"Monthly","BIC_dt",1422.24840148744,NA,NA,NA,"DT",1,38
"Weekly",0.05,"SameTimestamp",1000,"Daily","error_var_ct",0.202806418546555,0.0107722998779046,0.181667513505761,0.223945323587349,"CT",1,39
"Weekly",0.05,"SameTimestamp",1000,"Daily","beta_ct",-0.360626213566434,0.0325006393874998,-0.424403488388371,-0.296848938744498,"CT",1,39
"Weekly",0.05,"SameTimestamp",1000,"Daily","LogLik_ct",903.733102135976,NA,NA,NA,"CT",1,39
"Weekly",0.05,"SameTimestamp",1000,"Daily","AIC_ct",907.733102135976,NA,NA,NA,"CT",1,39
"Weekly",0.05,"SameTimestamp",1000,"Daily","BIC_ct",917.54861269394,NA,NA,NA,"CT",1,39
"Weekly",0.05,"SameTimestamp",1000,"Daily","error_var_dt",0.144489621572038,0.00646332414307089,0.131806388014041,0.157172855130035,"DT",1,39
"Weekly",0.05,"SameTimestamp",1000,"Daily","beta_dt",0.697239604329402,0.0226609406583133,0.652771154867306,0.741708053791498,"DT",1,39
"Weekly",0.05,"SameTimestamp",1000,"Daily","LogLik_dt",903.73310213598,NA,NA,NA,"DT",1,39
"Weekly",0.05,"SameTimestamp",1000,"Daily","AIC_dt",907.73310213598,NA,NA,NA,"DT",1,39
"Weekly",0.05,"SameTimestamp",1000,"Daily","BIC_dt",917.548612693945,NA,NA,NA,"DT",1,39
"Weekly",0.05,"SameTimestamp",1000,"Weekly","error_var_ct",1.89246855410536,0.583916873880995,0.746625652534695,3.03831145567602,"CT",1,39
"Weekly",0.05,"SameTimestamp",1000,"Weekly","beta_ct",-3.53659972410572,1.08620853306456,-5.66810917846543,-1.40509026974601,"CT",1,39
"Weekly",0.05,"SameTimestamp",1000,"Weekly","LogLik_ct",1518.59879196661,NA,NA,NA,"CT",1,39
"Weekly",0.05,"SameTimestamp",1000,"Weekly","AIC_ct",1522.59879196661,NA,NA,NA,"CT",1,39
"Weekly",0.05,"SameTimestamp",1000,"Weekly","BIC_ct",1532.41430252457,NA,NA,NA,"CT",1,39
"Weekly",0.05,"SameTimestamp",1000,"Weekly","error_var_dt",0.267328050914723,0.0119552751595565,0.243867747247092,0.290788354582354,"DT",1,39
"Weekly",0.05,"SameTimestamp",1000,"Weekly","beta_dt",0.0291121229286466,0.0316030399713831,-0.0329037574801175,0.0911280033374108,"DT",1,39
"Weekly",0.05,"SameTimestamp",1000,"Weekly","LogLik_dt",1518.59879196661,NA,NA,NA,"DT",1,39
"Weekly",0.05,"SameTimestamp",1000,"Weekly","AIC_dt",1522.59879196661,NA,NA,NA,"DT",1,39
"Weekly",0.05,"SameTimestamp",1000,"Weekly","BIC_dt",1532.41430252457,NA,NA,NA,"DT",1,39
"Weekly",0.05,"SameTimestamp",1000,"Monthly","error_var_ct",2.78899966621675,3.43626476954829,-3.95411698313481,9.5321163155683,"CT",1,39
"Weekly",0.05,"SameTimestamp",1000,"Monthly","beta_ct",-5.32427617982314,6.55720194491296,-18.1917298171968,7.54317745755049,"CT",1,39
"Weekly",0.05,"SameTimestamp",1000,"Monthly","LogLik_ct",1498.11238678984,NA,NA,NA,"CT",1,39
"Weekly",0.05,"SameTimestamp",1000,"Monthly","AIC_ct",1502.11238678984,NA,NA,NA,"CT",1,39
"Weekly",0.05,"SameTimestamp",1000,"Monthly","BIC_ct",1511.9278973478,NA,NA,NA,"CT",1,39
"Weekly",0.05,"SameTimestamp",1000,"Monthly","error_var_dt",0.261907290346452,0.0117128423334945,0.238922722087878,0.284891858605026,"DT",1,39
"Weekly",0.05,"SameTimestamp",1000,"Monthly","beta_dt",0.0048718728540566,0.0316261150902847,-0.0571892887623229,0.0669330344704361,"DT",1,39
"Weekly",0.05,"SameTimestamp",1000,"Monthly","LogLik_dt",1498.11238678984,NA,NA,NA,"DT",1,39
"Weekly",0.05,"SameTimestamp",1000,"Monthly","AIC_dt",1502.11238678984,NA,NA,NA,"DT",1,39
"Weekly",0.05,"SameTimestamp",1000,"Monthly","BIC_dt",1511.9278973478,NA,NA,NA,"DT",1,39
"Weekly",0.05,"SameTimestamp",1000,"Daily","error_var_ct",0.227198639096741,0.0125866227507388,0.202499417377347,0.251897860816134,"CT",1,40
"Weekly",0.05,"SameTimestamp",1000,"Daily","beta_ct",-0.453188882513518,0.0384013064832668,-0.528545266980425,-0.377832498046611,"CT",1,40
"Weekly",0.05,"SameTimestamp",1000,"Daily","LogLik_ct",936.889688344423,NA,NA,NA,"CT",1,40
"Weekly",0.05,"SameTimestamp",1000,"Daily","AIC_ct",940.889688344423,NA,NA,NA,"CT",1,40
"Weekly",0.05,"SameTimestamp",1000,"Daily","BIC_ct",950.705198902387,NA,NA,NA,"CT",1,40
"Weekly",0.05,"SameTimestamp",1000,"Daily","error_var_dt",0.149401078550788,0.00668204136808837,0.136288647634489,0.162513509467087,"DT",1,40
"Weekly",0.05,"SameTimestamp",1000,"Daily","beta_dt",0.635598076693164,0.0244077725498141,0.587701750742742,0.683494402643586,"DT",1,40
"Weekly",0.05,"SameTimestamp",1000,"Daily","LogLik_dt",936.889688344422,NA,NA,NA,"DT",1,40
"Weekly",0.05,"SameTimestamp",1000,"Daily","AIC_dt",940.889688344422,NA,NA,NA,"DT",1,40
"Weekly",0.05,"SameTimestamp",1000,"Daily","BIC_dt",950.705198902386,NA,NA,NA,"DT",1,40
"Weekly",0.05,"SameTimestamp",1000,"Weekly","error_var_ct",1.60182732995522,0.411512553973886,0.794300163041577,2.40935449686886,"CT",1,40
"Weekly",0.05,"SameTimestamp",1000,"Weekly","beta_ct",-3.27774757033573,0.837013481107566,-4.92025183549166,-1.63524330517979,"CT",1,40
"Weekly",0.05,"SameTimestamp",1000,"Weekly","LogLik_ct",1427.29525913458,NA,NA,NA,"CT",1,40
"Weekly",0.05,"SameTimestamp",1000,"Weekly","AIC_ct",1431.29525913458,NA,NA,NA,"CT",1,40
"Weekly",0.05,"SameTimestamp",1000,"Weekly","BIC_ct",1441.11076969254,NA,NA,NA,"CT",1,40
"Weekly",0.05,"SameTimestamp",1000,"Weekly","error_var_dt",0.244001262230799,0.0109120755470894,0.222588069931815,0.265414454529782,"DT",1,40
"Weekly",0.05,"SameTimestamp",1000,"Weekly","beta_dt",0.0377130982592276,0.0315983237766851,-0.0242935273763679,0.0997197238948232,"DT",1,40
"Weekly",0.05,"SameTimestamp",1000,"Weekly","LogLik_dt",1427.29525913458,NA,NA,NA,"DT",1,40
"Weekly",0.05,"SameTimestamp",1000,"Weekly","AIC_dt",1431.29525913458,NA,NA,NA,"DT",1,40
"Weekly",0.05,"SameTimestamp",1000,"Weekly","BIC_dt",1441.11076969254,NA,NA,NA,"DT",1,40
"Weekly",0.05,"SameTimestamp",1000,"Monthly","error_var_ct",8.3594408480371,40.3676579759424,-70.8555919995885,87.5744736956627,"CT",1,40
"Weekly",0.05,"SameTimestamp",1000,"Monthly","beta_ct",-17.7814898307211,85.8664848456127,-186.280648776455,150.717669115013,"CT",1,40
"Weekly",0.05,"SameTimestamp",1000,"Monthly","LogLik_ct",1389.96719183429,NA,NA,NA,"CT",1,40
"Weekly",0.05,"SameTimestamp",1000,"Monthly","AIC_ct",1393.96719183429,NA,NA,NA,"CT",1,40
"Weekly",0.05,"SameTimestamp",1000,"Monthly","BIC_ct",1403.78270239226,NA,NA,NA,"CT",1,40
"Weekly",0.05,"SameTimestamp",1000,"Monthly","error_var_dt",0.235060536020085,0.0105122275557384,0.214431981060919,0.255689090979251,"DT",1,40
"Weekly",0.05,"SameTimestamp",1000,"Monthly","beta_dt",-0.00152436252795622,0.0316105233333577,-0.0635549278303792,0.0605062027744667,"DT",1,40
"Weekly",0.05,"SameTimestamp",1000,"Monthly","LogLik_dt",1389.96486633404,NA,NA,NA,"DT",1,40
"Weekly",0.05,"SameTimestamp",1000,"Monthly","AIC_dt",1393.96486633404,NA,NA,NA,"DT",1,40
"Weekly",0.05,"SameTimestamp",1000,"Monthly","BIC_dt",1403.78037689201,NA,NA,NA,"DT",1,40
"Weekly",0.05,"SameTimestamp",1000,"Daily","error_var_ct",0.203878711598643,0.0111259655303775,0.182045794626456,0.22571162857083,"CT",1,41
"Weekly",0.05,"SameTimestamp",1000,"Daily","beta_ct",-0.417950918093555,0.0362441699191524,-0.48907426917802,-0.346827567009089,"CT",1,41
"Weekly",0.05,"SameTimestamp",1000,"Daily","LogLik_ct",858.806169198628,NA,NA,NA,"CT",1,41
"Weekly",0.05,"SameTimestamp",1000,"Daily","AIC_ct",862.806169198628,NA,NA,NA,"CT",1,41
"Weekly",0.05,"SameTimestamp",1000,"Daily","BIC_ct",872.621679756592,NA,NA,NA,"CT",1,41
"Weekly",0.05,"SameTimestamp",1000,"Daily","error_var_dt",0.138174933198599,0.00618005244102168,0.126047574772026,0.150302291625173,"DT",1,41
"Weekly",0.05,"SameTimestamp",1000,"Daily","beta_dt",0.658394555805145,0.0238630713500873,0.61156711830632,0.705221993303971,"DT",1,41
"Weekly",0.05,"SameTimestamp",1000,"Daily","LogLik_dt",858.806169198628,NA,NA,NA,"DT",1,41
"Weekly",0.05,"SameTimestamp",1000,"Daily","AIC_dt",862.806169198628,NA,NA,NA,"DT",1,41
"Weekly",0.05,"SameTimestamp",1000,"Daily","BIC_dt",872.621679756592,NA,NA,NA,"DT",1,41
"Weekly",0.05,"SameTimestamp",1000,"Weekly","error_var_ct",1.25140856458588,0.181576812325851,0.895093289586979,1.60772383958478,"CT",1,41
"Weekly",0.05,"SameTimestamp",1000,"Weekly","beta_ct",-2.39090800035807,0.343923845217744,-3.06580320265694,-1.7160127980592,"CT",1,41
"Weekly",0.05,"SameTimestamp",1000,"Weekly","LogLik_ct",1488.91080987995,NA,NA,NA,"CT",1,41
"Weekly",0.05,"SameTimestamp",1000,"Weekly","AIC_ct",1492.91080987995,NA,NA,NA,"CT",1,41
"Weekly",0.05,"SameTimestamp",1000,"Weekly","BIC_ct",1502.72632043791,NA,NA,NA,"CT",1,41
"Weekly",0.05,"SameTimestamp",1000,"Weekly","error_var_dt",0.259508270233424,0.0116055649902937,0.236734216497899,0.282282323968948,"DT",1,41
"Weekly",0.05,"SameTimestamp",1000,"Weekly","beta_dt",0.0915465181979672,0.0314823174905337,0.0297675362313081,0.153325500164626,"DT",1,41
"Weekly",0.05,"SameTimestamp",1000,"Weekly","LogLik_dt",1488.91080987994,NA,NA,NA,"DT",1,41
"Weekly",0.05,"SameTimestamp",1000,"Weekly","AIC_dt",1492.91080987994,NA,NA,NA,"DT",1,41
"Weekly",0.05,"SameTimestamp",1000,"Weekly","BIC_dt",1502.72632043791,NA,NA,NA,"DT",1,41
"Weekly",0.05,"SameTimestamp",1000,"Monthly","error_var_ct",1.9747867331073,0.827185915587287,0.351567483841195,3.59800598237341,"CT",1,41
"Weekly",0.05,"SameTimestamp",1000,"Monthly","beta_ct",-3.95551547675472,1.65215454685888,-7.19760291162095,-0.713428041888485,"CT",1,41
"Weekly",0.05,"SameTimestamp",1000,"Monthly","LogLik_ct",1449.71264516176,NA,NA,NA,"CT",1,41
"Weekly",0.05,"SameTimestamp",1000,"Monthly","AIC_ct",1453.71264516176,NA,NA,NA,"CT",1,41
"Weekly",0.05,"SameTimestamp",1000,"Monthly","BIC_ct",1463.52815571973,NA,NA,NA,"CT",1,41
"Weekly",0.05,"SameTimestamp",1000,"Monthly","error_var_dt",0.249532917655989,0.0111594500144986,0.22763429277201,0.271431542539968,"DT",1,41
"Weekly",0.05,"SameTimestamp",1000,"Monthly","beta_dt",0.0191487854973338,0.0316020256071604,-0.0428651043848739,0.0811626753795416,"DT",1,41
"Weekly",0.05,"SameTimestamp",1000,"Monthly","LogLik_dt",1449.71264516176,NA,NA,NA,"DT",1,41
"Weekly",0.05,"SameTimestamp",1000,"Monthly","AIC_dt",1453.71264516176,NA,NA,NA,"DT",1,41
"Weekly",0.05,"SameTimestamp",1000,"Monthly","BIC_dt",1463.52815571973,NA,NA,NA,"DT",1,41
"Weekly",0.05,"SameTimestamp",1000,"Daily","error_var_ct",0.226518691964063,0.0124483693982237,0.202090770201365,0.25094661372676,"CT",1,42
"Weekly",0.05,"SameTimestamp",1000,"Daily","beta_ct",-0.433402088180369,0.0372112636142828,-0.50642320501761,-0.360380971343128,"CT",1,42
"Weekly",0.05,"SameTimestamp",1000,"Daily","LogLik_ct",951.155162214075,NA,NA,NA,"CT",1,42
"Weekly",0.05,"SameTimestamp",1000,"Daily","AIC_ct",955.155162214075,NA,NA,NA,"CT",1,42
"Weekly",0.05,"SameTimestamp",1000,"Daily","BIC_ct",964.97067277204,NA,NA,NA,"CT",1,42
"Weekly",0.05,"SameTimestamp",1000,"Daily","error_var_dt",0.151492772398875,0.00677704423766672,0.138193913638812,0.164791631158937,"DT",1,42
"Weekly",0.05,"SameTimestamp",1000,"Daily","beta_dt",0.648299763228378,0.0241241078217337,0.60096008365972,0.695639442797036,"DT",1,42
"Weekly",0.05,"SameTimestamp",1000,"Daily","LogLik_dt",951.155162214075,NA,NA,NA,"DT",1,42
"Weekly",0.05,"SameTimestamp",1000,"Daily","AIC_dt",955.155162214075,NA,NA,NA,"DT",1,42
"Weekly",0.05,"SameTimestamp",1000,"Daily","BIC_dt",964.97067277204,NA,NA,NA,"DT",1,42
"Weekly",0.05,"SameTimestamp",1000,"Weekly","error_var_ct",1.73929099214206,0.521899907422618,0.715146407526978,2.76343557675715,"CT",1,42
"Weekly",0.05,"SameTimestamp",1000,"Weekly","beta_ct",-3.49768523252708,1.04450789505742,-5.54736389522999,-1.44800656982418,"CT",1,42
"Weekly",0.05,"SameTimestamp",1000,"Weekly","LogLik_ct",1445.19036569311,NA,NA,NA,"CT",1,42
"Weekly",0.05,"SameTimestamp",1000,"Weekly","AIC_ct",1449.19036569311,NA,NA,NA,"CT",1,42
"Weekly",0.05,"SameTimestamp",1000,"Weekly","BIC_ct",1459.00587625107,NA,NA,NA,"CT",1,42
"Weekly",0.05,"SameTimestamp",1000,"Weekly","error_var_dt",0.24840679461167,0.0111091197442656,0.226606934783917,0.270206654439422,"DT",1,42
"Weekly",0.05,"SameTimestamp",1000,"Weekly","beta_dt",0.0302672939591305,0.031614366836779,-0.0317708136002633,0.0923054015185244,"DT",1,42
"Weekly",0.05,"SameTimestamp",1000,"Weekly","LogLik_dt",1445.19036569311,NA,NA,NA,"DT",1,42
"Weekly",0.05,"SameTimestamp",1000,"Weekly","AIC_dt",1449.19036569311,NA,NA,NA,"DT",1,42
"Weekly",0.05,"SameTimestamp",1000,"Weekly","BIC_dt",1459.00587625107,NA,NA,NA,"DT",1,42
"Weekly",0.05,"SameTimestamp",1000,"Monthly","error_var_ct",10.3490885381283,49.3409870501311,-86.4746586368937,107.17283571315,"CT",1,42
"Weekly",0.05,"SameTimestamp",1000,"Monthly","beta_ct",-22.1270041994511,105.49440496222,-229.142797865343,184.88878946644,"CT",1,42
"Weekly",0.05,"SameTimestamp",1000,"Monthly","LogLik_ct",1384.83098674724,NA,NA,NA,"CT",1,42
"Weekly",0.05,"SameTimestamp",1000,"Monthly","AIC_ct",1388.83098674724,NA,NA,NA,"CT",1,42
"Weekly",0.05,"SameTimestamp",1000,"Monthly","BIC_ct",1398.64649730521,NA,NA,NA,"CT",1,42
"Weekly",0.05,"SameTimestamp",1000,"Monthly","error_var_dt",0.23363790692647,0.0104486224094038,0.213134166831699,0.254141647021242,"DT",1,42
"Weekly",0.05,"SameTimestamp",1000,"Monthly","beta_dt",-0.0306070921746125,0.0316346573229663,-0.0926850165480206,0.0314708321987956,"DT",1,42
"Weekly",0.05,"SameTimestamp",1000,"Monthly","LogLik_dt",1383.89531291843,NA,NA,NA,"DT",1,42
"Weekly",0.05,"SameTimestamp",1000,"Monthly","AIC_dt",1387.89531291843,NA,NA,NA,"DT",1,42
"Weekly",0.05,"SameTimestamp",1000,"Monthly","BIC_dt",1397.7108234764,NA,NA,NA,"DT",1,42
"Weekly",0.05,"SameTimestamp",1000,"Daily","error_var_ct",0.214115996857055,0.0117638861092678,0.191031263402447,0.237200730311662,"CT",1,43
"Weekly",0.05,"SameTimestamp",1000,"Daily","beta_ct",-0.434452180334945,0.0372191713889801,-0.507488814907517,-0.361415545762373,"CT",1,43
"Weekly",0.05,"SameTimestamp",1000,"Daily","LogLik_ct",893.587284760117,NA,NA,NA,"CT",1,43
"Weekly",0.05,"SameTimestamp",1000,"Daily","AIC_ct",897.587284760117,NA,NA,NA,"CT",1,43
"Weekly",0.05,"SameTimestamp",1000,"Daily","BIC_ct",907.402795318081,NA,NA,NA,"CT",1,43
"Weekly",0.05,"SameTimestamp",1000,"Daily","error_var_dt",0.143069159998394,0.00639885664298034,0.130512433535268,0.15562588646152,"DT",1,43
"Weekly",0.05,"SameTimestamp",1000,"Daily","beta_dt",0.647619318889339,0.0241035882923814,0.600319905595049,0.694918732183629,"DT",1,43
"Weekly",0.05,"SameTimestamp",1000,"Daily","LogLik_dt",893.587284760123,NA,NA,NA,"DT",1,43
"Weekly",0.05,"SameTimestamp",1000,"Daily","AIC_dt",897.587284760123,NA,NA,NA,"DT",1,43
"Weekly",0.05,"SameTimestamp",1000,"Daily","BIC_dt",907.402795318087,NA,NA,NA,"DT",1,43
"Weekly",0.05,"SameTimestamp",1000,"Weekly","error_var_ct",1.16056258249391,0.172156268784572,0.822733608248686,1.49839155673913,"CT",1,43
"Weekly",0.05,"SameTimestamp",1000,"Weekly","beta_ct",-2.42698142663448,0.356894397660903,-3.12732925089247,-1.72663360237649,"CT",1,43
"Weekly",0.05,"SameTimestamp",1000,"Weekly","LogLik_ct",1399.15872934099,NA,NA,NA,"CT",1,43
"Weekly",0.05,"SameTimestamp",1000,"Weekly","AIC_ct",1403.15872934099,NA,NA,NA,"CT",1,43
"Weekly",0.05,"SameTimestamp",1000,"Weekly","BIC_ct",1412.97423989896,NA,NA,NA,"CT",1,43
"Weekly",0.05,"SameTimestamp",1000,"Weekly","error_var_dt",0.23723156565153,0.0106093192441184,0.216412483877833,0.258050647425227,"DT",1,43
"Weekly",0.05,"SameTimestamp",1000,"Weekly","beta_dt",0.0883029968327241,0.0315386908913347,0.0264133911385542,0.150192602526894,"DT",1,43
"Weekly",0.05,"SameTimestamp",1000,"Weekly","LogLik_dt",1399.158729341,NA,NA,NA,"DT",1,43
"Weekly",0.05,"SameTimestamp",1000,"Weekly","AIC_dt",1403.158729341,NA,NA,NA,"DT",1,43
"Weekly",0.05,"SameTimestamp",1000,"Weekly","BIC_dt",1412.97423989896,NA,NA,NA,"DT",1,43
"Weekly",0.05,"SameTimestamp",1000,"Monthly","error_var_ct",10.1049158469104,59.3237813759951,-106.308458769607,126.518290463427,"CT",1,43
"Weekly",0.05,"SameTimestamp",1000,"Monthly","beta_ct",-21.7539146829153,127.712392272826,-272.368933145714,228.861103779883,"CT",1,43
"Weekly",0.05,"SameTimestamp",1000,"Monthly","LogLik_ct",1377.96080313634,NA,NA,NA,"CT",1,43
"Weekly",0.05,"SameTimestamp",1000,"Monthly","AIC_ct",1381.96080313634,NA,NA,NA,"CT",1,43
"Weekly",0.05,"SameTimestamp",1000,"Monthly","BIC_ct",1391.7763136943,NA,NA,NA,"CT",1,43
"Weekly",0.05,"SameTimestamp",1000,"Monthly","error_var_dt",0.232066575962279,0.0103783308890431,0.211700771664961,0.252432380259596,"DT",1,43
"Weekly",0.05,"SameTimestamp",1000,"Monthly","beta_dt",-0.028548396059461,0.0316220918702112,-0.0906016627538594,0.0335048706349374,"DT",1,43
"Weekly",0.05,"SameTimestamp",1000,"Monthly","LogLik_dt",1377.14610671934,NA,NA,NA,"DT",1,43
"Weekly",0.05,"SameTimestamp",1000,"Monthly","AIC_dt",1381.14610671934,NA,NA,NA,"DT",1,43
"Weekly",0.05,"SameTimestamp",1000,"Monthly","BIC_dt",1390.96161727731,NA,NA,NA,"DT",1,43
"Weekly",0.05,"SameTimestamp",1000,"Daily","error_var_ct",0.205302410638009,0.0112797751628585,0.183167667012997,0.227437154263022,"CT",1,44
"Weekly",0.05,"SameTimestamp",1000,"Daily","beta_ct",-0.434861573656257,0.0372247331164796,-0.507909122224058,-0.361814025088456,"CT",1,44
"Weekly",0.05,"SameTimestamp",1000,"Daily","LogLik_ct",851.214887804287,NA,NA,NA,"CT",1,44
"Weekly",0.05,"SameTimestamp",1000,"Daily","AIC_ct",855.214887804287,NA,NA,NA,"CT",1,44
"Weekly",0.05,"SameTimestamp",1000,"Daily","BIC_ct",865.030398362251,NA,NA,NA,"CT",1,44
"Weekly",0.05,"SameTimestamp",1000,"Daily","error_var_dt",0.137131988719771,0.00613335717060704,0.125096262247222,0.14916771519232,"DT",1,44
"Weekly",0.05,"SameTimestamp",1000,"Daily","beta_dt",0.647354259900683,0.024097405919861,0.600066978517602,0.694641541283764,"DT",1,44
"Weekly",0.05,"SameTimestamp",1000,"Daily","LogLik_dt",851.214887804296,NA,NA,NA,"DT",1,44
"Weekly",0.05,"SameTimestamp",1000,"Daily","AIC_dt",855.214887804296,NA,NA,NA,"DT",1,44
"Weekly",0.05,"SameTimestamp",1000,"Daily","BIC_dt",865.03039836226,NA,NA,NA,"DT",1,44
"Weekly",0.05,"SameTimestamp",1000,"Weekly","error_var_ct",1.53589091022745,0.357197403182959,0.834948486391817,2.23683333406307,"CT",1,44
"Weekly",0.05,"SameTimestamp",1000,"Weekly","beta_ct",-3.13168152793342,0.723385265348189,-4.55120870462016,-1.71215435124669,"CT",1,44
"Weekly",0.05,"SameTimestamp",1000,"Weekly","LogLik_ct",1430.36380054435,NA,NA,NA,"CT",1,44
"Weekly",0.05,"SameTimestamp",1000,"Weekly","AIC_ct",1434.36380054435,NA,NA,NA,"CT",1,44
"Weekly",0.05,"SameTimestamp",1000,"Weekly","BIC_ct",1444.17931110232,NA,NA,NA,"CT",1,44
"Weekly",0.05,"SameTimestamp",1000,"Weekly","error_var_dt",0.244751142051214,0.0109456124140843,0.223272139047478,0.266230145054951,"DT",1,44
"Weekly",0.05,"SameTimestamp",1000,"Weekly","beta_dt",0.0436443148392186,0.0315771736273124,-0.0183208070316975,0.105609436710135,"DT",1,44
"Weekly",0.05,"SameTimestamp",1000,"Weekly","LogLik_dt",1430.36380054435,NA,NA,NA,"DT",1,44
"Weekly",0.05,"SameTimestamp",1000,"Weekly","AIC_dt",1434.36380054435,NA,NA,NA,"DT",1,44
"Weekly",0.05,"SameTimestamp",1000,"Weekly","BIC_dt",1444.17931110231,NA,NA,NA,"DT",1,44
"Weekly",0.05,"SameTimestamp",1000,"Monthly","error_var_ct",2.38338293256998,2.33450831606182,-2.19771397055238,6.96447983569233,"CT",1,44
"Weekly",0.05,"SameTimestamp",1000,"Monthly","beta_ct",-5.03904288654097,4.93263912635614,-14.718553415803,4.6404676427211,"CT",1,44
"Weekly",0.05,"SameTimestamp",1000,"Monthly","LogLik_ct",1395.99269111554,NA,NA,NA,"CT",1,44
"Weekly",0.05,"SameTimestamp",1000,"Monthly","AIC_ct",1399.99269111554,NA,NA,NA,"CT",1,44
"Weekly",0.05,"SameTimestamp",1000,"Monthly","BIC_ct",1409.80820167351,NA,NA,NA,"CT",1,44
"Weekly",0.05,"SameTimestamp",1000,"Monthly","error_var_dt",0.236481718641125,0.0105757783271524,0.215728455519597,0.257234981762653,"DT",1,44
"Weekly",0.05,"SameTimestamp",1000,"Monthly","beta_dt",0.00647990620177978,0.0316163329631677,-0.0555620595642643,0.0685218719678239,"DT",1,44
"Weekly",0.05,"SameTimestamp",1000,"Monthly","LogLik_dt",1395.99269111554,NA,NA,NA,"DT",1,44
"Weekly",0.05,"SameTimestamp",1000,"Monthly","AIC_dt",1399.99269111554,NA,NA,NA,"DT",1,44
"Weekly",0.05,"SameTimestamp",1000,"Monthly","BIC_dt",1409.8082016735,NA,NA,NA,"DT",1,44
"Weekly",0.05,"SameTimestamp",1000,"Daily","error_var_ct",0.205785253109726,0.0112665526636451,0.183676456511666,0.227894049707785,"CT",1,45
"Weekly",0.05,"SameTimestamp",1000,"Daily","beta_ct",-0.427092186810236,0.0367263020949348,-0.499161644705363,-0.355022728915108,"CT",1,45
"Weekly",0.05,"SameTimestamp",1000,"Daily","LogLik_ct",860.268399344036,NA,NA,NA,"CT",1,45
"Weekly",0.05,"SameTimestamp",1000,"Daily","AIC_ct",864.268399344036,NA,NA,NA,"CT",1,45
"Weekly",0.05,"SameTimestamp",1000,"Daily","BIC_ct",874.083909902,NA,NA,NA,"CT",1,45
"Weekly",0.05,"SameTimestamp",1000,"Daily","error_var_dt",0.138373912354673,0.00618903588923235,0.126228925356595,0.15051889935275,"DT",1,45
"Weekly",0.05,"SameTimestamp",1000,"Daily","beta_dt",0.652403404586215,0.0239601765848949,0.605385413690175,0.699421395482256,"DT",1,45
"Weekly",0.05,"SameTimestamp",1000,"Daily","LogLik_dt",860.268399344036,NA,NA,NA,"DT",1,45
"Weekly",0.05,"SameTimestamp",1000,"Daily","AIC_dt",864.268399344036,NA,NA,NA,"DT",1,45
"Weekly",0.05,"SameTimestamp",1000,"Daily","BIC_dt",874.083909902,NA,NA,NA,"DT",1,45
"Weekly",0.05,"SameTimestamp",1000,"Weekly","error_var_ct",1.16821761910774,0.186066318110435,0.803092411454156,1.53334282676133,"CT",1,45
"Weekly",0.05,"SameTimestamp",1000,"Weekly","beta_ct",-2.54421919314744,0.401589321227015,-3.33227361263376,-1.75616477366112,"CT",1,45
"Weekly",0.05,"SameTimestamp",1000,"Weekly","LogLik_ct",1360.19921028798,NA,NA,NA,"CT",1,45
"Weekly",0.05,"SameTimestamp",1000,"Weekly","AIC_ct",1364.19921028798,NA,NA,NA,"CT",1,45
"Weekly",0.05,"SameTimestamp",1000,"Weekly","BIC_ct",1374.01472084595,NA,NA,NA,"CT",1,45
"Weekly",0.05,"SameTimestamp",1000,"Weekly","error_var_dt",0.228166702157233,0.0102039318839324,0.208143127843302,0.248190276471164,"DT",1,45
"Weekly",0.05,"SameTimestamp",1000,"Weekly","beta_dt",0.0785342951909192,0.0315211074101801,0.0166791942489958,0.140389396132843,"DT",1,45
"Weekly",0.05,"SameTimestamp",1000,"Weekly","LogLik_dt",1360.19921028797,NA,NA,NA,"DT",1,45
"Weekly",0.05,"SameTimestamp",1000,"Weekly","AIC_dt",1364.19921028797,NA,NA,NA,"DT",1,45
"Weekly",0.05,"SameTimestamp",1000,"Weekly","BIC_dt",1374.01472084593,NA,NA,NA,"DT",1,45
"Weekly",0.05,"SameTimestamp",1000,"Monthly","error_var_ct",10.0678892763368,52.1633610563776,-92.2943127118512,112.430091264525,"CT",1,45
"Weekly",0.05,"SameTimestamp",1000,"Monthly","beta_ct",-21.9402020842963,113.67735369626,-245.013715847393,201.1333116788,"CT",1,45
"Weekly",0.05,"SameTimestamp",1000,"Monthly","LogLik_ct",1365.7627488155,NA,NA,NA,"CT",1,45
"Weekly",0.05,"SameTimestamp",1000,"Monthly","AIC_ct",1369.7627488155,NA,NA,NA,"CT",1,45
"Weekly",0.05,"SameTimestamp",1000,"Monthly","BIC_ct",1379.57825937347,NA,NA,NA,"CT",1,45
"Weekly",0.05,"SameTimestamp",1000,"Monthly","error_var_dt",0.229272810958134,0.0102533973152696,0.20915216869514,0.249393453221128,"DT",1,45
"Weekly",0.05,"SameTimestamp",1000,"Monthly","beta_dt",-0.0269685575840047,0.0315962518894768,-0.0889711174743603,0.035034002306351,"DT",1,45
"Weekly",0.05,"SameTimestamp",1000,"Monthly","LogLik_dt",1365.0344962782,NA,NA,NA,"DT",1,45
"Weekly",0.05,"SameTimestamp",1000,"Monthly","AIC_dt",1369.0344962782,NA,NA,NA,"DT",1,45
"Weekly",0.05,"SameTimestamp",1000,"Monthly","BIC_dt",1378.85000683616,NA,NA,NA,"DT",1,45
"Weekly",0.05,"SameTimestamp",1000,"Daily","error_var_ct",0.214890363820805,0.0116744610907786,0.191981112574783,0.237799615066827,"CT",1,46
"Weekly",0.05,"SameTimestamp",1000,"Daily","beta_ct",-0.40924755344412,0.0356344901740361,-0.479174506137956,-0.339320600750284,"CT",1,46
"Weekly",0.05,"SameTimestamp",1000,"Daily","LogLik_ct",918.89587471738,NA,NA,NA,"CT",1,46
"Weekly",0.05,"SameTimestamp",1000,"Daily","AIC_ct",922.89587471738,NA,NA,NA,"CT",1,46
"Weekly",0.05,"SameTimestamp",1000,"Daily","BIC_ct",932.711385275344,NA,NA,NA,"CT",1,46
"Weekly",0.05,"SameTimestamp",1000,"Daily","error_var_dt",0.146736742395625,0.00656287994539908,0.133858146595996,0.159615338195253,"DT",1,46
"Weekly",0.05,"SameTimestamp",1000,"Daily","beta_dt",0.664149795082856,0.0236665868394109,0.617707926818108,0.710591663347604,"DT",1,46
"Weekly",0.05,"SameTimestamp",1000,"Daily","LogLik_dt",918.89587471738,NA,NA,NA,"DT",1,46
"Weekly",0.05,"SameTimestamp",1000,"Daily","AIC_dt",922.89587471738,NA,NA,NA,"DT",1,46
"Weekly",0.05,"SameTimestamp",1000,"Daily","BIC_dt",932.711385275344,NA,NA,NA,"DT",1,46
"Weekly",0.05,"SameTimestamp",1000,"Weekly","error_var_ct",1.32691762836413,0.231322373691488,0.87298469419979,1.78085056252846,"CT",1,46
"Weekly",0.05,"SameTimestamp",1000,"Weekly","beta_ct",-2.69002426479486,0.464821688086412,-3.60216202894253,-1.77788650064719,"CT",1,46
"Weekly",0.05,"SameTimestamp",1000,"Weekly","LogLik_ct",1433.41998873822,NA,NA,NA,"CT",1,46
"Weekly",0.05,"SameTimestamp",1000,"Weekly","AIC_ct",1437.41998873822,NA,NA,NA,"CT",1,46
"Weekly",0.05,"SameTimestamp",1000,"Weekly","BIC_ct",1447.23549929619,NA,NA,NA,"CT",1,46
"Weekly",0.05,"SameTimestamp",1000,"Weekly","error_var_dt",0.245500319633286,0.010979107816088,0.22395558729317,0.267045051973402,"DT",1,46
"Weekly",0.05,"SameTimestamp",1000,"Weekly","beta_dt",0.0678793792631699,0.0315354532245147,0.00599612696913152,0.129762631557208,"DT",1,46
"Weekly",0.05,"SameTimestamp",1000,"Weekly","LogLik_dt",1433.41998873822,NA,NA,NA,"DT",1,46
"Weekly",0.05,"SameTimestamp",1000,"Weekly","AIC_dt",1437.41998873822,NA,NA,NA,"DT",1,46
"Weekly",0.05,"SameTimestamp",1000,"Weekly","BIC_dt",1447.23549929618,NA,NA,NA,"DT",1,46
"Weekly",0.05,"SameTimestamp",1000,"Monthly","error_var_ct",2.42190618323239,2.57305027661919,-2.62729093150865,7.47110329797342,"CT",1,46
"Weekly",0.05,"SameTimestamp",1000,"Monthly","beta_ct",-5.10438584385856,5.41967725632557,-15.7396303294123,5.53085864169514,"CT",1,46
"Weekly",0.05,"SameTimestamp",1000,"Monthly","LogLik_ct",1399.14802654687,NA,NA,NA,"CT",1,46
"Weekly",0.05,"SameTimestamp",1000,"Monthly","AIC_ct",1403.14802654687,NA,NA,NA,"CT",1,46
"Weekly",0.05,"SameTimestamp",1000,"Monthly","BIC_ct",1412.96353710484,NA,NA,NA,"CT",1,46
"Weekly",0.05,"SameTimestamp",1000,"Monthly","error_var_dt",0.237229076740437,0.0106092107409836,0.216410207886682,0.258047945594193,"DT",1,46
"Weekly",0.05,"SameTimestamp",1000,"Monthly","beta_dt",0.00607001486272163,0.0316120090535332,-0.0559634659264649,0.0681034956519081,"DT",1,46
"Weekly",0.05,"SameTimestamp",1000,"Monthly","LogLik_dt",1399.14802654685,NA,NA,NA,"DT",1,46
"Weekly",0.05,"SameTimestamp",1000,"Monthly","AIC_dt",1403.14802654685,NA,NA,NA,"DT",1,46
"Weekly",0.05,"SameTimestamp",1000,"Monthly","BIC_dt",1412.96353710481,NA,NA,NA,"DT",1,46
"Weekly",0.05,"SameTimestamp",1000,"Daily","error_var_ct",0.224784266372583,0.0121856388005187,0.20087191112949,0.248696621615675,"CT",1,47
"Weekly",0.05,"SameTimestamp",1000,"Daily","beta_ct",-0.404452361658372,0.0353296946247093,-0.473781202134102,-0.335123521182642,"CT",1,47
"Weekly",0.05,"SameTimestamp",1000,"Daily","LogLik_ct",968.119435057342,NA,NA,NA,"CT",1,47
"Weekly",0.05,"SameTimestamp",1000,"Daily","AIC_ct",972.119435057342,NA,NA,NA,"CT",1,47
"Weekly",0.05,"SameTimestamp",1000,"Daily","BIC_ct",981.934945615306,NA,NA,NA,"CT",1,47
"Weekly",0.05,"SameTimestamp",1000,"Daily","error_var_dt",0.154131361533811,0.00689384245944939,0.140603305058573,0.167659418009049,"DT",1,47
"Weekly",0.05,"SameTimestamp",1000,"Daily","beta_dt",0.667342171734223,0.0235770094422302,0.621076084696721,0.713608258771725,"DT",1,47
"Weekly",0.05,"SameTimestamp",1000,"Daily","LogLik_dt",968.119435057341,NA,NA,NA,"DT",1,47
"Weekly",0.05,"SameTimestamp",1000,"Daily","AIC_dt",972.119435057341,NA,NA,NA,"DT",1,47
"Weekly",0.05,"SameTimestamp",1000,"Daily","BIC_dt",981.934945615305,NA,NA,NA,"DT",1,47
"Weekly",0.05,"SameTimestamp",1000,"Weekly","error_var_ct",1.65750816371044,0.433178536737584,0.807464992095079,2.5075513353258,"CT",1,47
"Weekly",0.05,"SameTimestamp",1000,"Weekly","beta_ct",-3.30196430219803,0.857919377574536,-4.98549302501081,-1.61843557938525,"CT",1,47
"Weekly",0.05,"SameTimestamp",1000,"Weekly","LogLik_ct",1454.17200022618,NA,NA,NA,"CT",1,47
"Weekly",0.05,"SameTimestamp",1000,"Weekly","AIC_ct",1458.17200022618,NA,NA,NA,"CT",1,47
"Weekly",0.05,"SameTimestamp",1000,"Weekly","BIC_ct",1467.98751078414,NA,NA,NA,"CT",1,47
"Weekly",0.05,"SameTimestamp",1000,"Weekly","error_var_dt",0.25064810469443,0.0112093314623901,0.228651595495845,0.272644613893015,"DT",1,47
"Weekly",0.05,"SameTimestamp",1000,"Weekly","beta_dt",0.0368107818623007,0.0315899187696393,-0.0251793502994943,0.0988009140240956,"DT",1,47
"Weekly",0.05,"SameTimestamp",1000,"Weekly","LogLik_dt",1454.17200022618,NA,NA,NA,"DT",1,47
"Weekly",0.05,"SameTimestamp",1000,"Weekly","AIC_dt",1458.17200022618,NA,NA,NA,"DT",1,47
"Weekly",0.05,"SameTimestamp",1000,"Weekly","BIC_dt",1467.98751078414,NA,NA,NA,"DT",1,47
"Weekly",0.05,"SameTimestamp",1000,"Monthly","error_var_ct",9.07009116165952,67.2543480143761,-122.905744302451,141.04592662577,"CT",1,47
"Weekly",0.05,"SameTimestamp",1000,"Monthly","beta_ct",-17.7672011956639,131.742197556263,-276.290064054273,240.755661662945,"CT",1,47
"Weekly",0.05,"SameTimestamp",1000,"Monthly","LogLik_ct",1472.36202468675,NA,NA,NA,"CT",1,47
"Weekly",0.05,"SameTimestamp",1000,"Monthly","AIC_ct",1476.36202468675,NA,NA,NA,"CT",1,47
"Weekly",0.05,"SameTimestamp",1000,"Monthly","BIC_ct",1486.17753524471,NA,NA,NA,"CT",1,47
"Weekly",0.05,"SameTimestamp",1000,"Monthly","error_var_dt",0.255165830144329,0.0114113624250936,0.232772867692094,0.277558792596564,"DT",1,47
"Weekly",0.05,"SameTimestamp",1000,"Monthly","beta_dt",-0.018064604587445,0.0316083976488498,-0.0800909985760844,0.0439617894011945,"DT",1,47
"Weekly",0.05,"SameTimestamp",1000,"Monthly","LogLik_dt",1472.0354531625,NA,NA,NA,"DT",1,47
"Weekly",0.05,"SameTimestamp",1000,"Monthly","AIC_dt",1476.0354531625,NA,NA,NA,"DT",1,47
"Weekly",0.05,"SameTimestamp",1000,"Monthly","BIC_dt",1485.85096372047,NA,NA,NA,"DT",1,47
"Weekly",0.05,"SameTimestamp",1000,"Daily","error_var_ct",0.224606017377111,0.0122618630798916,0.200544084251697,0.248667950502525,"CT",1,48
"Weekly",0.05,"SameTimestamp",1000,"Daily","beta_ct",-0.420858474529821,0.0363244939039818,-0.492139448508845,-0.349577500550797,"CT",1,48
"Weekly",0.05,"SameTimestamp",1000,"Daily","LogLik_ct",953.181044265984,NA,NA,NA,"CT",1,48
"Weekly",0.05,"SameTimestamp",1000,"Daily","AIC_ct",957.181044265984,NA,NA,NA,"CT",1,48
"Weekly",0.05,"SameTimestamp",1000,"Daily","BIC_ct",966.996554823949,NA,NA,NA,"CT",1,48
"Weekly",0.05,"SameTimestamp",1000,"Daily","error_var_dt",0.151841518615956,0.00679154446865078,0.138514205485952,0.16516883174596,"DT",1,48
"Weekly",0.05,"SameTimestamp",1000,"Daily","beta_dt",0.656483002822928,0.0238464166635024,0.609688247466468,0.703277758179389,"DT",1,48
"Weekly",0.05,"SameTimestamp",1000,"Daily","LogLik_dt",953.181044265984,NA,NA,NA,"DT",1,48
"Weekly",0.05,"SameTimestamp",1000,"Daily","AIC_dt",957.181044265984,NA,NA,NA,"DT",1,48
"Weekly",0.05,"SameTimestamp",1000,"Daily","BIC_dt",966.996554823949,NA,NA,NA,"DT",1,48
"Weekly",0.05,"SameTimestamp",1000,"Weekly","error_var_ct",1.67117913422014,0.551847392354362,0.588267429551036,2.75409083888925,"CT",1,48
"Weekly",0.05,"SameTimestamp",1000,"Weekly","beta_ct",-3.63150798354372,1.19420641445636,-5.97494590120501,-1.28807006588242,"CT",1,48
"Weekly",0.05,"SameTimestamp",1000,"Weekly","LogLik_ct",1367.91057733823,NA,NA,NA,"CT",1,48
"Weekly",0.05,"SameTimestamp",1000,"Weekly","AIC_ct",1371.91057733823,NA,NA,NA,"CT",1,48
"Weekly",0.05,"SameTimestamp",1000,"Weekly","BIC_ct",1381.7260878962,NA,NA,NA,"CT",1,48
"Weekly",0.05,"SameTimestamp",1000,"Weekly","error_var_dt",0.229933143518895,0.010282925836384,0.209754556284919,0.250111730752871,"DT",1,48
"Weekly",0.05,"SameTimestamp",1000,"Weekly","beta_dt",0.0264763859315515,0.0315994765814878,-0.0355325018979609,0.0884852737610639,"DT",1,48
"Weekly",0.05,"SameTimestamp",1000,"Weekly","LogLik_dt",1367.91057733817,NA,NA,NA,"DT",1,48
"Weekly",0.05,"SameTimestamp",1000,"Weekly","AIC_dt",1371.91057733817,NA,NA,NA,"DT",1,48
"Weekly",0.05,"SameTimestamp",1000,"Weekly","BIC_dt",1381.72608789614,NA,NA,NA,"DT",1,48
"Weekly",0.05,"SameTimestamp",1000,"Monthly","error_var_ct",9.25955264523903,40.3871811063722,-69.993791204209,88.5128964946871,"CT",1,48
"Weekly",0.05,"SameTimestamp",1000,"Monthly","beta_ct",-18.5815730455968,81.046217735811,-177.621733461745,140.458587370551,"CT",1,48
"Weekly",0.05,"SameTimestamp",1000,"Monthly","LogLik_ct",1448.21342881479,NA,NA,NA,"CT",1,48
"Weekly",0.05,"SameTimestamp",1000,"Monthly","AIC_ct",1452.21342881479,NA,NA,NA,"CT",1,48
"Weekly",0.05,"SameTimestamp",1000,"Monthly","BIC_ct",1462.02893937275,NA,NA,NA,"CT",1,48
"Weekly",0.05,"SameTimestamp",1000,"Monthly","error_var_dt",0.249155479758117,0.011142563278545,0.227289992376047,0.271020967140187,"DT",1,48
"Weekly",0.05,"SameTimestamp",1000,"Monthly","beta_dt",-0.00380718114114914,0.0316136786629774,-0.0658439382701976,0.0582295759878993,"DT",1,48
"Weekly",0.05,"SameTimestamp",1000,"Monthly","LogLik_dt",1448.19892609846,NA,NA,NA,"DT",1,48
"Weekly",0.05,"SameTimestamp",1000,"Monthly","AIC_dt",1452.19892609846,NA,NA,NA,"DT",1,48
"Weekly",0.05,"SameTimestamp",1000,"Monthly","BIC_dt",1462.01443665642,NA,NA,NA,"DT",1,48
"Weekly",0.05,"SameTimestamp",1000,"Daily","error_var_ct",0.200673891745158,0.0109318647133655,0.179221866391813,0.222125917098502,"CT",1,49
"Weekly",0.05,"SameTimestamp",1000,"Daily","beta_ct",-0.415904726507206,0.0360234627354994,-0.48659497525977,-0.345214477754641,"CT",1,49
"Weekly",0.05,"SameTimestamp",1000,"Daily","LogLik_ct",844.70864104299,NA,NA,NA,"CT",1,49
"Weekly",0.05,"SameTimestamp",1000,"Daily","AIC_ct",848.70864104299,NA,NA,NA,"CT",1,49
"Weekly",0.05,"SameTimestamp",1000,"Daily","BIC_ct",858.524151600954,NA,NA,NA,"CT",1,49
"Weekly",0.05,"SameTimestamp",1000,"Daily","error_var_dt",0.136243193476674,0.00609359085230842,0.124285502004623,0.148200884948725,"DT",1,49
"Weekly",0.05,"SameTimestamp",1000,"Daily","beta_dt",0.659743127596071,0.0237664434286263,0.613105306843828,0.706380948348315,"DT",1,49
"Weekly",0.05,"SameTimestamp",1000,"Daily","LogLik_dt",844.70864104299,NA,NA,NA,"DT",1,49
"Weekly",0.05,"SameTimestamp",1000,"Daily","AIC_dt",848.70864104299,NA,NA,NA,"DT",1,49
"Weekly",0.05,"SameTimestamp",1000,"Daily","BIC_dt",858.524151600955,NA,NA,NA,"DT",1,49
"Weekly",0.05,"SameTimestamp",1000,"Weekly","error_var_ct",1.46780643401045,0.316034781910953,0.847639030566133,2.08797383745476,"CT",1,49
"Weekly",0.05,"SameTimestamp",1000,"Weekly","beta_ct",-3.01651529556063,0.644693562478803,-4.28162266836999,-1.75140792275127,"CT",1,49
"Weekly",0.05,"SameTimestamp",1000,"Weekly","LogLik_ct",1421.9953097001,NA,NA,NA,"CT",1,49
"Weekly",0.05,"SameTimestamp",1000,"Weekly","AIC_ct",1425.9953097001,NA,NA,NA,"CT",1,49
"Weekly",0.05,"SameTimestamp",1000,"Weekly","BIC_ct",1435.81082025807,NA,NA,NA,"CT",1,49
"Weekly",0.05,"SameTimestamp",1000,"Weekly","error_var_dt",0.242711503111071,0.0108543758805706,0.221411537122648,0.264011469099494,"DT",1,49
"Weekly",0.05,"SameTimestamp",1000,"Weekly","beta_dt",0.0489720316368585,0.0315742288279616,-0.0129873115392063,0.110931374812923,"DT",1,49
"Weekly",0.05,"SameTimestamp",1000,"Weekly","LogLik_dt",1421.99530969985,NA,NA,NA,"DT",1,49
"Weekly",0.05,"SameTimestamp",1000,"Weekly","AIC_dt",1425.99530969985,NA,NA,NA,"DT",1,49
"Weekly",0.05,"SameTimestamp",1000,"Weekly","BIC_dt",1435.81082025782,NA,NA,NA,"DT",1,49
"Weekly",0.05,"SameTimestamp",1000,"Monthly","error_var_ct",1.6918434795993,0.502184265364683,0.706387669898087,2.67729928930052,"CT",1,49
"Weekly",0.05,"SameTimestamp",1000,"Monthly","beta_ct",-3.4843784824956,1.029235309763,-5.50408715421,-1.46466981078119,"CT",1,49
"Weekly",0.05,"SameTimestamp",1000,"Monthly","LogLik_ct",1421.31763892132,NA,NA,NA,"CT",1,49
"Weekly",0.05,"SameTimestamp",1000,"Monthly","AIC_ct",1425.31763892132,NA,NA,NA,"CT",1,49
"Weekly",0.05,"SameTimestamp",1000,"Monthly","BIC_ct",1435.13314947928,NA,NA,NA,"CT",1,49
"Weekly",0.05,"SameTimestamp",1000,"Monthly","error_var_dt",0.242547083367624,0.0108470408819994,0.221261511133555,0.263832655601694,"DT",1,49
"Weekly",0.05,"SameTimestamp",1000,"Monthly","beta_dt",0.0306727480291423,0.0315919282280366,-0.031321327371397,0.0926668234296815,"DT",1,49
"Weekly",0.05,"SameTimestamp",1000,"Monthly","LogLik_dt",1421.31763892131,NA,NA,NA,"DT",1,49
"Weekly",0.05,"SameTimestamp",1000,"Monthly","AIC_dt",1425.31763892131,NA,NA,NA,"DT",1,49
"Weekly",0.05,"SameTimestamp",1000,"Monthly","BIC_dt",1435.13314947928,NA,NA,NA,"DT",1,49
"Weekly",0.05,"SameTimestamp",1000,"Daily","error_var_ct",0.208301366714458,0.0110853220367358,0.186548206058225,0.230054527370691,"CT",1,50
"Weekly",0.05,"SameTimestamp",1000,"Daily","beta_ct",-0.364770329731983,0.0327746675825757,-0.429085340790365,-0.3004553186736,"CT",1,50
"Weekly",0.05,"SameTimestamp",1000,"Daily","LogLik_ct",926.606867382122,NA,NA,NA,"CT",1,50
"Weekly",0.05,"SameTimestamp",1000,"Daily","AIC_ct",930.606867382122,NA,NA,NA,"CT",1,50
"Weekly",0.05,"SameTimestamp",1000,"Daily","BIC_ct",940.422377940087,NA,NA,NA,"CT",1,50
"Weekly",0.05,"SameTimestamp",1000,"Daily","error_var_dt",0.147864198729493,0.00661351444138802,0.134886240879548,0.160842156579439,"DT",1,50
"Weekly",0.05,"SameTimestamp",1000,"Daily","beta_dt",0.694356107358678,0.0227573854254001,0.649698400560986,0.73901381415637,"DT",1,50
"Weekly",0.05,"SameTimestamp",1000,"Daily","LogLik_dt",926.606867382123,NA,NA,NA,"DT",1,50
"Weekly",0.05,"SameTimestamp",1000,"Daily","AIC_dt",930.606867382123,NA,NA,NA,"DT",1,50
"Weekly",0.05,"SameTimestamp",1000,"Daily","BIC_dt",940.422377940087,NA,NA,NA,"DT",1,50
"Weekly",0.05,"SameTimestamp",1000,"Weekly","error_var_ct",1.33260628000124,0.203963617191398,0.932360502919845,1.73285205708264,"CT",1,50
"Weekly",0.05,"SameTimestamp",1000,"Weekly","beta_ct",-2.48054574151227,0.37626780866291,-3.21891076730841,-1.74218071571613,"CT",1,50
"Weekly",0.05,"SameTimestamp",1000,"Weekly","LogLik_ct",1516.358643249,NA,NA,NA,"CT",1,50
"Weekly",0.05,"SameTimestamp",1000,"Weekly","AIC_ct",1520.358643249,NA,NA,NA,"CT",1,50
"Weekly",0.05,"SameTimestamp",1000,"Weekly","BIC_ct",1530.17415380697,NA,NA,NA,"CT",1,50
"Weekly",0.05,"SameTimestamp",1000,"Weekly","error_var_dt",0.266729810550421,0.0119285397858703,0.243321970751415,0.290137650349427,"DT",1,50
"Weekly",0.05,"SameTimestamp",1000,"Weekly","beta_dt",0.083697523951529,0.0314996618657913,0.0218845064394694,0.145510541463589,"DT",1,50
"Weekly",0.05,"SameTimestamp",1000,"Weekly","LogLik_dt",1516.35864324901,NA,NA,NA,"DT",1,50
"Weekly",0.05,"SameTimestamp",1000,"Weekly","AIC_dt",1520.35864324901,NA,NA,NA,"DT",1,50
"Weekly",0.05,"SameTimestamp",1000,"Weekly","BIC_dt",1530.17415380697,NA,NA,NA,"DT",1,50
"Weekly",0.05,"SameTimestamp",1000,"Monthly","error_var_ct",1.52989200276982,0.361264647095155,0.820968267254035,2.2388157382856,"CT",1,50
"Weekly",0.05,"SameTimestamp",1000,"Monthly","beta_ct",-3.15218039327347,0.739397672187712,-4.60312934167949,-1.70123144486745,"CT",1,50
"Weekly",0.05,"SameTimestamp",1000,"Monthly","LogLik_ct",1420.00268299347,NA,NA,NA,"CT",1,50
"Weekly",0.05,"SameTimestamp",1000,"Monthly","AIC_ct",1424.00268299347,NA,NA,NA,"CT",1,50
"Weekly",0.05,"SameTimestamp",1000,"Monthly","BIC_ct",1433.81819355143,NA,NA,NA,"CT",1,50
"Weekly",0.05,"SameTimestamp",1000,"Monthly","error_var_dt",0.242228305721487,0.010832780157922,0.220970717863596,0.263485893579378,"DT",1,50
"Weekly",0.05,"SameTimestamp",1000,"Monthly","beta_dt",0.0427589296920237,0.0315937707692298,-0.0192387613991069,0.104756620783154,"DT",1,50
"Weekly",0.05,"SameTimestamp",1000,"Monthly","LogLik_dt",1420.00268299343,NA,NA,NA,"DT",1,50
"Weekly",0.05,"SameTimestamp",1000,"Monthly","AIC_dt",1424.00268299343,NA,NA,NA,"DT",1,50
"Weekly",0.05,"SameTimestamp",1000,"Monthly","BIC_dt",1433.8181935514,NA,NA,NA,"DT",1,50
"Weekly",0.05,"SameTimestamp",1000,"Daily","error_var_ct",0.218727124225183,0.0120540354388981,0.195073019401767,0.242381229048599,"CT",1,51
"Weekly",0.05,"SameTimestamp",1000,"Daily","beta_ct",-0.440228755494886,0.0376385956875276,-0.514088442759946,-0.366369068229826,"CT",1,51
"Weekly",0.05,"SameTimestamp",1000,"Daily","LogLik_ct",909.933992269123,NA,NA,NA,"CT",1,51
"Weekly",0.05,"SameTimestamp",1000,"Daily","AIC_ct",913.933992269123,NA,NA,NA,"CT",1,51
"Weekly",0.05,"SameTimestamp",1000,"Daily","BIC_ct",923.749502827087,NA,NA,NA,"CT",1,51
"Weekly",0.05,"SameTimestamp",1000,"Daily","error_var_dt",0.145429318579406,0.006504359581199,0.132665559577471,0.15819307758134,"DT",1,51
"Weekly",0.05,"SameTimestamp",1000,"Daily","beta_dt",0.643889128069483,0.0242348535224629,0.596332127884251,0.691446128254716,"DT",1,51
"Weekly",0.05,"SameTimestamp",1000,"Daily","LogLik_dt",909.933992269123,NA,NA,NA,"DT",1,51
"Weekly",0.05,"SameTimestamp",1000,"Daily","AIC_dt",913.933992269123,NA,NA,NA,"DT",1,51
"Weekly",0.05,"SameTimestamp",1000,"Daily","BIC_dt",923.749502827087,NA,NA,NA,"DT",1,51
"Weekly",0.05,"SameTimestamp",1000,"Weekly","error_var_ct",1.24365232811775,0.182064889271924,0.886379280653125,1.60092537558238,"CT",1,51
"Weekly",0.05,"SameTimestamp",1000,"Weekly","beta_ct",-2.40051761077482,0.348483126700902,-3.08435966930858,-1.71667555224106,"CT",1,51
"Weekly",0.05,"SameTimestamp",1000,"Weekly","LogLik_ct",1478.84255715051,NA,NA,NA,"CT",1,51
"Weekly",0.05,"SameTimestamp",1000,"Weekly","AIC_ct",1482.84255715051,NA,NA,NA,"CT",1,51
"Weekly",0.05,"SameTimestamp",1000,"Weekly","BIC_ct",1492.65806770847,NA,NA,NA,"CT",1,51
"Weekly",0.05,"SameTimestamp",1000,"Weekly","error_var_dt",0.256908692257306,0.0114893064879018,0.234362777124504,0.279454607390108,"DT",1,51
"Weekly",0.05,"SameTimestamp",1000,"Weekly","beta_dt",0.0906709606446909,0.0315850774615554,0.0286903287709514,0.15265159251843,"DT",1,51
"Weekly",0.05,"SameTimestamp",1000,"Weekly","LogLik_dt",1478.84255715048,NA,NA,NA,"DT",1,51
"Weekly",0.05,"SameTimestamp",1000,"Weekly","AIC_dt",1482.84255715048,NA,NA,NA,"DT",1,51
"Weekly",0.05,"SameTimestamp",1000,"Weekly","BIC_dt",1492.65806770844,NA,NA,NA,"DT",1,51
"Weekly",0.05,"SameTimestamp",1000,"Monthly","error_var_ct",10.4462385039784,394.569537730472,-763.832985488137,784.725462496093,"CT",1,51
"Weekly",0.05,"SameTimestamp",1000,"Monthly","beta_ct",-20.2901774509107,766.381376274777,-1524.19030293243,1483.60994803061,"CT",1,51
"Weekly",0.05,"SameTimestamp",1000,"Monthly","LogLik_ct",1480.83551458241,NA,NA,NA,"CT",1,51
"Weekly",0.05,"SameTimestamp",1000,"Monthly","AIC_ct",1484.83551458241,NA,NA,NA,"CT",1,51
"Weekly",0.05,"SameTimestamp",1000,"Monthly","BIC_ct",1494.65102514037,NA,NA,NA,"CT",1,51
"Weekly",0.05,"SameTimestamp",1000,"Monthly","error_var_dt",0.257336316170543,0.0115084367077085,0.234752861059789,0.279919771281296,"DT",1,51
"Weekly",0.05,"SameTimestamp",1000,"Monthly","beta_dt",-0.0181792896803892,0.031648626984685,-0.0802846272669338,0.0439260479061555,"DT",1,51
"Weekly",0.05,"SameTimestamp",1000,"Monthly","LogLik_dt",1480.50562491893,NA,NA,NA,"DT",1,51
"Weekly",0.05,"SameTimestamp",1000,"Monthly","AIC_dt",1484.50562491893,NA,NA,NA,"DT",1,51
"Weekly",0.05,"SameTimestamp",1000,"Monthly","BIC_dt",1494.3211354769,NA,NA,NA,"DT",1,51
"Weekly",0.05,"SameTimestamp",1000,"Daily","error_var_ct",0.210799472270396,0.0112245459552057,0.188773107077964,0.232825837462828,"CT",1,52
"Weekly",0.05,"SameTimestamp",1000,"Daily","beta_ct",-0.365856897879686,0.0328374114043943,-0.430295033591704,-0.301418762167669,"CT",1,52
"Weekly",0.05,"SameTimestamp",1000,"Daily","LogLik_ct",937.82946673998,NA,NA,NA,"CT",1,52
"Weekly",0.05,"SameTimestamp",1000,"Daily","AIC_ct",941.82946673998,NA,NA,NA,"CT",1,52
"Weekly",0.05,"SameTimestamp",1000,"Daily","BIC_ct",951.644977297944,NA,NA,NA,"CT",1,52
"Weekly",0.05,"SameTimestamp",1000,"Daily","error_var_dt",0.149494598182571,0.00668738976920353,0.136371671889745,0.162617524475398,"DT",1,52
"Weekly",0.05,"SameTimestamp",1000,"Daily","beta_dt",0.693602052740196,0.0227764243089661,0.648906985197227,0.738297120283164,"DT",1,52
"Weekly",0.05,"SameTimestamp",1000,"Daily","LogLik_dt",937.829466739982,NA,NA,NA,"DT",1,52
"Weekly",0.05,"SameTimestamp",1000,"Daily","AIC_dt",941.829466739982,NA,NA,NA,"DT",1,52
"Weekly",0.05,"SameTimestamp",1000,"Daily","BIC_dt",951.644977297946,NA,NA,NA,"DT",1,52
"Weekly",0.05,"SameTimestamp",1000,"Weekly","error_var_ct",1.48621147664094,0.261202784708645,0.973643044186477,1.9987799090954,"CT",1,52
"Weekly",0.05,"SameTimestamp",1000,"Weekly","beta_ct",-2.70296539082901,0.470879945113509,-3.62699150950265,-1.77893927215538,"CT",1,52
"Weekly",0.05,"SameTimestamp",1000,"Weekly","LogLik_ct",1542.11343925105,NA,NA,NA,"CT",1,52
"Weekly",0.05,"SameTimestamp",1000,"Weekly","AIC_ct",1546.11343925105,NA,NA,NA,"CT",1,52
"Weekly",0.05,"SameTimestamp",1000,"Weekly","BIC_ct",1555.92894980902,NA,NA,NA,"CT",1,52
"Weekly",0.05,"SameTimestamp",1000,"Weekly","error_var_dt",0.273688037771498,0.0122397479443833,0.24966950204077,0.297706573502226,"DT",1,52
"Weekly",0.05,"SameTimestamp",1000,"Weekly","beta_dt",0.0670064889419875,0.0315468899039852,0.00510079400486926,0.128912183879106,"DT",1,52
"Weekly",0.05,"SameTimestamp",1000,"Weekly","LogLik_dt",1542.11343925105,NA,NA,NA,"DT",1,52
"Weekly",0.05,"SameTimestamp",1000,"Weekly","AIC_dt",1546.11343925105,NA,NA,NA,"DT",1,52
"Weekly",0.05,"SameTimestamp",1000,"Weekly","BIC_dt",1555.92894980902,NA,NA,NA,"DT",1,52
"Weekly",0.05,"SameTimestamp",1000,"Monthly","error_var_ct",2.17391225559649,1.27806846180285,-0.334091434970942,4.68191594616392,"CT",1,52
"Weekly",0.05,"SameTimestamp",1000,"Monthly","beta_ct",-4.41261188606576,2.59021526755989,-9.49549253335177,0.670268761220254,"CT",1,52
"Weekly",0.05,"SameTimestamp",1000,"Monthly","LogLik_ct",1436.64463431248,NA,NA,NA,"CT",1,52
"Weekly",0.05,"SameTimestamp",1000,"Monthly","AIC_ct",1440.64463431248,NA,NA,NA,"CT",1,52
"Weekly",0.05,"SameTimestamp",1000,"Monthly","BIC_ct",1450.46014487045,NA,NA,NA,"CT",1,52
"Weekly",0.05,"SameTimestamp",1000,"Monthly","error_var_dt",0.24629321147507,0.0110145601203839,0.224678909692729,0.267907513257412,"DT",1,52
"Weekly",0.05,"SameTimestamp",1000,"Monthly","beta_dt",0.0121234190790907,0.0316162918670536,-0.0499184660424426,0.074165304200624,"DT",1,52
"Weekly",0.05,"SameTimestamp",1000,"Monthly","LogLik_dt",1436.64463431248,NA,NA,NA,"DT",1,52
"Weekly",0.05,"SameTimestamp",1000,"Monthly","AIC_dt",1440.64463431248,NA,NA,NA,"DT",1,52
"Weekly",0.05,"SameTimestamp",1000,"Monthly","BIC_dt",1450.46014487044,NA,NA,NA,"DT",1,52
"Weekly",0.05,"SameTimestamp",1000,"Daily","error_var_ct",0.203953498281491,0.0110976113344302,0.182176221856117,0.225730774706865,"CT",1,53
"Weekly",0.05,"SameTimestamp",1000,"Daily","beta_ct",-0.412567403396923,0.0358188069898852,-0.482856048181752,-0.342278758612093,"CT",1,53
"Weekly",0.05,"SameTimestamp",1000,"Daily","LogLik_ct",864.408573281558,NA,NA,NA,"CT",1,53
"Weekly",0.05,"SameTimestamp",1000,"Daily","AIC_ct",868.408573281558,NA,NA,NA,"CT",1,53
"Weekly",0.05,"SameTimestamp",1000,"Daily","BIC_ct",878.224083839523,NA,NA,NA,"CT",1,53
"Weekly",0.05,"SameTimestamp",1000,"Daily","error_var_dt",0.138869418807419,0.00621315921910587,0.126677093656371,0.151061743958467,"DT",1,53
"Weekly",0.05,"SameTimestamp",1000,"Daily","beta_dt",0.661948568488342,0.0237102405134912,0.615421036912924,0.708476100063759,"DT",1,53
"Weekly",0.05,"SameTimestamp",1000,"Daily","LogLik_dt",864.408573281557,NA,NA,NA,"DT",1,53
"Weekly",0.05,"SameTimestamp",1000,"Daily","AIC_dt",868.408573281557,NA,NA,NA,"DT",1,53
"Weekly",0.05,"SameTimestamp",1000,"Daily","BIC_dt",878.224083839521,NA,NA,NA,"DT",1,53
"Weekly",0.05,"SameTimestamp",1000,"Weekly","error_var_ct",2.52355934051435,2.43507499848897,-2.25488349376386,7.30200217479256,"CT",1,53
"Weekly",0.05,"SameTimestamp",1000,"Weekly","beta_ct",-5.03525098105362,4.85547529261845,-14.5633399037459,4.49283794163861,"CT",1,53
"Weekly",0.05,"SameTimestamp",1000,"Weekly","LogLik_ct",1453.89461439014,NA,NA,NA,"CT",1,53
"Weekly",0.05,"SameTimestamp",1000,"Weekly","AIC_ct",1457.89461439014,NA,NA,NA,"CT",1,53
"Weekly",0.05,"SameTimestamp",1000,"Weekly","BIC_ct",1467.71012494811,NA,NA,NA,"CT",1,53
"Weekly",0.05,"SameTimestamp",1000,"Weekly","error_var_dt",0.250578636147761,0.0112062183662218,0.22858823589945,0.272569036396073,"DT",1,53
"Weekly",0.05,"SameTimestamp",1000,"Weekly","beta_dt",0.00650456540025414,0.031627782532938,-0.0555598683040089,0.0685689991045172,"DT",1,53
"Weekly",0.05,"SameTimestamp",1000,"Weekly","LogLik_dt",1453.89461439014,NA,NA,NA,"DT",1,53
"Weekly",0.05,"SameTimestamp",1000,"Weekly","AIC_dt",1457.89461439014,NA,NA,NA,"DT",1,53
"Weekly",0.05,"SameTimestamp",1000,"Weekly","BIC_dt",1467.7101249481,NA,NA,NA,"DT",1,53
"Weekly",0.05,"SameTimestamp",1000,"Monthly","error_var_ct",10.5356943053132,50.8035535554323,-89.158104281369,110.229492891995,"CT",1,53
"Weekly",0.05,"SameTimestamp",1000,"Monthly","beta_ct",-21.4716366893144,103.535028588942,-224.642469523874,181.699196145245,"CT",1,53
"Weekly",0.05,"SameTimestamp",1000,"Monthly","LogLik_ct",1432.76632432816,NA,NA,NA,"CT",1,53
"Weekly",0.05,"SameTimestamp",1000,"Monthly","AIC_ct",1436.76632432816,NA,NA,NA,"CT",1,53
"Weekly",0.05,"SameTimestamp",1000,"Monthly","BIC_ct",1446.58183488612,NA,NA,NA,"CT",1,53
"Weekly",0.05,"SameTimestamp",1000,"Monthly","error_var_dt",0.245174415229798,0.0109645307907515,0.223658287956182,0.266690542503414,"DT",1,53
"Weekly",0.05,"SameTimestamp",1000,"Monthly","beta_dt",-0.0259584578614441,0.0316198224307318,-0.0880072711460606,0.0360903554231724,"DT",1,53
"Weekly",0.05,"SameTimestamp",1000,"Monthly","LogLik_dt",1432.09260013915,NA,NA,NA,"DT",1,53
"Weekly",0.05,"SameTimestamp",1000,"Monthly","AIC_dt",1436.09260013915,NA,NA,NA,"DT",1,53
"Weekly",0.05,"SameTimestamp",1000,"Monthly","BIC_dt",1445.90811069711,NA,NA,NA,"DT",1,53
"Weekly",0.05,"SameTimestamp",1000,"Daily","error_var_ct",0.23233837009537,0.0129401297321904,0.206945447810929,0.257731292379811,"CT",1,54
"Weekly",0.05,"SameTimestamp",1000,"Daily","beta_ct",-0.463201696652873,0.0391358305921033,-0.539999466484359,-0.386403926821387,"CT",1,54
"Weekly",0.05,"SameTimestamp",1000,"Daily","LogLik_ct",950.743594845725,NA,NA,NA,"CT",1,54
"Weekly",0.05,"SameTimestamp",1000,"Daily","AIC_ct",954.743594845725,NA,NA,NA,"CT",1,54
"Weekly",0.05,"SameTimestamp",1000,"Daily","BIC_ct",964.559105403689,NA,NA,NA,"CT",1,54
"Weekly",0.05,"SameTimestamp",1000,"Daily","error_var_dt",0.151487042492727,0.00677529289591519,0.138191620459027,0.164782464526427,"DT",1,54
"Weekly",0.05,"SameTimestamp",1000,"Daily","beta_dt",0.629265699616839,0.0246267816641654,0.580939603522268,0.67759179571141,"DT",1,54
"Weekly",0.05,"SameTimestamp",1000,"Daily","LogLik_dt",950.743594845725,NA,NA,NA,"DT",1,54
"Weekly",0.05,"SameTimestamp",1000,"Daily","AIC_dt",954.743594845725,NA,NA,NA,"DT",1,54
"Weekly",0.05,"SameTimestamp",1000,"Daily","BIC_dt",964.55910540369,NA,NA,NA,"DT",1,54
"Weekly",0.05,"SameTimestamp",1000,"Weekly","error_var_ct",1.27034548251137,0.210882128608908,0.856523240094249,1.68416772492849,"CT",1,54
"Weekly",0.05,"SameTimestamp",1000,"Weekly","beta_ct",-2.61252797278933,0.429793702359409,-3.45592895162227,-1.76912699395639,"CT",1,54
"Weekly",0.05,"SameTimestamp",1000,"Weekly","LogLik_ct",1418.30606845689,NA,NA,NA,"CT",1,54
"Weekly",0.05,"SameTimestamp",1000,"Weekly","AIC_ct",1422.30606845689,NA,NA,NA,"CT",1,54
"Weekly",0.05,"SameTimestamp",1000,"Weekly","BIC_ct",1432.12157901485,NA,NA,NA,"CT",1,54
"Weekly",0.05,"SameTimestamp",1000,"Weekly","error_var_dt",0.241817700753328,0.0108144172380274,0.220596147170784,0.263039254335872,"DT",1,54
"Weekly",0.05,"SameTimestamp",1000,"Weekly","beta_dt",0.0733489422480525,0.031521967556514,0.0114921534073631,0.135205731088742,"DT",1,54
"Weekly",0.05,"SameTimestamp",1000,"Weekly","LogLik_dt",1418.3060684569,NA,NA,NA,"DT",1,54
"Weekly",0.05,"SameTimestamp",1000,"Weekly","AIC_dt",1422.3060684569,NA,NA,NA,"DT",1,54
"Weekly",0.05,"SameTimestamp",1000,"Weekly","BIC_dt",1432.12157901486,NA,NA,NA,"DT",1,54
"Weekly",0.05,"SameTimestamp",1000,"Monthly","error_var_ct",9.44203487837041,29.5877648817967,-48.6191924634825,67.5032622202233,"CT",1,54
"Weekly",0.05,"SameTimestamp",1000,"Monthly","beta_ct",-19.0569769627894,59.7182856488556,-136.244502731494,98.1305488059147,"CT",1,54
"Weekly",0.05,"SameTimestamp",1000,"Monthly","LogLik_ct",1442.47018491329,NA,NA,NA,"CT",1,54
"Weekly",0.05,"SameTimestamp",1000,"Monthly","AIC_ct",1446.47018491329,NA,NA,NA,"CT",1,54
"Weekly",0.05,"SameTimestamp",1000,"Monthly","BIC_ct",1456.28569547125,NA,NA,NA,"CT",1,54
"Weekly",0.05,"SameTimestamp",1000,"Monthly","error_var_dt",0.24765469758835,0.0110754505219146,0.225920908191438,0.269388486985263,"DT",1,54
"Weekly",0.05,"SameTimestamp",1000,"Monthly","beta_dt",-0.017690795058094,0.0316206305471801,-0.0797411941411988,0.0443596040250108,"DT",1,54
"Weekly",0.05,"SameTimestamp",1000,"Monthly","LogLik_dt",1442.15722764805,NA,NA,NA,"DT",1,54
"Weekly",0.05,"SameTimestamp",1000,"Monthly","AIC_dt",1446.15722764805,NA,NA,NA,"DT",1,54
"Weekly",0.05,"SameTimestamp",1000,"Monthly","BIC_dt",1455.97273820601,NA,NA,NA,"DT",1,54
"Weekly",0.05,"SameTimestamp",1000,"Daily","error_var_ct",0.19659077640257,0.0105644113697372,0.175859819105808,0.217321733699332,"CT",1,55
"Weekly",0.05,"SameTimestamp",1000,"Daily","beta_ct",-0.385360540324097,0.0340974739873171,-0.452271346086872,-0.318449734561323,"CT",1,55
"Weekly",0.05,"SameTimestamp",1000,"Daily","LogLik_ct",850.998605123095,NA,NA,NA,"CT",1,55
"Weekly",0.05,"SameTimestamp",1000,"Daily","AIC_ct",854.998605123095,NA,NA,NA,"CT",1,55
"Weekly",0.05,"SameTimestamp",1000,"Daily","BIC_ct",864.81411568106,NA,NA,NA,"CT",1,55
"Weekly",0.05,"SameTimestamp",1000,"Daily","error_var_dt",0.137056459813693,0.00613109044675199,0.12502518142195,0.149087738205436,"DT",1,55
"Weekly",0.05,"SameTimestamp",1000,"Daily","beta_dt",0.680205375816832,0.0231930423070474,0.634692762494452,0.725717989139211,"DT",1,55
"Weekly",0.05,"SameTimestamp",1000,"Daily","LogLik_dt",850.998605123102,NA,NA,NA,"DT",1,55
"Weekly",0.05,"SameTimestamp",1000,"Daily","AIC_dt",854.998605123102,NA,NA,NA,"DT",1,55
"Weekly",0.05,"SameTimestamp",1000,"Daily","BIC_dt",864.814115681066,NA,NA,NA,"DT",1,55
"Weekly",0.05,"SameTimestamp",1000,"Weekly","error_var_ct",1.7229044663092,0.480702436201776,0.779603289501989,2.66620564311641,"CT",1,55
"Weekly",0.05,"SameTimestamp",1000,"Weekly","beta_ct",-3.39529300448274,0.94227751837503,-5.24436100377419,-1.5462250051913,"CT",1,55
"Weekly",0.05,"SameTimestamp",1000,"Weekly","LogLik_ct",1465.22718676853,NA,NA,NA,"CT",1,55
"Weekly",0.05,"SameTimestamp",1000,"Weekly","AIC_ct",1469.22718676853,NA,NA,NA,"CT",1,55
"Weekly",0.05,"SameTimestamp",1000,"Weekly","BIC_ct",1479.04269732649,NA,NA,NA,"CT",1,55
"Weekly",0.05,"SameTimestamp",1000,"Weekly","error_var_dt",0.253434346645795,0.0113339456507507,0.231193302155364,0.275675391136226,"DT",1,55
"Weekly",0.05,"SameTimestamp",1000,"Weekly","beta_dt",0.0335308488843769,0.0316291219212474,-0.0285362131539101,0.095597910922664,"DT",1,55
"Weekly",0.05,"SameTimestamp",1000,"Weekly","LogLik_dt",1465.22718676856,NA,NA,NA,"DT",1,55
"Weekly",0.05,"SameTimestamp",1000,"Weekly","AIC_dt",1469.22718676856,NA,NA,NA,"DT",1,55
"Weekly",0.05,"SameTimestamp",1000,"Weekly","BIC_dt",1479.04269732653,NA,NA,NA,"DT",1,55
"Weekly",0.05,"SameTimestamp",1000,"Monthly","error_var_ct",2.08559284167695,0.837919085033044,0.441311474546304,3.7298742088076,"CT",1,55
"Weekly",0.05,"SameTimestamp",1000,"Monthly","beta_ct",-3.89783620011648,1.5612311656112,-6.96150113059951,-0.834171269633448,"CT",1,55
"Weekly",0.05,"SameTimestamp",1000,"Monthly","LogLik_ct",1518.95009705053,NA,NA,NA,"CT",1,55
"Weekly",0.05,"SameTimestamp",1000,"Monthly","AIC_ct",1522.95009705053,NA,NA,NA,"CT",1,55
"Weekly",0.05,"SameTimestamp",1000,"Monthly","BIC_ct",1532.7656076085,NA,NA,NA,"CT",1,55
"Weekly",0.05,"SameTimestamp",1000,"Monthly","error_var_dt",0.267422030405241,0.0119594864675062,0.243953462723439,0.290890598087043,"DT",1,55
"Weekly",0.05,"SameTimestamp",1000,"Monthly","beta_dt",0.0202857086027764,0.0316117593383594,-0.0417472821605654,0.0823186993661181,"DT",1,55
"Weekly",0.05,"SameTimestamp",1000,"Monthly","LogLik_dt",1518.95009705053,NA,NA,NA,"DT",1,55
"Weekly",0.05,"SameTimestamp",1000,"Monthly","AIC_dt",1522.95009705053,NA,NA,NA,"DT",1,55
"Weekly",0.05,"SameTimestamp",1000,"Monthly","BIC_dt",1532.76560760849,NA,NA,NA,"DT",1,55
"Weekly",0.05,"SameTimestamp",1000,"Daily","error_var_ct",0.224843252708997,0.0122773043068117,0.200751018660542,0.248935486757452,"CT",1,56
"Weekly",0.05,"SameTimestamp",1000,"Daily","beta_ct",-0.421339814688935,0.0363590223316462,-0.492688545150965,-0.349991084226906,"CT",1,56
"Weekly",0.05,"SameTimestamp",1000,"Daily","LogLik_ct",953.723418071164,NA,NA,NA,"CT",1,56
"Weekly",0.05,"SameTimestamp",1000,"Daily","AIC_ct",957.723418071164,NA,NA,NA,"CT",1,56
"Weekly",0.05,"SameTimestamp",1000,"Daily","BIC_ct",967.538928629128,NA,NA,NA,"CT",1,56
"Weekly",0.05,"SameTimestamp",1000,"Daily","error_var_dt",0.151938893737871,0.00679550832441388,0.138603802178792,0.165273985296949,"DT",1,56
"Weekly",0.05,"SameTimestamp",1000,"Daily","beta_dt",0.656167091385272,0.0238574520263546,0.609350680905015,0.702983501865529,"DT",1,56
"Weekly",0.05,"SameTimestamp",1000,"Daily","LogLik_dt",953.723418071163,NA,NA,NA,"DT",1,56
"Weekly",0.05,"SameTimestamp",1000,"Daily","AIC_dt",957.723418071163,NA,NA,NA,"DT",1,56
"Weekly",0.05,"SameTimestamp",1000,"Daily","BIC_dt",967.538928629127,NA,NA,NA,"DT",1,56
"Weekly",0.05,"SameTimestamp",1000,"Weekly","error_var_ct",8.19224732150228,72.0989047473854,-133.290251149073,149.674745792077,"CT",1,56
"Weekly",0.05,"SameTimestamp",1000,"Weekly","beta_ct",-15.6369537126527,137.620164990397,-285.694381783087,254.420474357782,"CT",1,56
"Weekly",0.05,"SameTimestamp",1000,"Weekly","LogLik_ct",1498.28736417133,NA,NA,NA,"CT",1,56
"Weekly",0.05,"SameTimestamp",1000,"Weekly","AIC_ct",1502.28736417133,NA,NA,NA,"CT",1,56
"Weekly",0.05,"SameTimestamp",1000,"Weekly","BIC_ct",1512.10287472929,NA,NA,NA,"CT",1,56
"Weekly",0.05,"SameTimestamp",1000,"Weekly","error_var_dt",0.261939157547904,0.0117142920484408,0.238951744457035,0.284926570638774,"DT",1,56
"Weekly",0.05,"SameTimestamp",1000,"Weekly","beta_dt",-0.00729883159159277,0.03160817290168,-0.0693247845500776,0.0547271213668921,"DT",1,56
"Weekly",0.05,"SameTimestamp",1000,"Weekly","LogLik_dt",1498.23404057141,NA,NA,NA,"DT",1,56
"Weekly",0.05,"SameTimestamp",1000,"Weekly","AIC_dt",1502.23404057141,NA,NA,NA,"DT",1,56
"Weekly",0.05,"SameTimestamp",1000,"Weekly","BIC_dt",1512.04955112937,NA,NA,NA,"DT",1,56
"Weekly",0.05,"SameTimestamp",1000,"Monthly","error_var_ct",12.9044857099235,52.7518635237711,-90.6125576691936,116.421529089041,"CT",1,56
"Weekly",0.05,"SameTimestamp",1000,"Monthly","beta_ct",-23.3830238721632,95.584395617743,-210.952018910033,164.185971165706,"CT",1,56
"Weekly",0.05,"SameTimestamp",1000,"Monthly","LogLik_ct",1550.29314603155,NA,NA,NA,"CT",1,56
"Weekly",0.05,"SameTimestamp",1000,"Monthly","AIC_ct",1554.29314603155,NA,NA,NA,"CT",1,56
"Weekly",0.05,"SameTimestamp",1000,"Monthly","BIC_ct",1564.10865658951,NA,NA,NA,"CT",1,56
"Weekly",0.05,"SameTimestamp",1000,"Monthly","error_var_dt",0.27578537167075,0.0123334714725993,0.251582918597811,0.299987824743689,"DT",1,56
"Weekly",0.05,"SameTimestamp",1000,"Monthly","beta_dt",-0.0234247959053775,0.0316261670404191,-0.0854860594655359,0.0386364676547809,"DT",1,56
"Weekly",0.05,"SameTimestamp",1000,"Monthly","LogLik_dt",1549.7446935481,NA,NA,NA,"DT",1,56
"Weekly",0.05,"SameTimestamp",1000,"Monthly","AIC_dt",1553.7446935481,NA,NA,NA,"DT",1,56
"Weekly",0.05,"SameTimestamp",1000,"Monthly","BIC_dt",1563.56020410607,NA,NA,NA,"DT",1,56
"Weekly",0.05,"SameTimestamp",1000,"Daily","error_var_ct",0.204762032543779,0.0112180015807416,0.182748509633117,0.226775555454441,"CT",1,57
"Weekly",0.05,"SameTimestamp",1000,"Daily","beta_ct",-0.427247694284843,0.0368016444859335,-0.49946499949827,-0.355030389071417,"CT",1,57
"Weekly",0.05,"SameTimestamp",1000,"Daily","LogLik_ct",855.160832930382,NA,NA,NA,"CT",1,57
"Weekly",0.05,"SameTimestamp",1000,"Daily","AIC_ct",859.160832930382,NA,NA,NA,"CT",1,57
"Weekly",0.05,"SameTimestamp",1000,"Daily","BIC_ct",868.976343488346,NA,NA,NA,"CT",1,57
"Weekly",0.05,"SameTimestamp",1000,"Daily","error_var_dt",0.137667482683436,0.00615747569486475,0.125584427488164,0.149750537878708,"DT",1,57
"Weekly",0.05,"SameTimestamp",1000,"Daily","beta_dt",0.652301962691633,0.0240059662959628,0.605194116856064,0.699409808527203,"DT",1,57
"Weekly",0.05,"SameTimestamp",1000,"Daily","LogLik_dt",855.160832930383,NA,NA,NA,"DT",1,57
"Weekly",0.05,"SameTimestamp",1000,"Daily","AIC_dt",859.160832930383,NA,NA,NA,"DT",1,57
"Weekly",0.05,"SameTimestamp",1000,"Daily","BIC_dt",868.976343488347,NA,NA,NA,"DT",1,57
"Weekly",0.05,"SameTimestamp",1000,"Weekly","error_var_ct",1.31378653691071,0.243096165065856,0.836749431802951,1.79082364201847,"CT",1,57
"Weekly",0.05,"SameTimestamp",1000,"Weekly","beta_ct",-2.78627746829933,0.511172677210933,-3.78937158984101,-1.78318334675766,"CT",1,57
"Weekly",0.05,"SameTimestamp",1000,"Weekly","LogLik_ct",1389.12946858729,NA,NA,NA,"CT",1,57
"Weekly",0.05,"SameTimestamp",1000,"Weekly","AIC_ct",1393.12946858729,NA,NA,NA,"CT",1,57
"Weekly",0.05,"SameTimestamp",1000,"Weekly","BIC_ct",1402.94497914525,NA,NA,NA,"CT",1,57
"Weekly",0.05,"SameTimestamp",1000,"Weekly","error_var_dt",0.234864109446617,0.0105034464119348,0.214252786069111,0.255475432824122,"DT",1,57
"Weekly",0.05,"SameTimestamp",1000,"Weekly","beta_dt",0.0616502786103789,0.0315511203025705,-0.000263717803210738,0.123564275023969,"DT",1,57
"Weekly",0.05,"SameTimestamp",1000,"Weekly","LogLik_dt",1389.12946858729,NA,NA,NA,"DT",1,57
"Weekly",0.05,"SameTimestamp",1000,"Weekly","AIC_dt",1393.12946858729,NA,NA,NA,"DT",1,57
"Weekly",0.05,"SameTimestamp",1000,"Weekly","BIC_dt",1402.94497914526,NA,NA,NA,"DT",1,57
"Weekly",0.05,"SameTimestamp",1000,"Monthly","error_var_ct",1.90639311384016,0.598582339672951,0.731771595607425,3.0810146320729,"CT",1,57
"Weekly",0.05,"SameTimestamp",1000,"Monthly","beta_ct",-3.56236464622059,1.11349480121594,-5.74741901094365,-1.37731028149752,"CT",1,57
"Weekly",0.05,"SameTimestamp",1000,"Monthly","LogLik_ct",1518.71318367403,NA,NA,NA,"CT",1,57
"Weekly",0.05,"SameTimestamp",1000,"Monthly","AIC_ct",1522.71318367403,NA,NA,NA,"CT",1,57
"Weekly",0.05,"SameTimestamp",1000,"Monthly","BIC_ct",1532.52869423199,NA,NA,NA,"CT",1,57
"Weekly",0.05,"SameTimestamp",1000,"Monthly","error_var_dt",0.267358722624652,0.0119566503421947,0.243895720382387,0.290821724866917,"DT",1,57
"Weekly",0.05,"SameTimestamp",1000,"Monthly","beta_dt",0.0283716225313243,0.0315973057037873,-0.0336330053000366,0.0903762503626853,"DT",1,57
"Weekly",0.05,"SameTimestamp",1000,"Monthly","LogLik_dt",1518.71318367403,NA,NA,NA,"DT",1,57
"Weekly",0.05,"SameTimestamp",1000,"Monthly","AIC_dt",1522.71318367403,NA,NA,NA,"DT",1,57
"Weekly",0.05,"SameTimestamp",1000,"Monthly","BIC_dt",1532.52869423199,NA,NA,NA,"DT",1,57
"Weekly",0.05,"SameTimestamp",1000,"Daily","error_var_ct",0.234215267306208,0.0129107120649858,0.208880072459789,0.259550462152627,"CT",1,58
"Weekly",0.05,"SameTimestamp",1000,"Daily","beta_ct",-0.441255943378214,0.0376425476078415,-0.51512338565095,-0.367388501105478,"CT",1,58
"Weekly",0.05,"SameTimestamp",1000,"Daily","LogLik_ct",978.096938777764,NA,NA,NA,"CT",1,58
"Weekly",0.05,"SameTimestamp",1000,"Daily","AIC_ct",982.096938777764,NA,NA,NA,"CT",1,58
"Weekly",0.05,"SameTimestamp",1000,"Daily","BIC_ct",991.912449335728,NA,NA,NA,"CT",1,58
"Weekly",0.05,"SameTimestamp",1000,"Daily","error_var_dt",0.155590530715768,0.00696143945484357,0.141929826014721,0.169251235416814,"DT",1,58
"Weekly",0.05,"SameTimestamp",1000,"Daily","beta_dt",0.643228059769657,0.024212738137115,0.59571445746938,0.690741662069933,"DT",1,58
"Weekly",0.05,"SameTimestamp",1000,"Daily","LogLik_dt",978.096938777763,NA,NA,NA,"DT",1,58
"Weekly",0.05,"SameTimestamp",1000,"Daily","AIC_dt",982.096938777763,NA,NA,NA,"DT",1,58
"Weekly",0.05,"SameTimestamp",1000,"Daily","BIC_dt",991.912449335728,NA,NA,NA,"DT",1,58
"Weekly",0.05,"SameTimestamp",1000,"Weekly","error_var_ct",1.81867910073551,0.589745221516646,0.661399004822763,2.97595919664825,"CT",1,58
"Weekly",0.05,"SameTimestamp",1000,"Weekly","beta_ct",-3.60388574418305,1.16365563896314,-5.88737268114443,-1.32039880722166,"CT",1,58
"Weekly",0.05,"SameTimestamp",1000,"Weekly","LogLik_ct",1460.08784057492,NA,NA,NA,"CT",1,58
"Weekly",0.05,"SameTimestamp",1000,"Weekly","AIC_ct",1464.08784057492,NA,NA,NA,"CT",1,58
"Weekly",0.05,"SameTimestamp",1000,"Weekly","BIC_ct",1473.90335113289,NA,NA,NA,"CT",1,58
"Weekly",0.05,"SameTimestamp",1000,"Weekly","error_var_dt",0.25213504910702,0.0112758255426031,0.230008055976189,0.274262042237851,"DT",1,58
"Weekly",0.05,"SameTimestamp",1000,"Weekly","beta_dt",0.0272177500439909,0.0316547798795793,-0.0348996616086649,0.0893351616966467,"DT",1,58
"Weekly",0.05,"SameTimestamp",1000,"Weekly","LogLik_dt",1460.08784057492,NA,NA,NA,"DT",1,58
"Weekly",0.05,"SameTimestamp",1000,"Weekly","AIC_dt",1464.08784057492,NA,NA,NA,"DT",1,58
"Weekly",0.05,"SameTimestamp",1000,"Weekly","BIC_dt",1473.90335113288,NA,NA,NA,"DT",1,58
"Weekly",0.05,"SameTimestamp",1000,"Monthly","error_var_ct",2.5284511943946,2.28661556717243,-1.95866389589391,7.0155662846831,"CT",1,58
"Weekly",0.05,"SameTimestamp",1000,"Monthly","beta_ct",-4.97932795828436,4.50007531258261,-13.8100016108273,3.85134569425861,"CT",1,58
"Weekly",0.05,"SameTimestamp",1000,"Monthly","LogLik_ct",1466.99464567872,NA,NA,NA,"CT",1,58
"Weekly",0.05,"SameTimestamp",1000,"Monthly","AIC_ct",1470.99464567872,NA,NA,NA,"CT",1,58
"Weekly",0.05,"SameTimestamp",1000,"Monthly","BIC_ct",1480.81015623668,NA,NA,NA,"CT",1,58
"Weekly",0.05,"SameTimestamp",1000,"Monthly","error_var_dt",0.25388281544483,0.0113539923326488,0.231602432567069,0.27616319832259,"DT",1,58
"Weekly",0.05,"SameTimestamp",1000,"Monthly","beta_dt",0.00687867178380486,0.0316419250584067,-0.0552135143508871,0.0689708579184968,"DT",1,58
"Weekly",0.05,"SameTimestamp",1000,"Monthly","LogLik_dt",1466.99464567872,NA,NA,NA,"DT",1,58
"Weekly",0.05,"SameTimestamp",1000,"Monthly","AIC_dt",1470.99464567872,NA,NA,NA,"DT",1,58
"Weekly",0.05,"SameTimestamp",1000,"Monthly","BIC_dt",1480.81015623669,NA,NA,NA,"DT",1,58
"Weekly",0.05,"SameTimestamp",1000,"Daily","error_var_ct",0.215042269490141,0.0119921863966817,0.191509533459378,0.238575005520904,"CT",1,59
"Weekly",0.05,"SameTimestamp",1000,"Daily","beta_ct",-0.467655169555494,0.0393420306768264,-0.544857573871702,-0.390452765239286,"CT",1,59
"Weekly",0.05,"SameTimestamp",1000,"Daily","LogLik_ct",869.608808656868,NA,NA,NA,"CT",1,59
"Weekly",0.05,"SameTimestamp",1000,"Daily","AIC_ct",873.608808656868,NA,NA,NA,"CT",1,59
"Weekly",0.05,"SameTimestamp",1000,"Daily","BIC_ct",883.424319214833,NA,NA,NA,"CT",1,59
"Weekly",0.05,"SameTimestamp",1000,"Daily","error_var_dt",0.139681879742999,0.00624729578794941,0.127422567068823,0.151941192417174,"DT",1,59
"Weekly",0.05,"SameTimestamp",1000,"Daily","beta_dt",0.626469509318326,0.0246463360785323,0.57810504083224,0.674833977804412,"DT",1,59
"Weekly",0.05,"SameTimestamp",1000,"Daily","LogLik_dt",869.608808656867,NA,NA,NA,"DT",1,59
"Weekly",0.05,"SameTimestamp",1000,"Daily","AIC_dt",873.608808656867,NA,NA,NA,"DT",1,59
"Weekly",0.05,"SameTimestamp",1000,"Daily","BIC_dt",883.424319214832,NA,NA,NA,"DT",1,59
"Weekly",0.05,"SameTimestamp",1000,"Weekly","error_var_ct",1.44123984029096,0.324133271183095,0.805180454852267,2.07729922572965,"CT",1,59
"Weekly",0.05,"SameTimestamp",1000,"Weekly","beta_ct",-3.08056295355926,0.687965180778748,-4.43058391404921,-1.73054199306932,"CT",1,59
"Weekly",0.05,"SameTimestamp",1000,"Weekly","LogLik_ct",1383.00911332888,NA,NA,NA,"CT",1,59
"Weekly",0.05,"SameTimestamp",1000,"Weekly","AIC_ct",1387.00911332888,NA,NA,NA,"CT",1,59
"Weekly",0.05,"SameTimestamp",1000,"Weekly","BIC_ct",1396.82462388684,NA,NA,NA,"CT",1,59
"Weekly",0.05,"SameTimestamp",1000,"Weekly","error_var_dt",0.233431185784042,0.0104393723971697,0.212945597349776,0.253916774218309,"DT",1,59
"Weekly",0.05,"SameTimestamp",1000,"Weekly","beta_dt",0.0459333536111787,0.0316341516723151,-0.0161435785041953,0.108010285726553,"DT",1,59
"Weekly",0.05,"SameTimestamp",1000,"Weekly","LogLik_dt",1383.00911332887,NA,NA,NA,"DT",1,59
"Weekly",0.05,"SameTimestamp",1000,"Weekly","AIC_dt",1387.00911332887,NA,NA,NA,"DT",1,59
"Weekly",0.05,"SameTimestamp",1000,"Weekly","BIC_dt",1396.82462388684,NA,NA,NA,"DT",1,59
"Weekly",0.05,"SameTimestamp",1000,"Monthly","error_var_ct",9.19824150473658,29.9247367491821,-49.5242389016256,67.9207219110988,"CT",1,59
"Weekly",0.05,"SameTimestamp",1000,"Monthly","beta_ct",-19.356685844644,62.974515190149,-142.93403809837,104.220666409082,"CT",1,59
"Weekly",0.05,"SameTimestamp",1000,"Monthly","LogLik_ct",1400.70723991272,NA,NA,NA,"CT",1,59
"Weekly",0.05,"SameTimestamp",1000,"Monthly","AIC_ct",1404.70723991272,NA,NA,NA,"CT",1,59
"Weekly",0.05,"SameTimestamp",1000,"Monthly","BIC_ct",1414.52275047068,NA,NA,NA,"CT",1,59
"Weekly",0.05,"SameTimestamp",1000,"Monthly","error_var_dt",0.237586859095509,0.0106252141310654,0.21673658616397,0.258437132027047,"DT",1,59
"Weekly",0.05,"SameTimestamp",1000,"Monthly","beta_dt",-0.00721987258335925,0.0316059408578684,-0.0692414455150425,0.0548017003483241,"DT",1,59
"Weekly",0.05,"SameTimestamp",1000,"Monthly","LogLik_dt",1400.65505949212,NA,NA,NA,"DT",1,59
"Weekly",0.05,"SameTimestamp",1000,"Monthly","AIC_dt",1404.65505949212,NA,NA,NA,"DT",1,59
"Weekly",0.05,"SameTimestamp",1000,"Monthly","BIC_dt",1414.47057005008,NA,NA,NA,"DT",1,59
"Weekly",0.05,"SameTimestamp",1000,"Daily","error_var_ct",0.212531264306759,0.0115330275366014,0.189899553651439,0.235162974962079,"CT",1,60
"Weekly",0.05,"SameTimestamp",1000,"Daily","beta_ct",-0.407258674694472,0.0354781625494006,-0.476878859581072,-0.337638489807871,"CT",1,60
"Weekly",0.05,"SameTimestamp",1000,"Daily","LogLik_ct",909.62839884767,NA,NA,NA,"CT",1,60
"Weekly",0.05,"SameTimestamp",1000,"Daily","AIC_ct",913.62839884767,NA,NA,NA,"CT",1,60
"Weekly",0.05,"SameTimestamp",1000,"Daily","BIC_ct",923.443909405634,NA,NA,NA,"CT",1,60
"Weekly",0.05,"SameTimestamp",1000,"Daily","error_var_dt",0.145375845384889,0.00650219981645702,0.132616324573713,0.158135366196065,"DT",1,60
"Weekly",0.05,"SameTimestamp",1000,"Daily","beta_dt",0.665472031459083,0.0236098719331092,0.619141457071436,0.711802605846729,"DT",1,60
"Weekly",0.05,"SameTimestamp",1000,"Daily","LogLik_dt",909.628398847672,NA,NA,NA,"DT",1,60
"Weekly",0.05,"SameTimestamp",1000,"Daily","AIC_dt",913.628398847672,NA,NA,NA,"DT",1,60
"Weekly",0.05,"SameTimestamp",1000,"Daily","BIC_dt",923.443909405636,NA,NA,NA,"DT",1,60
"Weekly",0.05,"SameTimestamp",1000,"Weekly","error_var_ct",1.94592294858235,0.71291531094336,0.546941372598682,3.34490452456601,"CT",1,60
"Weekly",0.05,"SameTimestamp",1000,"Weekly","beta_ct",-3.7770797856105,1.3789325148204,-6.48301294926482,-1.07114662195618,"CT",1,60
"Weekly",0.05,"SameTimestamp",1000,"Weekly","LogLik_ct",1480.99110434327,NA,NA,NA,"CT",1,60
"Weekly",0.05,"SameTimestamp",1000,"Weekly","AIC_ct",1484.99110434327,NA,NA,NA,"CT",1,60
"Weekly",0.05,"SameTimestamp",1000,"Weekly","BIC_ct",1494.80661490123,NA,NA,NA,"CT",1,60
"Weekly",0.05,"SameTimestamp",1000,"Weekly","error_var_dt",0.257461261588783,0.0115140229027478,0.234866844469191,0.280055678708375,"DT",1,60
"Weekly",0.05,"SameTimestamp",1000,"Weekly","beta_dt",0.0228894198146132,0.0316051473529243,-0.0391305959913074,0.0849094356205338,"DT",1,60
"Weekly",0.05,"SameTimestamp",1000,"Weekly","LogLik_dt",1480.99110434327,NA,NA,NA,"DT",1,60
"Weekly",0.05,"SameTimestamp",1000,"Weekly","AIC_dt",1484.99110434327,NA,NA,NA,"DT",1,60
"Weekly",0.05,"SameTimestamp",1000,"Weekly","BIC_dt",1494.80661490123,NA,NA,NA,"DT",1,60
"Weekly",0.05,"SameTimestamp",1000,"Monthly","error_var_ct",9.17787829848348,71.4390973739705,-131.009854377422,149.365610974389,"CT",1,60
"Weekly",0.05,"SameTimestamp",1000,"Monthly","beta_ct",-18.4241821583068,143.411778991773,-299.846720724703,262.99835640809,"CT",1,60
"Weekly",0.05,"SameTimestamp",1000,"Monthly","LogLik_ct",1447.8651566624,NA,NA,NA,"CT",1,60
"Weekly",0.05,"SameTimestamp",1000,"Monthly","AIC_ct",1451.8651566624,NA,NA,NA,"CT",1,60
"Weekly",0.05,"SameTimestamp",1000,"Monthly","BIC_ct",1461.68066722036,NA,NA,NA,"CT",1,60
"Weekly",0.05,"SameTimestamp",1000,"Monthly","error_var_dt",0.249011381142842,0.0111361233204178,0.227158531142284,0.2708642311434,"DT",1,60
"Weekly",0.05,"SameTimestamp",1000,"Monthly","beta_dt",-0.0156381536843806,0.0316051868241392,-0.0776582469462089,0.0463819395774476,"DT",1,60
"Weekly",0.05,"SameTimestamp",1000,"Monthly","LogLik_dt",1447.620361314,NA,NA,NA,"DT",1,60
"Weekly",0.05,"SameTimestamp",1000,"Monthly","AIC_dt",1451.620361314,NA,NA,NA,"DT",1,60
"Weekly",0.05,"SameTimestamp",1000,"Monthly","BIC_dt",1461.43587187197,NA,NA,NA,"DT",1,60
"Weekly",0.05,"SameTimestamp",1000,"Daily","error_var_ct",0.196056864513383,0.0107818870477247,0.174899146194577,0.217214582832189,"CT",1,61
"Weekly",0.05,"SameTimestamp",1000,"Daily","beta_ct",-0.43639203077814,0.0373485600961625,-0.509682569867433,-0.363101491688846,"CT",1,61
"Weekly",0.05,"SameTimestamp",1000,"Daily","LogLik_ct",803.824949896259,NA,NA,NA,"CT",1,61
"Weekly",0.05,"SameTimestamp",1000,"Daily","AIC_ct",807.824949896259,NA,NA,NA,"CT",1,61
"Weekly",0.05,"SameTimestamp",1000,"Daily","BIC_ct",817.640460454223,NA,NA,NA,"CT",1,61
"Weekly",0.05,"SameTimestamp",1000,"Daily","error_var_dt",0.130784825376113,0.00584947556155855,0.119306170879327,0.142263479872898,"DT",1,61
"Weekly",0.05,"SameTimestamp",1000,"Daily","beta_dt",0.646364305638983,0.0241407743196686,0.598991920750086,0.693736690527879,"DT",1,61
"Weekly",0.05,"SameTimestamp",1000,"Daily","LogLik_dt",803.824949896268,NA,NA,NA,"DT",1,61
"Weekly",0.05,"SameTimestamp",1000,"Daily","AIC_dt",807.824949896268,NA,NA,NA,"DT",1,61
"Weekly",0.05,"SameTimestamp",1000,"Daily","BIC_dt",817.640460454232,NA,NA,NA,"DT",1,61
"Weekly",0.05,"SameTimestamp",1000,"Weekly","error_var_ct",2.9844642569611,5.02734274426477,-6.88088688281873,12.8498153967409,"CT",1,61
"Weekly",0.05,"SameTimestamp",1000,"Weekly","beta_ct",-5.73957902043764,9.66610971621445,-24.7077638761211,13.2286058352458,"CT",1,61
"Weekly",0.05,"SameTimestamp",1000,"Weekly","LogLik_ct",1490.75393751021,NA,NA,NA,"CT",1,61
"Weekly",0.05,"SameTimestamp",1000,"Weekly","AIC_ct",1494.75393751021,NA,NA,NA,"CT",1,61
"Weekly",0.05,"SameTimestamp",1000,"Weekly","BIC_ct",1504.56944806817,NA,NA,NA,"CT",1,61
"Weekly",0.05,"SameTimestamp",1000,"Weekly","error_var_dt",0.259987136306952,0.0116269807042079,0.23717105767907,0.282803214934834,"DT",1,61
"Weekly",0.05,"SameTimestamp",1000,"Weekly","beta_dt",0.0032161091115703,0.0316127001298934,-0.0588187278037655,0.0652509460269061,"DT",1,61
"Weekly",0.05,"SameTimestamp",1000,"Weekly","LogLik_dt",1490.75393751021,NA,NA,NA,"DT",1,61
"Weekly",0.05,"SameTimestamp",1000,"Weekly","AIC_dt",1494.75393751021,NA,NA,NA,"DT",1,61
"Weekly",0.05,"SameTimestamp",1000,"Weekly","BIC_dt",1504.56944806817,NA,NA,NA,"DT",1,61
"Weekly",0.05,"SameTimestamp",1000,"Monthly","error_var_ct",11.0663271603632,57.8421423169366,-102.439569226885,124.572223547611,"CT",1,61
"Weekly",0.05,"SameTimestamp",1000,"Monthly","beta_ct",-21.0245426043474,109.891506934494,-236.668941312811,194.619856104116,"CT",1,61
"Weekly",0.05,"SameTimestamp",1000,"Monthly","LogLik_ct",1502.94724433534,NA,NA,NA,"CT",1,61
"Weekly",0.05,"SameTimestamp",1000,"Monthly","AIC_ct",1506.94724433534,NA,NA,NA,"CT",1,61
"Weekly",0.05,"SameTimestamp",1000,"Monthly","BIC_ct",1516.7627548933,NA,NA,NA,"CT",1,61
"Weekly",0.05,"SameTimestamp",1000,"Monthly","error_var_dt",0.262381696179196,0.0117340566331972,0.239355498271243,0.285407894087149,"DT",1,61
"Weekly",0.05,"SameTimestamp",1000,"Monthly","beta_dt",-0.0549509466244116,0.031570016571647,-0.116902023925292,0.00700013067646856,"DT",1,61
"Weekly",0.05,"SameTimestamp",1000,"Monthly","LogLik_dt",1499.92210074203,NA,NA,NA,"DT",1,61
"Weekly",0.05,"SameTimestamp",1000,"Monthly","AIC_dt",1503.92210074203,NA,NA,NA,"DT",1,61
"Weekly",0.05,"SameTimestamp",1000,"Monthly","BIC_dt",1513.7376113,NA,NA,NA,"DT",1,61
"Weekly",0.05,"SameTimestamp",1000,"Daily","error_var_ct",0.214190757280308,0.0117761901025282,0.191081879218876,0.23729963534174,"CT",1,62
"Weekly",0.05,"SameTimestamp",1000,"Daily","beta_ct",-0.435393590566342,0.0373095398320493,-0.508607558666422,-0.362179622466262,"CT",1,62
"Weekly",0.05,"SameTimestamp",1000,"Daily","LogLik_ct",893.126527111354,NA,NA,NA,"CT",1,62
"Weekly",0.05,"SameTimestamp",1000,"Daily","AIC_ct",897.126527111354,NA,NA,NA,"CT",1,62
"Weekly",0.05,"SameTimestamp",1000,"Daily","BIC_ct",906.942037669319,NA,NA,NA,"CT",1,62
"Weekly",0.05,"SameTimestamp",1000,"Daily","error_var_dt",0.14300372260172,0.00639591957988985,0.130452759652279,0.15555468555116,"DT",1,62
"Weekly",0.05,"SameTimestamp",1000,"Daily","beta_dt",0.64700992216639,0.0241397811370384,0.599639486238583,0.694380358094197,"DT",1,62
"Weekly",0.05,"SameTimestamp",1000,"Daily","LogLik_dt",893.126527111359,NA,NA,NA,"DT",1,62
"Weekly",0.05,"SameTimestamp",1000,"Daily","AIC_dt",897.126527111359,NA,NA,NA,"DT",1,62
"Weekly",0.05,"SameTimestamp",1000,"Daily","BIC_dt",906.942037669323,NA,NA,NA,"DT",1,62
"Weekly",0.05,"SameTimestamp",1000,"Weekly","error_var_ct",1.38540493362222,0.240173337912035,0.914103406464902,1.85670646077953,"CT",1,62
"Weekly",0.05,"SameTimestamp",1000,"Weekly","beta_ct",-2.68109854363672,0.460696656915928,-3.58514159790892,-1.77705548936452,"CT",1,62
"Weekly",0.05,"SameTimestamp",1000,"Weekly","LogLik_ct",1479.794198764,NA,NA,NA,"CT",1,62
"Weekly",0.05,"SameTimestamp",1000,"Weekly","AIC_ct",1483.794198764,NA,NA,NA,"CT",1,62
"Weekly",0.05,"SameTimestamp",1000,"Weekly","BIC_ct",1493.60970932197,NA,NA,NA,"CT",1,62
"Weekly",0.05,"SameTimestamp",1000,"Weekly","error_var_dt",0.25715329246608,0.0115002626398687,0.234585877648098,0.279720707284063,"DT",1,62
"Weekly",0.05,"SameTimestamp",1000,"Weekly","beta_dt",0.0684879143786428,0.0315453450921701,0.00658525088612186,0.130390577871164,"DT",1,62
"Weekly",0.05,"SameTimestamp",1000,"Weekly","LogLik_dt",1479.79419876401,NA,NA,NA,"DT",1,62
"Weekly",0.05,"SameTimestamp",1000,"Weekly","AIC_dt",1483.79419876401,NA,NA,NA,"DT",1,62
"Weekly",0.05,"SameTimestamp",1000,"Weekly","BIC_dt",1493.60970932197,NA,NA,NA,"DT",1,62
"Weekly",0.05,"SameTimestamp",1000,"Monthly","error_var_ct",1.49703338542067,0.352704151963736,0.804908244052499,2.18915852678885,"CT",1,62
"Weekly",0.05,"SameTimestamp",1000,"Monthly","beta_ct",-3.14713866834571,0.736515943074708,-4.59243268709293,-1.7018446495985,"CT",1,62
"Weekly",0.05,"SameTimestamp",1000,"Monthly","LogLik_ct",1399.87340519753,NA,NA,NA,"CT",1,62
"Weekly",0.05,"SameTimestamp",1000,"Monthly","AIC_ct",1403.87340519753,NA,NA,NA,"CT",1,62
"Weekly",0.05,"SameTimestamp",1000,"Monthly","BIC_ct",1413.68891575549,NA,NA,NA,"CT",1,62
"Weekly",0.05,"SameTimestamp",1000,"Monthly","error_var_dt",0.237401211011257,0.0106169023852846,0.216567248543294,0.25823517347922,"DT",1,62
"Weekly",0.05,"SameTimestamp",1000,"Monthly","beta_dt",0.042974946932198,0.0315943758729621,-0.0190239315776346,0.104973825442031,"DT",1,62
"Weekly",0.05,"SameTimestamp",1000,"Monthly","LogLik_dt",1399.87340519747,NA,NA,NA,"DT",1,62
"Weekly",0.05,"SameTimestamp",1000,"Monthly","AIC_dt",1403.87340519747,NA,NA,NA,"DT",1,62
"Weekly",0.05,"SameTimestamp",1000,"Monthly","BIC_dt",1413.68891575544,NA,NA,NA,"DT",1,62
"Weekly",0.05,"SameTimestamp",1000,"Daily","error_var_ct",0.215682856714009,0.0121480080995218,0.191844345666122,0.239521367761897,"CT",1,63
"Weekly",0.05,"SameTimestamp",1000,"Daily","beta_ct",-0.488032569481065,0.0407469052453136,-0.567991814066674,-0.408073324895455,"CT",1,63
"Weekly",0.05,"SameTimestamp",1000,"Daily","LogLik_ct",855.398803182345,NA,NA,NA,"CT",1,63
"Weekly",0.05,"SameTimestamp",1000,"Daily","AIC_ct",859.398803182345,NA,NA,NA,"CT",1,63
"Weekly",0.05,"SameTimestamp",1000,"Daily","BIC_ct",869.214313740309,NA,NA,NA,"CT",1,63
"Weekly",0.05,"SameTimestamp",1000,"Daily","error_var_dt",0.137711649048807,0.00615916095398452,0.125625286803703,0.149798011293911,"DT",1,63
"Weekly",0.05,"SameTimestamp",1000,"Daily","beta_dt",0.613832878395345,0.0250119381850298,0.564750974607646,0.662914782183043,"DT",1,63
"Weekly",0.05,"SameTimestamp",1000,"Daily","LogLik_dt",855.398803182346,NA,NA,NA,"DT",1,63
"Weekly",0.05,"SameTimestamp",1000,"Daily","AIC_dt",859.398803182346,NA,NA,NA,"DT",1,63
"Weekly",0.05,"SameTimestamp",1000,"Daily","BIC_dt",869.21431374031,NA,NA,NA,"DT",1,63
"Weekly",0.05,"SameTimestamp",1000,"Weekly","error_var_ct",1.94028511663642,0.884545131880456,0.204507635592647,3.67606259768018,"CT",1,63
"Weekly",0.05,"SameTimestamp",1000,"Weekly","beta_ct",-4.07506431849793,1.85318383030066,-7.7116393726525,-0.438489264343362,"CT",1,63
"Weekly",0.05,"SameTimestamp",1000,"Weekly","LogLik_ct",1402.38963242069,NA,NA,NA,"CT",1,63
"Weekly",0.05,"SameTimestamp",1000,"Weekly","AIC_ct",1406.38963242069,NA,NA,NA,"CT",1,63
"Weekly",0.05,"SameTimestamp",1000,"Weekly","BIC_ct",1416.20514297865,NA,NA,NA,"CT",1,63
"Weekly",0.05,"SameTimestamp",1000,"Weekly","error_var_dt",0.237999327926457,0.010643651464832,0.217112874694322,0.258885781158592,"DT",1,63
"Weekly",0.05,"SameTimestamp",1000,"Weekly","beta_dt",0.016991386522684,0.0316045399233322,-0.0450274373004092,0.0790102103457771,"DT",1,63
"Weekly",0.05,"SameTimestamp",1000,"Weekly","LogLik_dt",1402.38963242061,NA,NA,NA,"DT",1,63
"Weekly",0.05,"SameTimestamp",1000,"Weekly","AIC_dt",1406.38963242061,NA,NA,NA,"DT",1,63
"Weekly",0.05,"SameTimestamp",1000,"Weekly","BIC_dt",1416.20514297857,NA,NA,NA,"DT",1,63
"Weekly",0.05,"SameTimestamp",1000,"Monthly","error_var_ct",11.0898478230932,36.3066423462696,-60.1560953465785,82.335790992765,"CT",1,63
"Weekly",0.05,"SameTimestamp",1000,"Monthly","beta_ct",-22.0058011823902,72.0439890723677,-163.380536477728,119.368934112948,"CT",1,63
"Weekly",0.05,"SameTimestamp",1000,"Monthly","LogLik_ct",1459.45600441642,NA,NA,NA,"CT",1,63
"Weekly",0.05,"SameTimestamp",1000,"Monthly","AIC_ct",1463.45600441642,NA,NA,NA,"CT",1,63
"Weekly",0.05,"SameTimestamp",1000,"Monthly","BIC_ct",1473.27151497438,NA,NA,NA,"CT",1,63
"Weekly",0.05,"SameTimestamp",1000,"Monthly","error_var_dt",0.251684929394355,0.0112556962476926,0.229597436765597,0.273772422023114,"DT",1,63
"Weekly",0.05,"SameTimestamp",1000,"Monthly","beta_dt",-0.0339971323818133,0.0316062920582895,-0.096019394487808,0.0280251297241814,"DT",1,63
"Weekly",0.05,"SameTimestamp",1000,"Monthly","LogLik_dt",1458.29967914616,NA,NA,NA,"DT",1,63
"Weekly",0.05,"SameTimestamp",1000,"Monthly","AIC_dt",1462.29967914616,NA,NA,NA,"DT",1,63
"Weekly",0.05,"SameTimestamp",1000,"Monthly","BIC_dt",1472.11518970412,NA,NA,NA,"DT",1,63
"Weekly",0.05,"SameTimestamp",1000,"Daily","error_var_ct",0.213263562754693,0.0117357318787643,0.190234077446893,0.236293048062492,"CT",1,64
"Weekly",0.05,"SameTimestamp",1000,"Daily","beta_ct",-0.438155370639374,0.0374182387996532,-0.511582642971628,-0.364728098307119,"CT",1,64
"Weekly",0.05,"SameTimestamp",1000,"Daily","LogLik_ct",886.941028736181,NA,NA,NA,"CT",1,64
"Weekly",0.05,"SameTimestamp",1000,"Daily","AIC_ct",890.941028736181,NA,NA,NA,"CT",1,64
"Weekly",0.05,"SameTimestamp",1000,"Daily","BIC_ct",900.756539294145,NA,NA,NA,"CT",1,64
"Weekly",0.05,"SameTimestamp",1000,"Daily","error_var_dt",0.142048393189169,0.00635509133722442,0.129577549095912,0.154519237282426,"DT",1,64
"Weekly",0.05,"SameTimestamp",1000,"Daily","beta_dt",0.645225521668678,0.0241433942579218,0.597847995572559,0.692603047764798,"DT",1,64
"Weekly",0.05,"SameTimestamp",1000,"Daily","LogLik_dt",886.941028736182,NA,NA,NA,"DT",1,64
"Weekly",0.05,"SameTimestamp",1000,"Daily","AIC_dt",890.941028736182,NA,NA,NA,"DT",1,64
"Weekly",0.05,"SameTimestamp",1000,"Daily","BIC_dt",900.756539294146,NA,NA,NA,"DT",1,64
"Weekly",0.05,"SameTimestamp",1000,"Weekly","error_var_ct",1.78421210317337,0.658102337274756,0.492792167555912,3.07563203879082,"CT",1,64
"Weekly",0.05,"SameTimestamp",1000,"Weekly","beta_ct",-3.7802433651625,1.38945199198916,-6.50681930997493,-1.05366742035007,"CT",1,64
"Weekly",0.05,"SameTimestamp",1000,"Weekly","LogLik_ct",1393.39840306839,NA,NA,NA,"CT",1,64
"Weekly",0.05,"SameTimestamp",1000,"Weekly","AIC_ct",1397.39840306839,NA,NA,NA,"CT",1,64
"Weekly",0.05,"SameTimestamp",1000,"Weekly","BIC_ct",1407.21391362636,NA,NA,NA,"CT",1,64
"Weekly",0.05,"SameTimestamp",1000,"Weekly","error_var_dt",0.235868844414751,0.0105483796801288,0.215169346729039,0.256568342100463,"DT",1,64
"Weekly",0.05,"SameTimestamp",1000,"Weekly","beta_dt",0.0228171209989894,0.0316192227490868,-0.039230515506899,0.0848647575048778,"DT",1,64
"Weekly",0.05,"SameTimestamp",1000,"Weekly","LogLik_dt",1393.39840306839,NA,NA,NA,"DT",1,64
"Weekly",0.05,"SameTimestamp",1000,"Weekly","AIC_dt",1397.39840306839,NA,NA,NA,"DT",1,64
"Weekly",0.05,"SameTimestamp",1000,"Weekly","BIC_dt",1407.21391362635,NA,NA,NA,"DT",1,64
"Weekly",0.05,"SameTimestamp",1000,"Monthly","error_var_ct",12.6237767837018,63.0009968505995,-111.005541467251,136.253095034655,"CT",1,64
"Weekly",0.05,"SameTimestamp",1000,"Monthly","beta_ct",-24.2085097662022,120.819579294359,-261.297491944529,212.880472412124,"CT",1,64
"Weekly",0.05,"SameTimestamp",1000,"Monthly","LogLik_ct",1493.61064747886,NA,NA,NA,"CT",1,64
"Weekly",0.05,"SameTimestamp",1000,"Monthly","AIC_ct",1497.61064747886,NA,NA,NA,"CT",1,64
"Weekly",0.05,"SameTimestamp",1000,"Monthly","BIC_ct",1507.42615803682,NA,NA,NA,"CT",1,64
"Weekly",0.05,"SameTimestamp",1000,"Monthly","error_var_dt",0.260091619898002,0.0116316824477663,0.237266314854988,0.282916924941017,"DT",1,64
"Weekly",0.05,"SameTimestamp",1000,"Monthly","beta_dt",-0.049496187843573,0.0315886844467163,-0.111483897845258,0.0124915221581117,"DT",1,64
"Weekly",0.05,"SameTimestamp",1000,"Monthly","LogLik_dt",1491.15851401687,NA,NA,NA,"DT",1,64
"Weekly",0.05,"SameTimestamp",1000,"Monthly","AIC_dt",1495.15851401687,NA,NA,NA,"DT",1,64
"Weekly",0.05,"SameTimestamp",1000,"Monthly","BIC_dt",1504.97402457483,NA,NA,NA,"DT",1,64
"Weekly",0.05,"SameTimestamp",1000,"Daily","error_var_ct",0.211118679001763,0.0117141844917268,0.188131476973637,0.234105881029889,"CT",1,65
"Weekly",0.05,"SameTimestamp",1000,"Daily","beta_ct",-0.456150944177798,0.0386130389428852,-0.531922819524894,-0.380379068830702,"CT",1,65
"Weekly",0.05,"SameTimestamp",1000,"Daily","LogLik_ct",861.02124873,NA,NA,NA,"CT",1,65
"Weekly",0.05,"SameTimestamp",1000,"Daily","AIC_ct",865.02124873,NA,NA,NA,"CT",1,65
"Weekly",0.05,"SameTimestamp",1000,"Daily","BIC_ct",874.836759287964,NA,NA,NA,"CT",1,65
"Weekly",0.05,"SameTimestamp",1000,"Daily","error_var_dt",0.138477940776113,0.0061936967204033,0.126323807646879,0.150632073905346,"DT",1,65
"Weekly",0.05,"SameTimestamp",1000,"Daily","beta_dt",0.633718152044475,0.0244694679972587,0.585700758706423,0.681735545382526,"DT",1,65
"Weekly",0.05,"SameTimestamp",1000,"Daily","LogLik_dt",861.021248729998,NA,NA,NA,"DT",1,65
"Weekly",0.05,"SameTimestamp",1000,"Daily","AIC_dt",865.021248729998,NA,NA,NA,"DT",1,65
"Weekly",0.05,"SameTimestamp",1000,"Daily","BIC_dt",874.836759287963,NA,NA,NA,"DT",1,65
"Weekly",0.05,"SameTimestamp",1000,"Weekly","error_var_ct",1.85723640930286,0.666497305875721,0.549342698717424,3.1651301198883,"CT",1,65
"Weekly",0.05,"SameTimestamp",1000,"Weekly","beta_ct",-3.74324659568425,1.33840978372425,-6.36966042044678,-1.11683277092173,"CT",1,65
"Weekly",0.05,"SameTimestamp",1000,"Weekly","LogLik_ct",1443.30547517602,NA,NA,NA,"CT",1,65
"Weekly",0.05,"SameTimestamp",1000,"Weekly","AIC_ct",1447.30547517602,NA,NA,NA,"CT",1,65
"Weekly",0.05,"SameTimestamp",1000,"Weekly","BIC_ct",1457.12098573399,NA,NA,NA,"CT",1,65
"Weekly",0.05,"SameTimestamp",1000,"Weekly","error_var_dt",0.247939213531635,0.01108817900371,0.226180446537456,0.269697980525814,"DT",1,65
"Weekly",0.05,"SameTimestamp",1000,"Weekly","beta_dt",0.0236770772392159,0.031609886069077,-0.0383522375346042,0.085706392013036,"DT",1,65
"Weekly",0.05,"SameTimestamp",1000,"Weekly","LogLik_dt",1443.30547517602,NA,NA,NA,"DT",1,65
"Weekly",0.05,"SameTimestamp",1000,"Weekly","AIC_dt",1447.30547517602,NA,NA,NA,"DT",1,65
"Weekly",0.05,"SameTimestamp",1000,"Weekly","BIC_dt",1457.12098573399,NA,NA,NA,"DT",1,65
"Weekly",0.05,"SameTimestamp",1000,"Monthly","error_var_ct",3.05898330894804,7.93006163863683,-12.5024865579113,18.6204531758074,"CT",1,65
"Weekly",0.05,"SameTimestamp",1000,"Monthly","beta_ct",-6.31531801226617,16.3700819647809,-38.4389696080873,25.808333583555,"CT",1,65
"Weekly",0.05,"SameTimestamp",1000,"Monthly","LogLik_ct",1419.83111536189,NA,NA,NA,"CT",1,65
"Weekly",0.05,"SameTimestamp",1000,"Monthly","AIC_ct",1423.83111536189,NA,NA,NA,"CT",1,65
"Weekly",0.05,"SameTimestamp",1000,"Monthly","BIC_ct",1433.64662591985,NA,NA,NA,"CT",1,65
"Weekly",0.05,"SameTimestamp",1000,"Monthly","error_var_dt",0.242186802735799,0.0108309226618137,0.220932859915113,0.263440745556484,"DT",1,65
"Weekly",0.05,"SameTimestamp",1000,"Monthly","beta_dt",0.00180835356234524,0.0316137217312593,-0.060228488081276,0.0638451952059665,"DT",1,65
"Weekly",0.05,"SameTimestamp",1000,"Monthly","LogLik_dt",1419.83111536189,NA,NA,NA,"DT",1,65
"Weekly",0.05,"SameTimestamp",1000,"Monthly","AIC_dt",1423.83111536189,NA,NA,NA,"DT",1,65
"Weekly",0.05,"SameTimestamp",1000,"Monthly","BIC_dt",1433.64662591986,NA,NA,NA,"DT",1,65
"Weekly",0.05,"SameTimestamp",1000,"Daily","error_var_ct",0.215201786243927,0.0120178617347106,0.191618666493936,0.238784905993918,"CT",1,66
"Weekly",0.05,"SameTimestamp",1000,"Daily","beta_ct",-0.463448686004925,0.0394335065743516,-0.5408305970498,-0.386066774960049,"CT",1,66
"Weekly",0.05,"SameTimestamp",1000,"Daily","LogLik_ct",873.914985237835,NA,NA,NA,"CT",1,66
"Weekly",0.05,"SameTimestamp",1000,"Daily","AIC_ct",877.914985237835,NA,NA,NA,"CT",1,66
"Weekly",0.05,"SameTimestamp",1000,"Daily","BIC_ct",887.7304957958,NA,NA,NA,"CT",1,66
"Weekly",0.05,"SameTimestamp",1000,"Daily","error_var_dt",0.140284468020307,0.00627425124044282,0.127972259608263,0.152596676432352,"DT",1,66
"Weekly",0.05,"SameTimestamp",1000,"Daily","beta_dt",0.629110326172456,0.0248079442211397,0.580428727712352,0.67779192463256,"DT",1,66
"Weekly",0.05,"SameTimestamp",1000,"Daily","LogLik_dt",873.9149852378,NA,NA,NA,"DT",1,66
"Weekly",0.05,"SameTimestamp",1000,"Daily","AIC_dt",877.9149852378,NA,NA,NA,"DT",1,66
"Weekly",0.05,"SameTimestamp",1000,"Daily","BIC_dt",887.730495795765,NA,NA,NA,"DT",1,66
"Weekly",0.05,"SameTimestamp",1000,"Weekly","error_var_ct",1.41401126123996,0.276467688870168,0.871487910784276,1.95653461169565,"CT",1,66
"Weekly",0.05,"SameTimestamp",1000,"Weekly","beta_ct",-2.86574185320344,0.555766230041607,-3.95634364621764,-1.77514006018923,"CT",1,66
"Weekly",0.05,"SameTimestamp",1000,"Weekly","LogLik_ct",1435.08541660716,NA,NA,NA,"CT",1,66
"Weekly",0.05,"SameTimestamp",1000,"Weekly","AIC_ct",1439.08541660716,NA,NA,NA,"CT",1,66
"Weekly",0.05,"SameTimestamp",1000,"Weekly","BIC_ct",1448.90092716512,NA,NA,NA,"CT",1,66
"Weekly",0.05,"SameTimestamp",1000,"Weekly","error_var_dt",0.24590950922083,0.0109974008470463,0.224328879751158,0.267490138690503,"DT",1,66
"Weekly",0.05,"SameTimestamp",1000,"Weekly","beta_dt",0.0569409383474235,0.0315955799236281,-0.00506030291808615,0.118942179612933,"DT",1,66
"Weekly",0.05,"SameTimestamp",1000,"Weekly","LogLik_dt",1435.08541660713,NA,NA,NA,"DT",1,66
"Weekly",0.05,"SameTimestamp",1000,"Weekly","AIC_dt",1439.08541660713,NA,NA,NA,"DT",1,66
"Weekly",0.05,"SameTimestamp",1000,"Weekly","BIC_dt",1448.90092716509,NA,NA,NA,"DT",1,66
"Weekly",0.05,"SameTimestamp",1000,"Monthly","error_var_ct",10.026059596988,257.210615732231,-494.708383657792,514.760502851768,"CT",1,66
"Weekly",0.05,"SameTimestamp",1000,"Monthly","beta_ct",-21.4685278080383,550.758474016154,-1102.24340546625,1059.30634985018,"CT",1,66
"Weekly",0.05,"SameTimestamp",1000,"Monthly","LogLik_ct",1383.33362098714,NA,NA,NA,"CT",1,66
"Weekly",0.05,"SameTimestamp",1000,"Monthly","AIC_ct",1387.33362098714,NA,NA,NA,"CT",1,66
"Weekly",0.05,"SameTimestamp",1000,"Monthly","BIC_ct",1397.1491315451,NA,NA,NA,"CT",1,66
"Weekly",0.05,"SameTimestamp",1000,"Monthly","error_var_dt",0.233378868195075,0.0104370191454777,0.21289789763857,0.253859838751579,"DT",1,66
"Weekly",0.05,"SameTimestamp",1000,"Monthly","beta_dt",-0.0234077438438977,0.0315974199972077,-0.0854125959577043,0.0385971082699089,"DT",1,66
"Weekly",0.05,"SameTimestamp",1000,"Monthly","LogLik_dt",1382.78496558793,NA,NA,NA,"DT",1,66
"Weekly",0.05,"SameTimestamp",1000,"Monthly","AIC_dt",1386.78496558793,NA,NA,NA,"DT",1,66
"Weekly",0.05,"SameTimestamp",1000,"Monthly","BIC_dt",1396.6004761459,NA,NA,NA,"DT",1,66
"Weekly",0.05,"SameTimestamp",1000,"Daily","error_var_ct",0.213612920755928,0.0117454043925088,0.190564454696398,0.236661386815458,"CT",1,67
"Weekly",0.05,"SameTimestamp",1000,"Daily","beta_ct",-0.43563087615769,0.0373013397860984,-0.508828752987136,-0.362432999328244,"CT",1,67
"Weekly",0.05,"SameTimestamp",1000,"Daily","LogLik_ct",890.593435161924,NA,NA,NA,"CT",1,67
"Weekly",0.05,"SameTimestamp",1000,"Daily","AIC_ct",894.593435161924,NA,NA,NA,"CT",1,67
"Weekly",0.05,"SameTimestamp",1000,"Daily","BIC_ct",904.408945719888,NA,NA,NA,"CT",1,67
"Weekly",0.05,"SameTimestamp",1000,"Daily","error_var_dt",0.142588953400426,0.00637873618656794,0.130071710095242,0.15510619670561,"DT",1,67
"Weekly",0.05,"SameTimestamp",1000,"Daily","beta_dt",0.646856447270579,0.0241287933293085,0.599507573147294,0.694205321393865,"DT",1,67
"Weekly",0.05,"SameTimestamp",1000,"Daily","LogLik_dt",890.593435161925,NA,NA,NA,"DT",1,67
"Weekly",0.05,"SameTimestamp",1000,"Daily","AIC_dt",894.593435161925,NA,NA,NA,"DT",1,67
"Weekly",0.05,"SameTimestamp",1000,"Daily","BIC_dt",904.40894571989,NA,NA,NA,"DT",1,67
"Weekly",0.05,"SameTimestamp",1000,"Weekly","error_var_ct",1.36550667341427,0.27492312440638,0.826014282168728,1.90499906465981,"CT",1,67
"Weekly",0.05,"SameTimestamp",1000,"Weekly","beta_ct",-2.91342705411238,0.58192714684969,-4.05536543656933,-1.77148867165542,"CT",1,67
"Weekly",0.05,"SameTimestamp",1000,"Weekly","LogLik_ct",1383.97666008983,NA,NA,NA,"CT",1,67
"Weekly",0.05,"SameTimestamp",1000,"Weekly","AIC_ct",1387.97666008983,NA,NA,NA,"CT",1,67
"Weekly",0.05,"SameTimestamp",1000,"Weekly","BIC_ct",1397.79217064779,NA,NA,NA,"CT",1,67
"Weekly",0.05,"SameTimestamp",1000,"Weekly","error_var_dt",0.233656457028779,0.0104494729462579,0.213151047892298,0.254161866165259,"DT",1,67
"Weekly",0.05,"SameTimestamp",1000,"Weekly","beta_dt",0.0542893097780936,0.0315768242565885,-0.00767512650899735,0.116253746065185,"DT",1,67
"Weekly",0.05,"SameTimestamp",1000,"Weekly","LogLik_dt",1383.97666008982,NA,NA,NA,"DT",1,67
"Weekly",0.05,"SameTimestamp",1000,"Weekly","AIC_dt",1387.97666008982,NA,NA,NA,"DT",1,67
"Weekly",0.05,"SameTimestamp",1000,"Weekly","BIC_dt",1397.79217064779,NA,NA,NA,"DT",1,67
"Weekly",0.05,"SameTimestamp",1000,"Monthly","error_var_ct",1.56616909798488,0.35250790324278,0.874429063151395,2.25790913281836,"CT",1,67
"Weekly",0.05,"SameTimestamp",1000,"Monthly","beta_ct",-3.0833201796245,0.689113103203751,-4.43559375315078,-1.73104660609822,"CT",1,67
"Weekly",0.05,"SameTimestamp",1000,"Monthly","LogLik_ct",1465.2567790006,NA,NA,NA,"CT",1,67
"Weekly",0.05,"SameTimestamp",1000,"Monthly","AIC_ct",1469.2567790006,NA,NA,NA,"CT",1,67
"Weekly",0.05,"SameTimestamp",1000,"Monthly","BIC_ct",1479.07228955856,NA,NA,NA,"CT",1,67
"Weekly",0.05,"SameTimestamp",1000,"Monthly","error_var_dt",0.253441582283027,0.0113342670143754,0.231199907168196,0.275683257397857,"DT",1,67
"Weekly",0.05,"SameTimestamp",1000,"Monthly","beta_dt",0.0458070173816583,0.031593384269707,-0.016189915266354,0.107803950029671,"DT",1,67
"Weekly",0.05,"SameTimestamp",1000,"Monthly","LogLik_dt",1465.25677900063,NA,NA,NA,"DT",1,67
"Weekly",0.05,"SameTimestamp",1000,"Monthly","AIC_dt",1469.25677900063,NA,NA,NA,"DT",1,67
"Weekly",0.05,"SameTimestamp",1000,"Monthly","BIC_dt",1479.07228955859,NA,NA,NA,"DT",1,67
"Weekly",0.05,"SameTimestamp",1000,"Daily","error_var_ct",0.222959076745297,0.0127784923770584,0.197883341759753,0.248034811730841,"CT",1,68
"Weekly",0.05,"SameTimestamp",1000,"Daily","beta_ct",-0.528369768422347,0.0433143389800204,-0.613367188563004,-0.44337234828169,"CT",1,68
"Weekly",0.05,"SameTimestamp",1000,"Daily","LogLik_ct",855.006702145617,NA,NA,NA,"CT",1,68
"Weekly",0.05,"SameTimestamp",1000,"Daily","AIC_ct",859.006702145617,NA,NA,NA,"CT",1,68
"Weekly",0.05,"SameTimestamp",1000,"Daily","BIC_ct",868.822212703581,NA,NA,NA,"CT",1,68
"Weekly",0.05,"SameTimestamp",1000,"Daily","error_var_dt",0.137651083357267,0.0061566319196403,0.125569683935094,0.149732482779441,"DT",1,68
"Weekly",0.05,"SameTimestamp",1000,"Daily","beta_dt",0.589565314296316,0.0255369937933788,0.539453073368747,0.639677555223884,"DT",1,68
"Weekly",0.05,"SameTimestamp",1000,"Daily","LogLik_dt",855.006702145617,NA,NA,NA,"DT",1,68
"Weekly",0.05,"SameTimestamp",1000,"Daily","AIC_dt",859.006702145617,NA,NA,NA,"DT",1,68
"Weekly",0.05,"SameTimestamp",1000,"Daily","BIC_dt",868.822212703581,NA,NA,NA,"DT",1,68
"Weekly",0.05,"SameTimestamp",1000,"Weekly","error_var_ct",12.0147913938957,128.3679211328,-239.88659696944,263.916179757232,"CT",1,68
"Weekly",0.05,"SameTimestamp",1000,"Weekly","beta_ct",-24.2935273073974,259.553774500575,-533.626042585881,485.038987971086,"CT",1,68
"Weekly",0.05,"SameTimestamp",1000,"Weekly","LogLik_ct",1440.65825441137,NA,NA,NA,"CT",1,68
"Weekly",0.05,"SameTimestamp",1000,"Weekly","AIC_ct",1444.65825441137,NA,NA,NA,"CT",1,68
"Weekly",0.05,"SameTimestamp",1000,"Weekly","BIC_ct",1454.47376496933,NA,NA,NA,"CT",1,68
"Weekly",0.05,"SameTimestamp",1000,"Weekly","error_var_dt",0.247124038118199,0.0110517215033389,0.225436813101788,0.268811263134611,"DT",1,68
"Weekly",0.05,"SameTimestamp",1000,"Weekly","beta_dt",-0.0254024684334559,0.0315994417343376,-0.0874112878810436,0.0366063510141318,"DT",1,68
"Weekly",0.05,"SameTimestamp",1000,"Weekly","LogLik_dt",1440.01221564425,NA,NA,NA,"DT",1,68
"Weekly",0.05,"SameTimestamp",1000,"Weekly","AIC_dt",1444.01221564425,NA,NA,NA,"DT",1,68
"Weekly",0.05,"SameTimestamp",1000,"Weekly","BIC_dt",1453.82772620221,NA,NA,NA,"DT",1,68
"Weekly",0.05,"SameTimestamp",1000,"Monthly","error_var_ct",11.016538385432,70.8424624396747,-128.000394241919,150.033471012782,"CT",1,68
"Weekly",0.05,"SameTimestamp",1000,"Monthly","beta_ct",-21.6231626416451,139.049279858767,-294.484998669272,251.238673385982,"CT",1,68
"Weekly",0.05,"SameTimestamp",1000,"Monthly","LogLik_ct",1470.36279099823,NA,NA,NA,"CT",1,68
"Weekly",0.05,"SameTimestamp",1000,"Monthly","AIC_ct",1474.36279099823,NA,NA,NA,"CT",1,68
"Weekly",0.05,"SameTimestamp",1000,"Monthly","BIC_ct",1484.17830155619,NA,NA,NA,"CT",1,68
"Weekly",0.05,"SameTimestamp",1000,"Monthly","error_var_dt",0.254272953794888,0.0113714433577332,0.231958326088604,0.276587581501172,"DT",1,68
"Weekly",0.05,"SameTimestamp",1000,"Monthly","beta_dt",-0.0427892800943651,0.031595084586324,-0.104789549340125,0.0192109891513946,"DT",1,68
"Weekly",0.05,"SameTimestamp",1000,"Monthly","LogLik_dt",1468.5303354071,NA,NA,NA,"DT",1,68
"Weekly",0.05,"SameTimestamp",1000,"Monthly","AIC_dt",1472.5303354071,NA,NA,NA,"DT",1,68
"Weekly",0.05,"SameTimestamp",1000,"Monthly","BIC_dt",1482.34584596507,NA,NA,NA,"DT",1,68
"Weekly",0.05,"SameTimestamp",1000,"Daily","error_var_ct",0.217954627162317,0.0118704394046816,0.194660800011928,0.241248454312705,"CT",1,69
"Weekly",0.05,"SameTimestamp",1000,"Daily","beta_ct",-0.41461892467633,0.0359526690957951,-0.485170252303029,-0.344067597049632,"CT",1,69
"Weekly",0.05,"SameTimestamp",1000,"Daily","LogLik_ct",928.933003366563,NA,NA,NA,"CT",1,69
"Weekly",0.05,"SameTimestamp",1000,"Daily","AIC_ct",932.933003366563,NA,NA,NA,"CT",1,69
"Weekly",0.05,"SameTimestamp",1000,"Daily","BIC_ct",942.748513924527,NA,NA,NA,"CT",1,69
"Weekly",0.05,"SameTimestamp",1000,"Daily","error_var_dt",0.148139892326795,0.00662762491204704,0.135134244948826,0.161145539704763,"DT",1,69
"Weekly",0.05,"SameTimestamp",1000,"Daily","beta_dt",0.66059197033546,0.0237500229737321,0.613986372083581,0.70719756858734,"DT",1,69
"Weekly",0.05,"SameTimestamp",1000,"Daily","LogLik_dt",928.933003366563,NA,NA,NA,"DT",1,69
"Weekly",0.05,"SameTimestamp",1000,"Daily","AIC_dt",932.933003366563,NA,NA,NA,"DT",1,69
"Weekly",0.05,"SameTimestamp",1000,"Daily","BIC_dt",942.748513924527,NA,NA,NA,"DT",1,69
"Weekly",0.05,"SameTimestamp",1000,"Weekly","error_var_ct",1.82891001703015,0.579463978099439,0.691805206874483,2.96601482718582,"CT",1,69
"Weekly",0.05,"SameTimestamp",1000,"Weekly","beta_ct",-3.57647021829608,1.1281687299001,-5.79031980674534,-1.36262062984682,"CT",1,69
"Weekly",0.05,"SameTimestamp",1000,"Weekly","LogLik_ct",1473.29177350645,NA,NA,NA,"CT",1,69
"Weekly",0.05,"SameTimestamp",1000,"Weekly","AIC_ct",1477.29177350645,NA,NA,NA,"CT",1,69
"Weekly",0.05,"SameTimestamp",1000,"Weekly","BIC_ct",1487.10728406442,NA,NA,NA,"CT",1,69
"Weekly",0.05,"SameTimestamp",1000,"Weekly","error_var_dt",0.255486364065585,0.0114257375108133,0.233065192820851,0.277907535310318,"DT",1,69
"Weekly",0.05,"SameTimestamp",1000,"Weekly","beta_dt",0.0279742008502714,0.0316326942700684,-0.0340998713477175,0.0900482730482602,"DT",1,69
"Weekly",0.05,"SameTimestamp",1000,"Weekly","LogLik_dt",1473.29177350645,NA,NA,NA,"DT",1,69
"Weekly",0.05,"SameTimestamp",1000,"Weekly","AIC_dt",1477.29177350645,NA,NA,NA,"DT",1,69
"Weekly",0.05,"SameTimestamp",1000,"Weekly","BIC_dt",1487.10728406442,NA,NA,NA,"DT",1,69
"Weekly",0.05,"SameTimestamp",1000,"Monthly","error_var_ct",1.41900379015931,0.293878606264553,0.842314316067584,1.99569326425104,"CT",1,69
"Weekly",0.05,"SameTimestamp",1000,"Monthly","beta_ct",-2.95563699428491,0.607400213324466,-4.1475621705938,-1.76371181797601,"CT",1,69
"Weekly",0.05,"SameTimestamp",1000,"Monthly","LogLik_ct",1408.26214070029,NA,NA,NA,"CT",1,69
"Weekly",0.05,"SameTimestamp",1000,"Monthly","AIC_ct",1412.26214070029,NA,NA,NA,"CT",1,69
"Weekly",0.05,"SameTimestamp",1000,"Monthly","BIC_ct",1422.07765125825,NA,NA,NA,"CT",1,69
"Weekly",0.05,"SameTimestamp",1000,"Monthly","error_var_dt",0.239400193126318,0.0107063390414529,0.218390725612697,0.260409660639939,"DT",1,69
"Weekly",0.05,"SameTimestamp",1000,"Monthly","beta_dt",0.0520454940647666,0.0315852203864258,-0.00993541827603164,0.114026406405565,"DT",1,69
"Weekly",0.05,"SameTimestamp",1000,"Monthly","LogLik_dt",1408.26214070028,NA,NA,NA,"DT",1,69
"Weekly",0.05,"SameTimestamp",1000,"Monthly","AIC_dt",1412.26214070028,NA,NA,NA,"DT",1,69
"Weekly",0.05,"SameTimestamp",1000,"Monthly","BIC_dt",1422.07765125825,NA,NA,NA,"DT",1,69
"Weekly",0.05,"SameTimestamp",1000,"Daily","error_var_ct",0.202877451635733,0.0109778820819227,0.181335124601672,0.224419778669793,"CT",1,70
"Weekly",0.05,"SameTimestamp",1000,"Daily","beta_ct",-0.398098584158515,0.0350128612290731,-0.466805690079877,-0.329391478237153,"CT",1,70
"Weekly",0.05,"SameTimestamp",1000,"Daily","LogLik_ct",871.668190797793,NA,NA,NA,"CT",1,70
"Weekly",0.05,"SameTimestamp",1000,"Daily","AIC_ct",875.668190797793,NA,NA,NA,"CT",1,70
"Weekly",0.05,"SameTimestamp",1000,"Daily","BIC_ct",885.483701355758,NA,NA,NA,"CT",1,70
"Weekly",0.05,"SameTimestamp",1000,"Daily","error_var_dt",0.139879196067446,0.00625836889337228,0.127598154205753,0.152160237929139,"DT",1,70
"Weekly",0.05,"SameTimestamp",1000,"Daily","beta_dt",0.671595815211407,0.0235144400121175,0.625452510611881,0.717739119810934,"DT",1,70
"Weekly",0.05,"SameTimestamp",1000,"Daily","LogLik_dt",871.668190797793,NA,NA,NA,"DT",1,70
"Weekly",0.05,"SameTimestamp",1000,"Daily","AIC_dt",875.668190797793,NA,NA,NA,"DT",1,70
"Weekly",0.05,"SameTimestamp",1000,"Daily","BIC_dt",885.483701355757,NA,NA,NA,"DT",1,70
"Weekly",0.05,"SameTimestamp",1000,"Weekly","error_var_ct",1.45465641817222,0.303025293557238,0.860018042145953,2.04929479419848,"CT",1,70
"Weekly",0.05,"SameTimestamp",1000,"Weekly","beta_ct",-2.96726674609031,0.61340758178696,-4.17098041630608,-1.76355307587454,"CT",1,70
"Weekly",0.05,"SameTimestamp",1000,"Weekly","LogLik_ct",1429.21220503013,NA,NA,NA,"CT",1,70
"Weekly",0.05,"SameTimestamp",1000,"Weekly","AIC_ct",1433.21220503013,NA,NA,NA,"CT",1,70
"Weekly",0.05,"SameTimestamp",1000,"Weekly","BIC_ct",1443.02771558809,NA,NA,NA,"CT",1,70
"Weekly",0.05,"SameTimestamp",1000,"Weekly","error_var_dt",0.24446851718638,0.0109330096731796,0.223014245033646,0.265922789339113,"DT",1,70
"Weekly",0.05,"SameTimestamp",1000,"Weekly","beta_dt",0.0514437343850149,0.0316205642113723,-0.0106065345247418,0.113494003294772,"DT",1,70
"Weekly",0.05,"SameTimestamp",1000,"Weekly","LogLik_dt",1429.21220503013,NA,NA,NA,"DT",1,70
"Weekly",0.05,"SameTimestamp",1000,"Weekly","AIC_dt",1433.21220503013,NA,NA,NA,"DT",1,70
"Weekly",0.05,"SameTimestamp",1000,"Weekly","BIC_dt",1443.02771558809,NA,NA,NA,"DT",1,70
"Weekly",0.05,"SameTimestamp",1000,"Monthly","error_var_ct",8.04800539112292,71.4933472560293,-132.246183948477,148.342194730723,"CT",1,70
"Weekly",0.05,"SameTimestamp",1000,"Monthly","beta_ct",-16.1139807286274,143.147518972267,-297.017951531248,264.789990073993,"CT",1,70
"Weekly",0.05,"SameTimestamp",1000,"Monthly","LogLik_ct",1450.48316642174,NA,NA,NA,"CT",1,70
"Weekly",0.05,"SameTimestamp",1000,"Monthly","AIC_ct",1454.48316642174,NA,NA,NA,"CT",1,70
"Weekly",0.05,"SameTimestamp",1000,"Monthly","BIC_ct",1464.29867697971,NA,NA,NA,"CT",1,70
"Weekly",0.05,"SameTimestamp",1000,"Monthly","error_var_dt",0.249701496311815,0.0111669940952449,0.227788067383359,0.271614925240272,"DT",1,70
"Weekly",0.05,"SameTimestamp",1000,"Monthly","beta_dt",-0.00976846992797248,0.0316860633151016,-0.0719472702887363,0.0524103304327914,"DT",1,70
"Weekly",0.05,"SameTimestamp",1000,"Monthly","LogLik_dt",1450.38812821153,NA,NA,NA,"DT",1,70
"Weekly",0.05,"SameTimestamp",1000,"Monthly","AIC_dt",1454.38812821153,NA,NA,NA,"DT",1,70
"Weekly",0.05,"SameTimestamp",1000,"Monthly","BIC_dt",1464.20363876949,NA,NA,NA,"DT",1,70
"Weekly",0.05,"SameTimestamp",1000,"Daily","error_var_ct",0.197543627136438,0.0106218895183404,0.176699878222378,0.218387376050498,"CT",1,71
"Weekly",0.05,"SameTimestamp",1000,"Daily","beta_ct",-0.386835462222272,0.0341832395566848,-0.453914569113606,-0.319756355330938,"CT",1,71
"Weekly",0.05,"SameTimestamp",1000,"Daily","LogLik_ct",854.515003770733,NA,NA,NA,"CT",1,71
"Weekly",0.05,"SameTimestamp",1000,"Daily","AIC_ct",858.515003770733,NA,NA,NA,"CT",1,71
"Weekly",0.05,"SameTimestamp",1000,"Daily","BIC_ct",868.330514328698,NA,NA,NA,"CT",1,71
"Weekly",0.05,"SameTimestamp",1000,"Daily","error_var_dt",0.137543628071157,0.00615278059016963,0.125469786263317,0.149617469878997,"DT",1,71
"Weekly",0.05,"SameTimestamp",1000,"Daily","beta_dt",0.67920286484605,0.0232170717096568,0.633643097687841,0.724762632004259,"DT",1,71
"Weekly",0.05,"SameTimestamp",1000,"Daily","LogLik_dt",854.515003770739,NA,NA,NA,"DT",1,71
"Weekly",0.05,"SameTimestamp",1000,"Daily","AIC_dt",858.515003770739,NA,NA,NA,"DT",1,71
"Weekly",0.05,"SameTimestamp",1000,"Daily","BIC_dt",868.330514328703,NA,NA,NA,"DT",1,71
"Weekly",0.05,"SameTimestamp",1000,"Weekly","error_var_ct",9.40481300335553,74.7038457715789,-137.189463042242,155.999089048953,"CT",1,71
"Weekly",0.05,"SameTimestamp",1000,"Weekly","beta_ct",-18.0438462521679,143.322743105215,-299.291666218775,263.203973714439,"CT",1,71
"Weekly",0.05,"SameTimestamp",1000,"Weekly","LogLik_ct",1493.14176149472,NA,NA,NA,"CT",1,71
"Weekly",0.05,"SameTimestamp",1000,"Weekly","AIC_ct",1497.14176149472,NA,NA,NA,"CT",1,71
"Weekly",0.05,"SameTimestamp",1000,"Weekly","BIC_ct",1506.95727205268,NA,NA,NA,"CT",1,71
"Weekly",0.05,"SameTimestamp",1000,"Weekly","error_var_dt",0.260601923895161,0.0116544698619665,0.23773190221871,0.283471945571611,"DT",1,71
"Weekly",0.05,"SameTimestamp",1000,"Weekly","beta_dt",-0.00508952009968091,0.0316173334095306,-0.0671334490807212,0.0569544088813594,"DT",1,71
"Weekly",0.05,"SameTimestamp",1000,"Weekly","LogLik_dt",1493.11584976966,NA,NA,NA,"DT",1,71
"Weekly",0.05,"SameTimestamp",1000,"Weekly","AIC_dt",1497.11584976966,NA,NA,NA,"DT",1,71
"Weekly",0.05,"SameTimestamp",1000,"Weekly","BIC_dt",1506.93136032763,NA,NA,NA,"DT",1,71
"Weekly",0.05,"SameTimestamp",1000,"Monthly","error_var_ct",11.4780598962481,43.4116499302897,-73.7103173251145,96.6664371176106,"CT",1,71
"Weekly",0.05,"SameTimestamp",1000,"Monthly","beta_ct",-22.0568309495919,83.4224587162674,-185.759981907151,141.646320007967,"CT",1,71
"Weekly",0.05,"SameTimestamp",1000,"Monthly","LogLik_ct",1491.54954943773,NA,NA,NA,"CT",1,71
"Weekly",0.05,"SameTimestamp",1000,"Monthly","AIC_ct",1495.54954943773,NA,NA,NA,"CT",1,71
"Weekly",0.05,"SameTimestamp",1000,"Monthly","BIC_ct",1505.3650599957,NA,NA,NA,"CT",1,71
"Weekly",0.05,"SameTimestamp",1000,"Monthly","error_var_dt",0.259962106292182,0.0116258613407176,0.237148224235023,0.282775988349341,"DT",1,71
"Weekly",0.05,"SameTimestamp",1000,"Monthly","beta_dt",-0.0299204362275291,0.0316845891516854,-0.0920963437798098,0.0322554713247515,"DT",1,71
"Weekly",0.05,"SameTimestamp",1000,"Monthly","LogLik_dt",1490.65821104228,NA,NA,NA,"DT",1,71
"Weekly",0.05,"SameTimestamp",1000,"Monthly","AIC_dt",1494.65821104228,NA,NA,NA,"DT",1,71
"Weekly",0.05,"SameTimestamp",1000,"Monthly","BIC_dt",1504.47372160025,NA,NA,NA,"DT",1,71
"Weekly",0.05,"SameTimestamp",1000,"Daily","error_var_ct",0.205788361628769,0.0111940512929152,0.183821837303906,0.227754885953632,"CT",1,72
"Weekly",0.05,"SameTimestamp",1000,"Daily","beta_ct",-0.412820767506394,0.0358143872485358,-0.483100739260047,-0.342540795752741,"CT",1,72
"Weekly",0.05,"SameTimestamp",1000,"Daily","LogLik_ct",872.648059456076,NA,NA,NA,"CT",1,72
"Weekly",0.05,"SameTimestamp",1000,"Daily","AIC_ct",876.648059456076,NA,NA,NA,"CT",1,72
"Weekly",0.05,"SameTimestamp",1000,"Daily","BIC_ct",886.463570014041,NA,NA,NA,"CT",1,72
"Weekly",0.05,"SameTimestamp",1000,"Daily","error_var_dt",0.140088084219985,0.00626594212443507,0.12779218111101,0.152383987328961,"DT",1,72
"Weekly",0.05,"SameTimestamp",1000,"Daily","beta_dt",0.661780883124333,0.0237011685580654,0.615271153801587,0.708290612447079,"DT",1,72
"Weekly",0.05,"SameTimestamp",1000,"Daily","LogLik_dt",872.648059456075,NA,NA,NA,"DT",1,72
"Weekly",0.05,"SameTimestamp",1000,"Daily","AIC_dt",876.648059456075,NA,NA,NA,"DT",1,72
"Weekly",0.05,"SameTimestamp",1000,"Daily","BIC_dt",886.46357001404,NA,NA,NA,"DT",1,72
"Weekly",0.05,"SameTimestamp",1000,"Weekly","error_var_ct",2.08076862258889,1.0521724699739,0.0160494649894436,4.14548778018833,"CT",1,72
"Weekly",0.05,"SameTimestamp",1000,"Weekly","beta_ct",-4.20577724997971,2.12234819883742,-8.37054406367991,-0.0410104362795165,"CT",1,72
"Weekly",0.05,"SameTimestamp",1000,"Weekly","LogLik_ct",1440.78580395379,NA,NA,NA,"CT",1,72
"Weekly",0.05,"SameTimestamp",1000,"Weekly","AIC_ct",1444.78580395379,NA,NA,NA,"CT",1,72
"Weekly",0.05,"SameTimestamp",1000,"Weekly","BIC_ct",1454.60131451175,NA,NA,NA,"CT",1,72
"Weekly",0.05,"SameTimestamp",1000,"Weekly","error_var_dt",0.247315280493039,0.0110602809384596,0.22561125896258,0.269019302023497,"DT",1,72
"Weekly",0.05,"SameTimestamp",1000,"Weekly","beta_dt",0.014909071653738,0.0316074788222692,-0.0471155192855938,0.0769336625930699,"DT",1,72
"Weekly",0.05,"SameTimestamp",1000,"Weekly","LogLik_dt",1440.78580395377,NA,NA,NA,"DT",1,72
"Weekly",0.05,"SameTimestamp",1000,"Weekly","AIC_dt",1444.78580395377,NA,NA,NA,"DT",1,72
"Weekly",0.05,"SameTimestamp",1000,"Weekly","BIC_dt",1454.60131451174,NA,NA,NA,"DT",1,72
"Weekly",0.05,"SameTimestamp",1000,"Monthly","error_var_ct",2.94371851531876,6.36007773787691,-9.53691058681111,15.4243476174486,"CT",1,72
"Weekly",0.05,"SameTimestamp",1000,"Monthly","beta_ct",-6.10414667554893,13.1868659639834,-31.9812491102931,19.7729557591952,"CT",1,72
"Weekly",0.05,"SameTimestamp",1000,"Monthly","LogLik_ct",1415.43020305428,NA,NA,NA,"CT",1,72
"Weekly",0.05,"SameTimestamp",1000,"Monthly","AIC_ct",1419.43020305428,NA,NA,NA,"CT",1,72
"Weekly",0.05,"SameTimestamp",1000,"Monthly","BIC_ct",1429.24571361224,NA,NA,NA,"CT",1,72
"Weekly",0.05,"SameTimestamp",1000,"Monthly","error_var_dt",0.241123299139928,0.0107833585581657,0.219962693218675,0.26228390506118,"DT",1,72
"Weekly",0.05,"SameTimestamp",1000,"Monthly","beta_dt",0.00223352965973319,0.0317154551179088,-0.0600029473843352,0.0644700067038016,"DT",1,72
"Weekly",0.05,"SameTimestamp",1000,"Monthly","LogLik_dt",1415.43020305428,NA,NA,NA,"DT",1,72
"Weekly",0.05,"SameTimestamp",1000,"Monthly","AIC_dt",1419.43020305428,NA,NA,NA,"DT",1,72
"Weekly",0.05,"SameTimestamp",1000,"Monthly","BIC_dt",1429.24571361224,NA,NA,NA,"DT",1,72
"Weekly",0.05,"SameTimestamp",1000,"Daily","error_var_ct",0.214411171616327,0.0117035920949886,0.19144475546228,0.237377587770374,"CT",1,73
"Weekly",0.05,"SameTimestamp",1000,"Daily","beta_ct",-0.41981399305131,0.0362918415692983,-0.491030892077904,-0.348597094024715,"CT",1,73
"Weekly",0.05,"SameTimestamp",1000,"Daily","LogLik_ct",907.661100984406,NA,NA,NA,"CT",1,73
"Weekly",0.05,"SameTimestamp",1000,"Daily","AIC_ct",911.661100984406,NA,NA,NA,"CT",1,73
"Weekly",0.05,"SameTimestamp",1000,"Daily","BIC_ct",921.47661154237,NA,NA,NA,"CT",1,73
"Weekly",0.05,"SameTimestamp",1000,"Daily","error_var_dt",0.145079937057969,0.00648922738590962,0.13234587255423,0.157814001561709,"DT",1,73
"Weekly",0.05,"SameTimestamp",1000,"Daily","beta_dt",0.657169049059194,0.0238496316309023,0.610367984846561,0.703970113271828,"DT",1,73
"Weekly",0.05,"SameTimestamp",1000,"Daily","LogLik_dt",907.661100984405,NA,NA,NA,"DT",1,73
"Weekly",0.05,"SameTimestamp",1000,"Daily","AIC_dt",911.661100984405,NA,NA,NA,"DT",1,73
"Weekly",0.05,"SameTimestamp",1000,"Daily","BIC_dt",921.476611542369,NA,NA,NA,"DT",1,73
"Weekly",0.05,"SameTimestamp",1000,"Weekly","error_var_ct",1.71906359188525,0.429493563689357,0.87625158689422,2.56187559687628,"CT",1,73
"Weekly",0.05,"SameTimestamp",1000,"Weekly","beta_ct",-3.23838828693713,0.804069027735203,-4.81624436374402,-1.66053221013025,"CT",1,73
"Weekly",0.05,"SameTimestamp",1000,"Weekly","LogLik_ct",1509.89433435503,NA,NA,NA,"CT",1,73
"Weekly",0.05,"SameTimestamp",1000,"Weekly","AIC_ct",1513.89433435503,NA,NA,NA,"CT",1,73
"Weekly",0.05,"SameTimestamp",1000,"Weekly","BIC_ct",1523.70984491299,NA,NA,NA,"CT",1,73
"Weekly",0.05,"SameTimestamp",1000,"Weekly","error_var_dt",0.265011214302144,0.0118516681131257,0.241754222790774,0.288268205813515,"DT",1,73
"Weekly",0.05,"SameTimestamp",1000,"Weekly","beta_dt",0.0392270707892891,0.0315904557197819,-0.022764115050755,0.101218256629333,"DT",1,73
"Weekly",0.05,"SameTimestamp",1000,"Weekly","LogLik_dt",1509.89433435502,NA,NA,NA,"DT",1,73
"Weekly",0.05,"SameTimestamp",1000,"Weekly","AIC_dt",1513.89433435502,NA,NA,NA,"DT",1,73
"Weekly",0.05,"SameTimestamp",1000,"Weekly","BIC_dt",1523.70984491299,NA,NA,NA,"DT",1,73
"Weekly",0.05,"SameTimestamp",1000,"Monthly","error_var_ct",1.90155710007916,0.740181808495134,0.449069410352386,3.35404478980593,"CT",1,73
"Weekly",0.05,"SameTimestamp",1000,"Monthly","beta_ct",-3.8629543067156,1.49890550035672,-6.80431514853126,-0.921593464899951,"CT",1,73
"Weekly",0.05,"SameTimestamp",1000,"Monthly","LogLik_ct",1435.52943205678,NA,NA,NA,"CT",1,73
"Weekly",0.05,"SameTimestamp",1000,"Monthly","AIC_ct",1439.52943205678,NA,NA,NA,"CT",1,73
"Weekly",0.05,"SameTimestamp",1000,"Monthly","BIC_ct",1449.34494261475,NA,NA,NA,"CT",1,73
"Weekly",0.05,"SameTimestamp",1000,"Monthly","error_var_dt",0.246018691614975,0.0110023060763891,0.224428436422063,0.267608946807887,"DT",1,73
"Weekly",0.05,"SameTimestamp",1000,"Monthly","beta_dt",0.0210057260997849,0.0316292896755681,-0.0410616651293615,0.0830731173289314,"DT",1,73
"Weekly",0.05,"SameTimestamp",1000,"Monthly","LogLik_dt",1435.52943205677,NA,NA,NA,"DT",1,73
"Weekly",0.05,"SameTimestamp",1000,"Monthly","AIC_dt",1439.52943205677,NA,NA,NA,"DT",1,73
"Weekly",0.05,"SameTimestamp",1000,"Monthly","BIC_dt",1449.34494261473,NA,NA,NA,"DT",1,73
"Weekly",0.05,"SameTimestamp",1000,"Daily","error_var_ct",0.201780895559942,0.0110850104480439,0.180028346346377,0.223533444773508,"CT",1,74
"Weekly",0.05,"SameTimestamp",1000,"Daily","beta_ct",-0.434522805679562,0.0372076428798234,-0.507536817408072,-0.361508793951052,"CT",1,74
"Weekly",0.05,"SameTimestamp",1000,"Daily","LogLik_ct",834.192396543741,NA,NA,NA,"CT",1,74
"Weekly",0.05,"SameTimestamp",1000,"Daily","AIC_ct",838.192396543741,NA,NA,NA,"CT",1,74
"Weekly",0.05,"SameTimestamp",1000,"Daily","BIC_ct",848.007907101705,NA,NA,NA,"CT",1,74
"Weekly",0.05,"SameTimestamp",1000,"Daily","error_var_dt",0.134818900825591,0.00602986483042337,0.122986261416751,0.146651540234432,"DT",1,74
"Weekly",0.05,"SameTimestamp",1000,"Daily","beta_dt",0.647573622865457,0.0240947227393027,0.600291606792447,0.694855638938468,"DT",1,74
"Weekly",0.05,"SameTimestamp",1000,"Daily","LogLik_dt",834.192396543751,NA,NA,NA,"DT",1,74
"Weekly",0.05,"SameTimestamp",1000,"Daily","AIC_dt",838.192396543751,NA,NA,NA,"DT",1,74
"Weekly",0.05,"SameTimestamp",1000,"Daily","BIC_dt",848.007907101715,NA,NA,NA,"DT",1,74
"Weekly",0.05,"SameTimestamp",1000,"Weekly","error_var_ct",1.2167107039567,0.181823649130156,0.859911051450125,1.57351035646327,"CT",1,74
"Weekly",0.05,"SameTimestamp",1000,"Weekly","beta_ct",-2.44018343768481,0.361433133108528,-3.14943779988921,-1.73092907548041,"CT",1,74
"Weekly",0.05,"SameTimestamp",1000,"Weekly","LogLik_ct",1441.18451221965,NA,NA,NA,"CT",1,74
"Weekly",0.05,"SameTimestamp",1000,"Weekly","AIC_ct",1445.18451221965,NA,NA,NA,"CT",1,74
"Weekly",0.05,"SameTimestamp",1000,"Weekly","BIC_ct",1455.00002277761,NA,NA,NA,"CT",1,74
"Weekly",0.05,"SameTimestamp",1000,"Weekly","error_var_dt",0.247413915761972,0.0110646726664822,0.225701276171983,0.269126555351962,"DT",1,74
"Weekly",0.05,"SameTimestamp",1000,"Weekly","beta_dt",0.0871448736944062,0.0314896404295743,0.0253515216382813,0.148938225750531,"DT",1,74
"Weekly",0.05,"SameTimestamp",1000,"Weekly","LogLik_dt",1441.18451221965,NA,NA,NA,"DT",1,74
"Weekly",0.05,"SameTimestamp",1000,"Weekly","AIC_dt",1445.18451221965,NA,NA,NA,"DT",1,74
"Weekly",0.05,"SameTimestamp",1000,"Weekly","BIC_dt",1455.00002277761,NA,NA,NA,"DT",1,74
"Weekly",0.05,"SameTimestamp",1000,"Monthly","error_var_ct",1.58735943137364,0.36172875018416,0.877524968228766,2.2971938945185,"CT",1,74
"Weekly",0.05,"SameTimestamp",1000,"Monthly","beta_ct",-3.10132724721311,0.701826435400495,-4.47854868935659,-1.72410580506963,"CT",1,74
"Weekly",0.05,"SameTimestamp",1000,"Monthly","LogLik_ct",1472.94551936699,NA,NA,NA,"CT",1,74
"Weekly",0.05,"SameTimestamp",1000,"Monthly","AIC_ct",1476.94551936699,NA,NA,NA,"CT",1,74
"Weekly",0.05,"SameTimestamp",1000,"Monthly","BIC_ct",1486.76102992495,NA,NA,NA,"CT",1,74
"Weekly",0.05,"SameTimestamp",1000,"Monthly","error_var_dt",0.255398172428775,0.0114217785762576,0.232984769956039,0.277811574901511,"DT",1,74
"Weekly",0.05,"SameTimestamp",1000,"Monthly","beta_dt",0.0449894729411054,0.0315804010608849,-0.0169819822488407,0.106960928131052,"DT",1,74
"Weekly",0.05,"SameTimestamp",1000,"Monthly","LogLik_dt",1472.945519367,NA,NA,NA,"DT",1,74
"Weekly",0.05,"SameTimestamp",1000,"Monthly","AIC_dt",1476.945519367,NA,NA,NA,"DT",1,74
"Weekly",0.05,"SameTimestamp",1000,"Monthly","BIC_dt",1486.76102992496,NA,NA,NA,"DT",1,74
"Weekly",0.05,"SameTimestamp",1000,"Daily","error_var_ct",0.202686770762867,0.0112290178694499,0.180651630158348,0.224721911367387,"CT",1,75
"Weekly",0.05,"SameTimestamp",1000,"Daily","beta_ct",-0.452073099651543,0.0383862858491282,-0.527400008541061,-0.376746190762025,"CT",1,75
"Weekly",0.05,"SameTimestamp",1000,"Daily","LogLik_ct",823.684057342822,NA,NA,NA,"CT",1,75
"Weekly",0.05,"SameTimestamp",1000,"Daily","AIC_ct",827.684057342822,NA,NA,NA,"CT",1,75
"Weekly",0.05,"SameTimestamp",1000,"Daily","BIC_ct",837.499567900787,NA,NA,NA,"CT",1,75
"Weekly",0.05,"SameTimestamp",1000,"Daily","error_var_dt",0.133409236994288,0.00596682451143816,0.12170030406706,0.145118169921516,"DT",1,75
"Weekly",0.05,"SameTimestamp",1000,"Daily","beta_dt",0.636307659680794,0.0244255895613948,0.588376370712243,0.684238948649344,"DT",1,75
"Weekly",0.05,"SameTimestamp",1000,"Daily","LogLik_dt",823.684057342825,NA,NA,NA,"DT",1,75
"Weekly",0.05,"SameTimestamp",1000,"Daily","AIC_dt",827.684057342825,NA,NA,NA,"DT",1,75
"Weekly",0.05,"SameTimestamp",1000,"Daily","BIC_dt",837.499567900789,NA,NA,NA,"DT",1,75
"Weekly",0.05,"SameTimestamp",1000,"Weekly","error_var_ct",1.38265678031425,0.229328518393014,0.932636466323623,1.83267709430488,"CT",1,75
"Weekly",0.05,"SameTimestamp",1000,"Weekly","beta_ct",-2.60964224598787,0.428951208961945,-3.45138996710163,-1.76789452487411,"CT",1,75
"Weekly",0.05,"SameTimestamp",1000,"Weekly","LogLik_ct",1504.09771937751,NA,NA,NA,"CT",1,75
"Weekly",0.05,"SameTimestamp",1000,"Weekly","AIC_ct",1508.09771937751,NA,NA,NA,"CT",1,75
"Weekly",0.05,"SameTimestamp",1000,"Weekly","BIC_ct",1517.91322993548,NA,NA,NA,"CT",1,75
"Weekly",0.05,"SameTimestamp",1000,"Weekly","error_var_dt",0.263479570276091,0.0117831736064955,0.240356988211903,0.28660215234028,"DT",1,75
"Weekly",0.05,"SameTimestamp",1000,"Weekly","beta_dt",0.0735607930603014,0.0315229735932264,0.0117020300344543,0.135419556086148,"DT",1,75
"Weekly",0.05,"SameTimestamp",1000,"Weekly","LogLik_dt",1504.09771937751,NA,NA,NA,"DT",1,75
"Weekly",0.05,"SameTimestamp",1000,"Weekly","AIC_dt",1508.09771937751,NA,NA,NA,"DT",1,75
"Weekly",0.05,"SameTimestamp",1000,"Weekly","BIC_dt",1517.91322993547,NA,NA,NA,"DT",1,75
"Weekly",0.05,"SameTimestamp",1000,"Monthly","error_var_ct",1.50332204440743,0.408594015903047,0.701522038809078,2.30512205000579,"CT",1,75
"Weekly",0.05,"SameTimestamp",1000,"Monthly","beta_ct",-3.35587907977273,0.907041839796956,-5.13580272995098,-1.57595542959447,"CT",1,75
"Weekly",0.05,"SameTimestamp",1000,"Monthly","LogLik_ct",1340.47628302621,NA,NA,NA,"CT",1,75
"Weekly",0.05,"SameTimestamp",1000,"Monthly","AIC_ct",1344.47628302621,NA,NA,NA,"CT",1,75
"Weekly",0.05,"SameTimestamp",1000,"Monthly","BIC_ct",1354.29179358418,NA,NA,NA,"CT",1,75
"Weekly",0.05,"SameTimestamp",1000,"Monthly","error_var_dt",0.223710873614808,0.0100046536525153,0.204078350762345,0.243343396467271,"DT",1,75
"Weekly",0.05,"SameTimestamp",1000,"Monthly","beta_dt",0.0348786853896325,0.0315877911179831,-0.027107271598167,0.0968646423774321,"DT",1,75
"Weekly",0.05,"SameTimestamp",1000,"Monthly","LogLik_dt",1340.47628302621,NA,NA,NA,"DT",1,75
"Weekly",0.05,"SameTimestamp",1000,"Monthly","AIC_dt",1344.47628302621,NA,NA,NA,"DT",1,75
"Weekly",0.05,"SameTimestamp",1000,"Monthly","BIC_dt",1354.29179358417,NA,NA,NA,"DT",1,75
"Weekly",0.05,"SameTimestamp",1000,"Daily","error_var_ct",0.202653932915786,0.011062542426862,0.180945473578254,0.224362392253317,"CT",1,76
"Weekly",0.05,"SameTimestamp",1000,"Daily","beta_ct",-0.420359196783833,0.0363120364335697,-0.49161572498182,-0.349102668585847,"CT",1,76
"Weekly",0.05,"SameTimestamp",1000,"Daily","LogLik_ct",850.684650355179,NA,NA,NA,"CT",1,76
"Weekly",0.05,"SameTimestamp",1000,"Daily","AIC_ct",854.684650355179,NA,NA,NA,"CT",1,76
"Weekly",0.05,"SameTimestamp",1000,"Daily","BIC_ct",864.500160913143,NA,NA,NA,"CT",1,76
"Weekly",0.05,"SameTimestamp",1000,"Daily","error_var_dt",0.137060162951375,0.00613012071422945,0.125030787503659,0.149089538399091,"DT",1,76
"Weekly",0.05,"SameTimestamp",1000,"Daily","beta_dt",0.656810944653929,0.0238503826328958,0.610008406720734,0.703613482587124,"DT",1,76
"Weekly",0.05,"SameTimestamp",1000,"Daily","LogLik_dt",850.684650354964,NA,NA,NA,"DT",1,76
"Weekly",0.05,"SameTimestamp",1000,"Daily","AIC_dt",854.684650354964,NA,NA,NA,"DT",1,76
"Weekly",0.05,"SameTimestamp",1000,"Daily","BIC_dt",864.500160912928,NA,NA,NA,"DT",1,76
"Weekly",0.05,"SameTimestamp",1000,"Weekly","error_var_ct",2.2943583964299,1.84681196936179,-1.32971290598673,5.91842969884652,"CT",1,76
"Weekly",0.05,"SameTimestamp",1000,"Weekly","beta_ct",-4.85001696680726,3.90062544983456,-12.5043667266837,2.80433279306919,"CT",1,76
"Weekly",0.05,"SameTimestamp",1000,"Weekly","LogLik_ct",1396.14000577903,NA,NA,NA,"CT",1,76
"Weekly",0.05,"SameTimestamp",1000,"Weekly","AIC_ct",1400.14000577903,NA,NA,NA,"CT",1,76
"Weekly",0.05,"SameTimestamp",1000,"Weekly","BIC_ct",1409.955516337,NA,NA,NA,"CT",1,76
"Weekly",0.05,"SameTimestamp",1000,"Weekly","error_var_dt",0.236516558649839,0.0105773321288709,0.215760246442475,0.257272870857203,"DT",1,76
"Weekly",0.05,"SameTimestamp",1000,"Weekly","beta_dt",0.00782821682002535,0.0316241249176567,-0.0542290394028285,0.0698854730428792,"DT",1,76
"Weekly",0.05,"SameTimestamp",1000,"Weekly","LogLik_dt",1396.14000577897,NA,NA,NA,"DT",1,76
"Weekly",0.05,"SameTimestamp",1000,"Weekly","AIC_dt",1400.14000577897,NA,NA,NA,"DT",1,76
"Weekly",0.05,"SameTimestamp",1000,"Weekly","BIC_dt",1409.95551633693,NA,NA,NA,"DT",1,76
"Weekly",0.05,"SameTimestamp",1000,"Monthly","error_var_ct",1.66059684065666,0.633463980844939,0.417525714748763,2.90366796656455,"CT",1,76
"Weekly",0.05,"SameTimestamp",1000,"Monthly","beta_ct",-3.83706276985098,1.45893341607945,-6.69998482854726,-0.974140711154696,"CT",1,76
"Weekly",0.05,"SameTimestamp",1000,"Monthly","LogLik_ct",1306.73499475863,NA,NA,NA,"CT",1,76
"Weekly",0.05,"SameTimestamp",1000,"Monthly","AIC_ct",1310.73499475863,NA,NA,NA,"CT",1,76
"Weekly",0.05,"SameTimestamp",1000,"Monthly","BIC_ct",1320.55050531659,NA,NA,NA,"CT",1,76
"Weekly",0.05,"SameTimestamp",1000,"Monthly","error_var_dt",0.216288511494356,0.00967271257333766,0.197307369594094,0.235269653394617,"DT",1,76
"Weekly",0.05,"SameTimestamp",1000,"Monthly","beta_dt",0.021556788553332,0.0316191913686873,-0.0404907863735721,0.083604363480236,"DT",1,76
"Weekly",0.05,"SameTimestamp",1000,"Monthly","LogLik_dt",1306.73499475863,NA,NA,NA,"DT",1,76
"Weekly",0.05,"SameTimestamp",1000,"Monthly","AIC_dt",1310.73499475863,NA,NA,NA,"DT",1,76
"Weekly",0.05,"SameTimestamp",1000,"Monthly","BIC_dt",1320.55050531659,NA,NA,NA,"DT",1,76
"Weekly",0.05,"SameTimestamp",1000,"Daily","error_var_ct",0.20966690490189,0.0114853756340195,0.187128703437282,0.232205106366497,"CT",1,77
"Weekly",0.05,"SameTimestamp",1000,"Daily","beta_ct",-0.428230307018666,0.0367905186315451,-0.500425779533219,-0.356034834504113,"CT",1,77
"Weekly",0.05,"SameTimestamp",1000,"Daily","LogLik_ct",878.205035679748,NA,NA,NA,"CT",1,77
"Weekly",0.05,"SameTimestamp",1000,"Daily","AIC_ct",882.205035679748,NA,NA,NA,"CT",1,77
"Weekly",0.05,"SameTimestamp",1000,"Daily","BIC_ct",892.020546237712,NA,NA,NA,"CT",1,77
"Weekly",0.05,"SameTimestamp",1000,"Daily","error_var_dt",0.140846225316076,0.00630043282274305,0.128482639761886,0.153209810870266,"DT",1,77
"Weekly",0.05,"SameTimestamp",1000,"Daily","beta_dt",0.651661230850682,0.0239748092094183,0.604614525783683,0.69870793591768,"DT",1,77
"Weekly",0.05,"SameTimestamp",1000,"Daily","LogLik_dt",878.20503567976,NA,NA,NA,"DT",1,77
"Weekly",0.05,"SameTimestamp",1000,"Daily","AIC_dt",882.20503567976,NA,NA,NA,"DT",1,77
"Weekly",0.05,"SameTimestamp",1000,"Daily","BIC_dt",892.020546237724,NA,NA,NA,"DT",1,77
"Weekly",0.05,"SameTimestamp",1000,"Weekly","error_var_ct",1.65345454172404,0.459433100893749,0.751891012814973,2.55501807063311,"CT",1,77
"Weekly",0.05,"SameTimestamp",1000,"Weekly","beta_ct",-3.3902146748736,0.936978041447241,-5.2288833034817,-1.55154604626549,"CT",1,77
"Weekly",0.05,"SameTimestamp",1000,"Weekly","LogLik_ct",1425.56773593752,NA,NA,NA,"CT",1,77
"Weekly",0.05,"SameTimestamp",1000,"Weekly","AIC_ct",1429.56773593752,NA,NA,NA,"CT",1,77
"Weekly",0.05,"SameTimestamp",1000,"Weekly","BIC_ct",1439.38324649548,NA,NA,NA,"CT",1,77
"Weekly",0.05,"SameTimestamp",1000,"Weekly","error_var_dt",0.24357993790818,0.0108932370567583,0.222203713114997,0.264956162701364,"DT",1,77
"Weekly",0.05,"SameTimestamp",1000,"Weekly","beta_dt",0.0337014142652149,0.0316118287877204,-0.0283317127813222,0.0957345413117519,"DT",1,77
"Weekly",0.05,"SameTimestamp",1000,"Weekly","LogLik_dt",1425.56773593752,NA,NA,NA,"DT",1,77
"Weekly",0.05,"SameTimestamp",1000,"Weekly","AIC_dt",1429.56773593752,NA,NA,NA,"DT",1,77
"Weekly",0.05,"SameTimestamp",1000,"Weekly","BIC_dt",1439.38324649548,NA,NA,NA,"DT",1,77
"Weekly",0.05,"SameTimestamp",1000,"Monthly","error_var_ct",2.00666882914326,0.929868101496942,0.181952313561957,3.83138534472457,"CT",1,77
"Weekly",0.05,"SameTimestamp",1000,"Monthly","beta_ct",-4.08412165530685,1.88797937426335,-7.78897736521801,-0.379265945395695,"CT",1,77
"Weekly",0.05,"SameTimestamp",1000,"Monthly","LogLik_ct",1433.81587104953,NA,NA,NA,"CT",1,77
"Weekly",0.05,"SameTimestamp",1000,"Monthly","AIC_ct",1437.81587104953,NA,NA,NA,"CT",1,77
"Weekly",0.05,"SameTimestamp",1000,"Monthly","BIC_ct",1447.63138160749,NA,NA,NA,"CT",1,77
"Weekly",0.05,"SameTimestamp",1000,"Monthly","error_var_dt",0.245597471078403,0.010983464007548,0.224044190413541,0.267150751743264,"DT",1,77
"Weekly",0.05,"SameTimestamp",1000,"Monthly","beta_dt",0.0168378711579326,0.0316213804665795,-0.0452139995213172,0.0788897418371824,"DT",1,77
"Weekly",0.05,"SameTimestamp",1000,"Monthly","LogLik_dt",1433.81587104953,NA,NA,NA,"DT",1,77
"Weekly",0.05,"SameTimestamp",1000,"Monthly","AIC_dt",1437.81587104953,NA,NA,NA,"DT",1,77
"Weekly",0.05,"SameTimestamp",1000,"Monthly","BIC_dt",1447.63138160749,NA,NA,NA,"DT",1,77
"Weekly",0.05,"SameTimestamp",1000,"Daily","error_var_ct",0.225649452213021,0.0129086148100674,0.200318372891891,0.250980531534151,"CT",1,78
"Weekly",0.05,"SameTimestamp",1000,"Daily","beta_ct",-0.519395388023408,0.0429638297768954,-0.603704990256583,-0.435085785790233,"CT",1,78
"Weekly",0.05,"SameTimestamp",1000,"Daily","LogLik_ct",874.382823540901,NA,NA,NA,"CT",1,78
"Weekly",0.05,"SameTimestamp",1000,"Daily","AIC_ct",878.382823540901,NA,NA,NA,"CT",1,78
"Weekly",0.05,"SameTimestamp",1000,"Daily","BIC_ct",888.198334098865,NA,NA,NA,"CT",1,78
"Weekly",0.05,"SameTimestamp",1000,"Daily","error_var_dt",0.140351743994903,0.00627721751738303,0.128033714741694,0.152669773248112,"DT",1,78
"Weekly",0.05,"SameTimestamp",1000,"Daily","beta_dt",0.594880124433534,0.025558204823519,0.544726260272577,0.645033988594491,"DT",1,78
"Weekly",0.05,"SameTimestamp",1000,"Daily","LogLik_dt",874.3828235409,NA,NA,NA,"DT",1,78
"Weekly",0.05,"SameTimestamp",1000,"Daily","AIC_dt",878.3828235409,NA,NA,NA,"DT",1,78
"Weekly",0.05,"SameTimestamp",1000,"Daily","BIC_dt",888.198334098864,NA,NA,NA,"DT",1,78
"Weekly",0.05,"SameTimestamp",1000,"Weekly","error_var_ct",10.9647385988358,39.5596066719798,-66.6646235957114,88.5941007933829,"CT",1,78
"Weekly",0.05,"SameTimestamp",1000,"Weekly","beta_ct",-20.7380164249386,74.8210623413367,-167.562311126293,126.086278276416,"CT",1,78
"Weekly",0.05,"SameTimestamp",1000,"Weekly","LogLik_ct",1507.44649044587,NA,NA,NA,"CT",1,78
"Weekly",0.05,"SameTimestamp",1000,"Weekly","AIC_ct",1511.44649044587,NA,NA,NA,"CT",1,78
"Weekly",0.05,"SameTimestamp",1000,"Weekly","BIC_ct",1521.26200100383,NA,NA,NA,"CT",1,78
"Weekly",0.05,"SameTimestamp",1000,"Weekly","error_var_dt",0.264331784527262,0.011821274709662,0.241134435179308,0.287529133875217,"DT",1,78
"Weekly",0.05,"SameTimestamp",1000,"Weekly","beta_dt",-0.0109407078464192,0.0316308396665485,-0.0730111406834414,0.051129724990603,"DT",1,78
"Weekly",0.05,"SameTimestamp",1000,"Weekly","LogLik_dt",1507.32686232221,NA,NA,NA,"DT",1,78
"Weekly",0.05,"SameTimestamp",1000,"Weekly","AIC_dt",1511.32686232221,NA,NA,NA,"DT",1,78
"Weekly",0.05,"SameTimestamp",1000,"Weekly","BIC_dt",1521.14237288018,NA,NA,NA,"DT",1,78
"Weekly",0.05,"SameTimestamp",1000,"Monthly","error_var_ct",9.40744185518774,169.226674980623,-322.672675977597,341.487559687972,"CT",1,78
"Weekly",0.05,"SameTimestamp",1000,"Monthly","beta_ct",-19.5569036347413,351.806408942579,-709.920368787961,670.806561518479,"CT",1,78
"Weekly",0.05,"SameTimestamp",1000,"Monthly","LogLik_ct",1412.90617551221,NA,NA,NA,"CT",1,78
"Weekly",0.05,"SameTimestamp",1000,"Monthly","AIC_ct",1416.90617551221,NA,NA,NA,"CT",1,78
"Weekly",0.05,"SameTimestamp",1000,"Monthly","BIC_ct",1426.72168607018,NA,NA,NA,"CT",1,78
"Weekly",0.05,"SameTimestamp",1000,"Monthly","error_var_dt",0.240512914681133,0.0107560715007442,0.219405855219059,0.261619974143206,"DT",1,78
"Weekly",0.05,"SameTimestamp",1000,"Monthly","beta_dt",-0.00325610865263014,0.0316075190385991,-0.0652807785100379,0.0587685612047776,"DT",1,78
"Weekly",0.05,"SameTimestamp",1000,"Monthly","LogLik_dt",1412.89556307899,NA,NA,NA,"DT",1,78
"Weekly",0.05,"SameTimestamp",1000,"Monthly","AIC_dt",1416.89556307899,NA,NA,NA,"DT",1,78
"Weekly",0.05,"SameTimestamp",1000,"Monthly","BIC_dt",1426.71107363695,NA,NA,NA,"DT",1,78
"Weekly",0.05,"SameTimestamp",1000,"Daily","error_var_ct",0.225037405420603,0.0126862554311753,0.200142670598662,0.249932140242545,"CT",1,79
"Weekly",0.05,"SameTimestamp",1000,"Daily","beta_ct",-0.490370273060023,0.0408830465444913,-0.570596673037524,-0.410143873082523,"CT",1,79
"Weekly",0.05,"SameTimestamp",1000,"Daily","LogLik_ct",895.886649467367,NA,NA,NA,"CT",1,79
"Weekly",0.05,"SameTimestamp",1000,"Daily","AIC_ct",899.886649467367,NA,NA,NA,"CT",1,79
"Weekly",0.05,"SameTimestamp",1000,"Daily","BIC_ct",909.702160025331,NA,NA,NA,"CT",1,79
"Weekly",0.05,"SameTimestamp",1000,"Daily","error_var_dt",0.143402751358983,0.00641366630367981,0.130816963319893,0.155988539398073,"DT",1,79
"Weekly",0.05,"SameTimestamp",1000,"Daily","beta_dt",0.612399593906338,0.0250368155093511,0.563268872372898,0.661530315439779,"DT",1,79
"Weekly",0.05,"SameTimestamp",1000,"Daily","LogLik_dt",895.886649467366,NA,NA,NA,"DT",1,79
"Weekly",0.05,"SameTimestamp",1000,"Daily","AIC_dt",899.886649467366,NA,NA,NA,"DT",1,79
"Weekly",0.05,"SameTimestamp",1000,"Daily","BIC_dt",909.70216002533,NA,NA,NA,"DT",1,79
"Weekly",0.05,"SameTimestamp",1000,"Weekly","error_var_ct",1.23255575811778,0.192693474336973,0.854425822806117,1.61068569342944,"CT",1,79
"Weekly",0.05,"SameTimestamp",1000,"Weekly","beta_ct",-2.51630780013504,0.389866222281988,-3.28135752441314,-1.75125807585694,"CT",1,79
"Weekly",0.05,"SameTimestamp",1000,"Weekly","LogLik_ct",1424.48385611945,NA,NA,NA,"CT",1,79
"Weekly",0.05,"SameTimestamp",1000,"Weekly","AIC_ct",1428.48385611945,NA,NA,NA,"CT",1,79
"Weekly",0.05,"SameTimestamp",1000,"Weekly","BIC_ct",1438.29936667741,NA,NA,NA,"CT",1,79
"Weekly",0.05,"SameTimestamp",1000,"Weekly","error_var_dt",0.24331626255585,0.0108814322760499,0.221963202745192,0.264669322366509,"DT",1,79
"Weekly",0.05,"SameTimestamp",1000,"Weekly","beta_dt",0.0807572761791321,0.0315064125291309,0.0189310115765797,0.142583540781685,"DT",1,79
"Weekly",0.05,"SameTimestamp",1000,"Weekly","LogLik_dt",1424.48385611944,NA,NA,NA,"DT",1,79
"Weekly",0.05,"SameTimestamp",1000,"Weekly","AIC_dt",1428.48385611944,NA,NA,NA,"DT",1,79
"Weekly",0.05,"SameTimestamp",1000,"Weekly","BIC_dt",1438.2993666774,NA,NA,NA,"DT",1,79
"Weekly",0.05,"SameTimestamp",1000,"Monthly","error_var_ct",10.0253645334582,116.329681240004,-218.252915223881,238.303644290797,"CT",1,79
"Weekly",0.05,"SameTimestamp",1000,"Monthly","beta_ct",-23.0037214571171,266.918090416974,-546.787521661901,500.780078747667,"CT",1,79
"Weekly",0.05,"SameTimestamp",1000,"Monthly","LogLik_ct",1314.19344786978,NA,NA,NA,"CT",1,79
"Weekly",0.05,"SameTimestamp",1000,"Monthly","AIC_ct",1318.19344786978,NA,NA,NA,"CT",1,79
"Weekly",0.05,"SameTimestamp",1000,"Monthly","BIC_ct",1328.00895842775,NA,NA,NA,"CT",1,79
"Weekly",0.05,"SameTimestamp",1000,"Monthly","error_var_dt",0.217270428034688,0.00971662647134931,0.198203112176167,0.236337743893209,"DT",1,79
"Weekly",0.05,"SameTimestamp",1000,"Monthly","beta_dt",-0.0541329797757208,0.031608317057458,-0.116159215616723,0.00789325606528091,"DT",1,79
"Weekly",0.05,"SameTimestamp",1000,"Monthly","LogLik_dt",1311.26457902655,NA,NA,NA,"DT",1,79
"Weekly",0.05,"SameTimestamp",1000,"Monthly","AIC_dt",1315.26457902655,NA,NA,NA,"DT",1,79
"Weekly",0.05,"SameTimestamp",1000,"Monthly","BIC_dt",1325.08008958451,NA,NA,NA,"DT",1,79
"Weekly",0.05,"SameTimestamp",1000,"Daily","error_var_ct",0.212291672240846,0.011697208426483,0.189337783008986,0.235245561472705,"CT",1,80
"Weekly",0.05,"SameTimestamp",1000,"Daily","beta_ct",-0.441133140469808,0.0376281218596028,-0.514972274533005,-0.367294006406611,"CT",1,80
"Weekly",0.05,"SameTimestamp",1000,"Daily","LogLik_ct",879.347125791894,NA,NA,NA,"CT",1,80
"Weekly",0.05,"SameTimestamp",1000,"Daily","AIC_ct",883.347125791894,NA,NA,NA,"CT",1,80
"Weekly",0.05,"SameTimestamp",1000,"Daily","BIC_ct",893.162636349858,NA,NA,NA,"CT",1,80
"Weekly",0.05,"SameTimestamp",1000,"Daily","error_var_dt",0.141041370689863,0.00630829052834259,0.12866236565289,0.153420375726837,"DT",1,80
"Weekly",0.05,"SameTimestamp",1000,"Daily","beta_dt",0.643307050328081,0.0242067642665076,0.595805170787561,0.690808929868601,"DT",1,80
"Weekly",0.05,"SameTimestamp",1000,"Daily","LogLik_dt",879.347125791894,NA,NA,NA,"DT",1,80
"Weekly",0.05,"SameTimestamp",1000,"Daily","AIC_dt",883.347125791894,NA,NA,NA,"DT",1,80
"Weekly",0.05,"SameTimestamp",1000,"Daily","BIC_dt",893.162636349859,NA,NA,NA,"DT",1,80
"Weekly",0.05,"SameTimestamp",1000,"Weekly","error_var_ct",1.64581859622331,0.546593267837184,0.573217265429793,2.71841992701684,"CT",1,80
"Weekly",0.05,"SameTimestamp",1000,"Weekly","beta_ct",-3.63926876372605,1.2036502700035,-6.00123872820118,-1.27729879925092,"CT",1,80
"Weekly",0.05,"SameTimestamp",1000,"Weekly","LogLik_ct",1350.49468206289,NA,NA,NA,"CT",1,80
"Weekly",0.05,"SameTimestamp",1000,"Weekly","AIC_ct",1354.49468206289,NA,NA,NA,"CT",1,80
"Weekly",0.05,"SameTimestamp",1000,"Weekly","BIC_ct",1364.31019262085,NA,NA,NA,"CT",1,80
"Weekly",0.05,"SameTimestamp",1000,"Weekly","error_var_dt",0.225963349085563,0.0101053969302966,0.206133133761979,0.245793564409147,"DT",1,80
"Weekly",0.05,"SameTimestamp",1000,"Weekly","beta_dt",0.0262715303831518,0.0315976824469929,-0.035733836746125,0.0882768975124286,"DT",1,80
"Weekly",0.05,"SameTimestamp",1000,"Weekly","LogLik_dt",1350.49468206289,NA,NA,NA,"DT",1,80
"Weekly",0.05,"SameTimestamp",1000,"Weekly","AIC_dt",1354.49468206289,NA,NA,NA,"DT",1,80
"Weekly",0.05,"SameTimestamp",1000,"Weekly","BIC_dt",1364.31019262085,NA,NA,NA,"DT",1,80
"Weekly",0.05,"SameTimestamp",1000,"Monthly","error_var_ct",2.05566940967125,0.909125013778046,0.27165786577774,3.83968095356475,"CT",1,80
"Weekly",0.05,"SameTimestamp",1000,"Monthly","beta_ct",-4.01296509767298,1.77006793491618,-7.48643858207671,-0.539491613269259,"CT",1,80
"Weekly",0.05,"SameTimestamp",1000,"Monthly","LogLik_ct",1475.4744131356,NA,NA,NA,"CT",1,80
"Weekly",0.05,"SameTimestamp",1000,"Monthly","AIC_ct",1479.4744131356,NA,NA,NA,"CT",1,80
"Weekly",0.05,"SameTimestamp",1000,"Monthly","BIC_ct",1489.28992369357,NA,NA,NA,"CT",1,80
"Weekly",0.05,"SameTimestamp",1000,"Monthly","error_var_dt",0.256044845249549,0.0114506810599494,0.233574726303531,0.278514964195566,"DT",1,80
"Weekly",0.05,"SameTimestamp",1000,"Monthly","beta_dt",0.0180795904756916,0.0316209203762479,-0.0439713773503197,0.080130558301703,"DT",1,80
"Weekly",0.05,"SameTimestamp",1000,"Monthly","LogLik_dt",1475.47441313555,NA,NA,NA,"DT",1,80
"Weekly",0.05,"SameTimestamp",1000,"Monthly","AIC_dt",1479.47441313555,NA,NA,NA,"DT",1,80
"Weekly",0.05,"SameTimestamp",1000,"Monthly","BIC_dt",1489.28992369351,NA,NA,NA,"DT",1,80
"Weekly",0.05,"SameTimestamp",1000,"Daily","error_var_ct",0.213787691097133,0.0116872631462739,0.190853317877298,0.236722064316969,"CT",1,81
"Weekly",0.05,"SameTimestamp",1000,"Daily","beta_ct",-0.423913705776095,0.0365220063105903,-0.495582266069555,-0.352245145482635,"CT",1,81
"Weekly",0.05,"SameTimestamp",1000,"Daily","LogLik_ct",901.099594629259,NA,NA,NA,"CT",1,81
"Weekly",0.05,"SameTimestamp",1000,"Daily","AIC_ct",905.099594629259,NA,NA,NA,"CT",1,81
"Weekly",0.05,"SameTimestamp",1000,"Daily","BIC_ct",914.915105187224,NA,NA,NA,"CT",1,81
"Weekly",0.05,"SameTimestamp",1000,"Daily","error_var_dt",0.144148323486813,0.00644711604936651,0.131496895704518,0.156799751269108,"DT",1,81
"Weekly",0.05,"SameTimestamp",1000,"Daily","beta_dt",0.654480351363552,0.0239031551563506,0.607574255845188,0.701386446881916,"DT",1,81
"Weekly",0.05,"SameTimestamp",1000,"Daily","LogLik_dt",901.099594629261,NA,NA,NA,"DT",1,81
"Weekly",0.05,"SameTimestamp",1000,"Daily","AIC_dt",905.099594629261,NA,NA,NA,"DT",1,81
"Weekly",0.05,"SameTimestamp",1000,"Daily","BIC_dt",914.915105187225,NA,NA,NA,"DT",1,81
"Weekly",0.05,"SameTimestamp",1000,"Weekly","error_var_ct",1.88569364995686,0.64273824133679,0.624423280240046,3.14696401967368,"CT",1,81
"Weekly",0.05,"SameTimestamp",1000,"Weekly","beta_ct",-3.66805681887837,1.24539141431291,-6.11193706211026,-1.22417657564647,"CT",1,81
"Weekly",0.05,"SameTimestamp",1000,"Weekly","LogLik_ct",1478.71172730542,NA,NA,NA,"CT",1,81
"Weekly",0.05,"SameTimestamp",1000,"Weekly","AIC_ct",1482.71172730542,NA,NA,NA,"CT",1,81
"Weekly",0.05,"SameTimestamp",1000,"Weekly","BIC_ct",1492.52723786339,NA,NA,NA,"CT",1,81
"Weekly",0.05,"SameTimestamp",1000,"Weekly","error_var_dt",0.256875110250714,0.0114878216503065,0.234332108872754,0.279418111628675,"DT",1,81
"Weekly",0.05,"SameTimestamp",1000,"Weekly","beta_dt",0.0255259762408837,0.0317354716484301,-0.0367497800232892,0.0878017325050566,"DT",1,81
"Weekly",0.05,"SameTimestamp",1000,"Weekly","LogLik_dt",1478.71172730542,NA,NA,NA,"DT",1,81
"Weekly",0.05,"SameTimestamp",1000,"Weekly","AIC_dt",1482.71172730542,NA,NA,NA,"DT",1,81
"Weekly",0.05,"SameTimestamp",1000,"Weekly","BIC_dt",1492.52723786338,NA,NA,NA,"DT",1,81
"Weekly",0.05,"SameTimestamp",1000,"Monthly","error_var_ct",10.9920743433065,66.9020915918286,-120.292514576367,142.276663262979,"CT",1,81
"Weekly",0.05,"SameTimestamp",1000,"Monthly","beta_ct",-22.5543634632545,137.279027514042,-291.942364131902,246.833637205393,"CT",1,81
"Weekly",0.05,"SameTimestamp",1000,"Monthly","LogLik_ct",1425.98079343037,NA,NA,NA,"CT",1,81
"Weekly",0.05,"SameTimestamp",1000,"Monthly","AIC_ct",1429.98079343037,NA,NA,NA,"CT",1,81
"Weekly",0.05,"SameTimestamp",1000,"Monthly","BIC_ct",1439.79630398833,NA,NA,NA,"CT",1,81
"Weekly",0.05,"SameTimestamp",1000,"Monthly","error_var_dt",0.243097577672177,0.0108716619364347,0.221763690580778,0.264431464763576,"DT",1,81
"Weekly",0.05,"SameTimestamp",1000,"Monthly","beta_dt",-0.0489046347966855,0.0315749261928723,-0.110865346439168,0.0130560768457972,"DT",1,81
"Weekly",0.05,"SameTimestamp",1000,"Monthly","LogLik_dt",1423.58474150377,NA,NA,NA,"DT",1,81
"Weekly",0.05,"SameTimestamp",1000,"Monthly","AIC_dt",1427.58474150377,NA,NA,NA,"DT",1,81
"Weekly",0.05,"SameTimestamp",1000,"Monthly","BIC_dt",1437.40025206173,NA,NA,NA,"DT",1,81
"Weekly",0.05,"SameTimestamp",1000,"Daily","error_var_ct",0.223076007623364,0.0122958742095051,0.198947333129127,0.247204682117602,"CT",1,82
"Weekly",0.05,"SameTimestamp",1000,"Daily","beta_ct",-0.44197016373984,0.0376728313184864,-0.515897032921487,-0.368043294558193,"CT",1,82
"Weekly",0.05,"SameTimestamp",1000,"Daily","LogLik_ct",928.31395937308,NA,NA,NA,"CT",1,82
"Weekly",0.05,"SameTimestamp",1000,"Daily","AIC_ct",932.31395937308,NA,NA,NA,"CT",1,82
"Weekly",0.05,"SameTimestamp",1000,"Daily","BIC_ct",942.129469931044,NA,NA,NA,"CT",1,82
"Weekly",0.05,"SameTimestamp",1000,"Daily","error_var_dt",0.148100214421881,0.0066245239977493,0.135100652089225,0.161099776754537,"DT",1,82
"Weekly",0.05,"SameTimestamp",1000,"Daily","beta_dt",0.642768865021393,0.0242151336452063,0.595250561921971,0.690287168120816,"DT",1,82
"Weekly",0.05,"SameTimestamp",1000,"Daily","LogLik_dt",928.313959373072,NA,NA,NA,"DT",1,82
"Weekly",0.05,"SameTimestamp",1000,"Daily","AIC_dt",932.313959373072,NA,NA,NA,"DT",1,82
"Weekly",0.05,"SameTimestamp",1000,"Daily","BIC_dt",942.129469931036,NA,NA,NA,"DT",1,82
"Weekly",0.05,"SameTimestamp",1000,"Weekly","error_var_ct",1.49529339114161,0.328980619207366,0.849721865236521,2.14086491704669,"CT",1,82
"Weekly",0.05,"SameTimestamp",1000,"Weekly","beta_ct",-3.04861416735589,0.665875883131243,-4.35528843580413,-1.74193989890766,"CT",1,82
"Weekly",0.05,"SameTimestamp",1000,"Weekly","LogLik_ct",1430.11426408848,NA,NA,NA,"CT",1,82
"Weekly",0.05,"SameTimestamp",1000,"Weekly","AIC_ct",1434.11426408848,NA,NA,NA,"CT",1,82
"Weekly",0.05,"SameTimestamp",1000,"Weekly","BIC_ct",1443.92977464644,NA,NA,NA,"CT",1,82
"Weekly",0.05,"SameTimestamp",1000,"Weekly","error_var_dt",0.244689832675316,0.0109428642702653,0.223216222461596,0.266163442889037,"DT",1,82
"Weekly",0.05,"SameTimestamp",1000,"Weekly","beta_dt",0.0474245498626761,0.03158281098979,-0.0145516344249427,0.109400734150295,"DT",1,82
"Weekly",0.05,"SameTimestamp",1000,"Weekly","LogLik_dt",1430.1142640884,NA,NA,NA,"DT",1,82
"Weekly",0.05,"SameTimestamp",1000,"Weekly","AIC_dt",1434.1142640884,NA,NA,NA,"DT",1,82
"Weekly",0.05,"SameTimestamp",1000,"Weekly","BIC_dt",1443.92977464637,NA,NA,NA,"DT",1,82
"Weekly",0.05,"SameTimestamp",1000,"Monthly","error_var_ct",9.22079929215523,41.1737625890638,-71.576084141033,90.0176827253435,"CT",1,82
"Weekly",0.05,"SameTimestamp",1000,"Monthly","beta_ct",-18.8932465790228,84.3648885252165,-184.445764381619,146.659271223573,"CT",1,82
"Weekly",0.05,"SameTimestamp",1000,"Monthly","LogLik_ct",1427.39163883518,NA,NA,NA,"CT",1,82
"Weekly",0.05,"SameTimestamp",1000,"Monthly","AIC_ct",1431.39163883518,NA,NA,NA,"CT",1,82
"Weekly",0.05,"SameTimestamp",1000,"Monthly","BIC_ct",1441.20714939315,NA,NA,NA,"CT",1,82
"Weekly",0.05,"SameTimestamp",1000,"Monthly","error_var_dt",0.243799973108072,0.0109030898601217,0.222404413773793,0.265195532442351,"DT",1,82
"Weekly",0.05,"SameTimestamp",1000,"Monthly","beta_dt",-0.0303470350136133,0.031609473951441,-0.0923755410728903,0.0316814710456638,"DT",1,82
"Weekly",0.05,"SameTimestamp",1000,"Monthly","LogLik_dt",1426.47032851013,NA,NA,NA,"DT",1,82
"Weekly",0.05,"SameTimestamp",1000,"Monthly","AIC_dt",1430.47032851013,NA,NA,NA,"DT",1,82
"Weekly",0.05,"SameTimestamp",1000,"Monthly","BIC_dt",1440.28583906809,NA,NA,NA,"DT",1,82
"Weekly",0.05,"SameTimestamp",1000,"Daily","error_var_ct",0.229145754638905,0.0128076197864138,0.20401286179966,0.25427864747815,"CT",1,83
"Weekly",0.05,"SameTimestamp",1000,"Daily","beta_ct",-0.472325491005195,0.039661831194103,-0.550155452374523,-0.394495529635866,"CT",1,83
"Weekly",0.05,"SameTimestamp",1000,"Daily","LogLik_ct",929.185719671862,NA,NA,NA,"CT",1,83
"Weekly",0.05,"SameTimestamp",1000,"Daily","AIC_ct",933.185719671862,NA,NA,NA,"CT",1,83
"Weekly",0.05,"SameTimestamp",1000,"Daily","BIC_ct",943.001230229826,NA,NA,NA,"CT",1,83
"Weekly",0.05,"SameTimestamp",1000,"Daily","error_var_dt",0.148256228605316,0.00663079503007534,0.13524436038085,0.161268096829783,"DT",1,83
"Weekly",0.05,"SameTimestamp",1000,"Daily","beta_dt",0.623550518210109,0.024730743958161,0.575020412843098,0.67208062357712,"DT",1,83
"Weekly",0.05,"SameTimestamp",1000,"Daily","LogLik_dt",929.185719671861,NA,NA,NA,"DT",1,83
"Weekly",0.05,"SameTimestamp",1000,"Daily","AIC_dt",933.185719671861,NA,NA,NA,"DT",1,83
"Weekly",0.05,"SameTimestamp",1000,"Daily","BIC_dt",943.001230229825,NA,NA,NA,"DT",1,83
"Weekly",0.05,"SameTimestamp",1000,"Weekly","error_var_ct",1.73538199085289,0.50478148703432,0.74482955156777,2.725934430138,"CT",1,83
"Weekly",0.05,"SameTimestamp",1000,"Weekly","beta_ct",-3.45247205432724,0.999183833707547,-5.41320954014151,-1.49173456851296,"CT",1,83
"Weekly",0.05,"SameTimestamp",1000,"Weekly","LogLik_ct",1455.8636380881,NA,NA,NA,"CT",1,83
"Weekly",0.05,"SameTimestamp",1000,"Weekly","AIC_ct",1459.8636380881,NA,NA,NA,"CT",1,83
"Weekly",0.05,"SameTimestamp",1000,"Weekly","BIC_ct",1469.67914864606,NA,NA,NA,"CT",1,83
"Weekly",0.05,"SameTimestamp",1000,"Weekly","error_var_dt",0.251072519313404,0.0112283284820556,0.22903873152071,0.273106307106098,"DT",1,83
"Weekly",0.05,"SameTimestamp",1000,"Weekly","beta_dt",0.0316672206782823,0.0316252972322512,-0.0303923360233155,0.0937267773798801,"DT",1,83
"Weekly",0.05,"SameTimestamp",1000,"Weekly","LogLik_dt",1455.8636380881,NA,NA,NA,"DT",1,83
"Weekly",0.05,"SameTimestamp",1000,"Weekly","AIC_dt",1459.8636380881,NA,NA,NA,"DT",1,83
"Weekly",0.05,"SameTimestamp",1000,"Weekly","BIC_dt",1469.67914864606,NA,NA,NA,"DT",1,83
"Weekly",0.05,"SameTimestamp",1000,"Monthly","error_var_ct",10.1139111879863,54.9036122426163,-97.6255927942388,117.853415170211,"CT",1,83
"Weekly",0.05,"SameTimestamp",1000,"Monthly","beta_ct",-21.362920363505,115.970310227058,-248.935992337624,206.210151610614,"CT",1,83
"Weekly",0.05,"SameTimestamp",1000,"Monthly","LogLik_ct",1396.98306944122,NA,NA,NA,"CT",1,83
"Weekly",0.05,"SameTimestamp",1000,"Monthly","AIC_ct",1400.98306944122,NA,NA,NA,"CT",1,83
"Weekly",0.05,"SameTimestamp",1000,"Monthly","BIC_ct",1410.79857999919,NA,NA,NA,"CT",1,83
"Weekly",0.05,"SameTimestamp",1000,"Monthly","error_var_dt",0.236523698541328,0.0105776692467858,0.215766724794304,0.257280672288351,"DT",1,83
"Weekly",0.05,"SameTimestamp",1000,"Monthly","beta_dt",-0.0284948893910739,0.0315995087136166,-0.0905038402747184,0.0335140614925706,"DT",1,83
"Weekly",0.05,"SameTimestamp",1000,"Monthly","LogLik_dt",1396.17022661502,NA,NA,NA,"DT",1,83
"Weekly",0.05,"SameTimestamp",1000,"Monthly","AIC_dt",1400.17022661502,NA,NA,NA,"DT",1,83
"Weekly",0.05,"SameTimestamp",1000,"Monthly","BIC_dt",1409.98573717299,NA,NA,NA,"DT",1,83
"Weekly",0.05,"SameTimestamp",1000,"Daily","error_var_ct",0.202826387162475,0.0110313363456054,0.181179164737752,0.224473609587197,"CT",1,84
"Weekly",0.05,"SameTimestamp",1000,"Daily","beta_ct",-0.409546240125856,0.0357560158076318,-0.479711667319819,-0.339380812931893,"CT",1,84
"Weekly",0.05,"SameTimestamp",1000,"Daily","LogLik_ct",860.947025383274,NA,NA,NA,"CT",1,84
"Weekly",0.05,"SameTimestamp",1000,"Daily","AIC_ct",864.947025383274,NA,NA,NA,"CT",1,84
"Weekly",0.05,"SameTimestamp",1000,"Daily","BIC_ct",874.762535941238,NA,NA,NA,"CT",1,84
"Weekly",0.05,"SameTimestamp",1000,"Daily","error_var_dt",0.138463154845962,0.00619314057245863,0.126310113067575,0.150616196624349,"DT",1,84
"Weekly",0.05,"SameTimestamp",1000,"Daily","beta_dt",0.66395145464464,0.0237399905458525,0.617365543418064,0.710537365871216,"DT",1,84
"Weekly",0.05,"SameTimestamp",1000,"Daily","LogLik_dt",860.947025383271,NA,NA,NA,"DT",1,84
"Weekly",0.05,"SameTimestamp",1000,"Daily","AIC_dt",864.947025383271,NA,NA,NA,"DT",1,84
"Weekly",0.05,"SameTimestamp",1000,"Daily","BIC_dt",874.762535941235,NA,NA,NA,"DT",1,84
"Weekly",0.05,"SameTimestamp",1000,"Weekly","error_var_ct",1.39960621063721,0.269432469108847,0.87088834686137,1.92832407441306,"CT",1,84
"Weekly",0.05,"SameTimestamp",1000,"Weekly","beta_ct",-2.84365808816675,0.542934529702271,-3.90907973413162,-1.77823644220188,"CT",1,84
"Weekly",0.05,"SameTimestamp",1000,"Weekly","LogLik_ct",1432.43560025392,NA,NA,NA,"CT",1,84
"Weekly",0.05,"SameTimestamp",1000,"Weekly","AIC_ct",1436.43560025392,NA,NA,NA,"CT",1,84
"Weekly",0.05,"SameTimestamp",1000,"Weekly","BIC_ct",1446.25111081189,NA,NA,NA,"CT",1,84
"Weekly",0.05,"SameTimestamp",1000,"Weekly","error_var_dt",0.245258606620084,0.0109683032956192,0.223735076412734,0.266782136827435,"DT",1,84
"Weekly",0.05,"SameTimestamp",1000,"Weekly","beta_dt",0.0582123661992523,0.0315975903686267,-0.00379282024104792,0.120217552639553,"DT",1,84
"Weekly",0.05,"SameTimestamp",1000,"Weekly","LogLik_dt",1432.43560025391,NA,NA,NA,"DT",1,84
"Weekly",0.05,"SameTimestamp",1000,"Weekly","AIC_dt",1436.43560025391,NA,NA,NA,"DT",1,84
"Weekly",0.05,"SameTimestamp",1000,"Weekly","BIC_dt",1446.25111081188,NA,NA,NA,"DT",1,84
"Weekly",0.05,"SameTimestamp",1000,"Monthly","error_var_ct",11.4358531193914,44.4367378291232,-75.7640941471344,98.6358003859172,"CT",1,84
"Weekly",0.05,"SameTimestamp",1000,"Monthly","beta_ct",-21.744975941133,84.493782502232,-187.550427432109,144.060475549843,"CT",1,84
"Weekly",0.05,"SameTimestamp",1000,"Monthly","LogLik_ct",1502.10442813673,NA,NA,NA,"CT",1,84
"Weekly",0.05,"SameTimestamp",1000,"Monthly","AIC_ct",1506.10442813673,NA,NA,NA,"CT",1,84
"Weekly",0.05,"SameTimestamp",1000,"Monthly","BIC_ct",1515.91993869469,NA,NA,NA,"CT",1,84
"Weekly",0.05,"SameTimestamp",1000,"Monthly","error_var_dt",0.262697982888845,0.0117482235346279,0.23964398471656,0.28575198106113,"DT",1,84
"Weekly",0.05,"SameTimestamp",1000,"Monthly","beta_dt",-0.0312525293103183,0.0316031925811036,-0.0932687091911012,0.0307636505704645,"DT",1,84
"Weekly",0.05,"SameTimestamp",1000,"Monthly","LogLik_dt",1501.12696973439,NA,NA,NA,"DT",1,84
"Weekly",0.05,"SameTimestamp",1000,"Monthly","AIC_dt",1505.12696973439,NA,NA,NA,"DT",1,84
"Weekly",0.05,"SameTimestamp",1000,"Monthly","BIC_dt",1514.94248029235,NA,NA,NA,"DT",1,84
"Weekly",0.05,"SameTimestamp",1000,"Daily","error_var_ct",0.215257700335278,0.0116798598079193,0.192337854975624,0.238177545694931,"CT",1,85
"Weekly",0.05,"SameTimestamp",1000,"Daily","beta_ct",-0.407287631806443,0.0354637138281518,-0.47687946340267,-0.337695800210217,"CT",1,85
"Weekly",0.05,"SameTimestamp",1000,"Daily","LogLik_ct",922.430097687555,NA,NA,NA,"CT",1,85
"Weekly",0.05,"SameTimestamp",1000,"Daily","AIC_ct",926.430097687555,NA,NA,NA,"CT",1,85
"Weekly",0.05,"SameTimestamp",1000,"Daily","BIC_ct",936.245608245519,NA,NA,NA,"CT",1,85
"Weekly",0.05,"SameTimestamp",1000,"Daily","error_var_dt",0.147237096103312,0.00658574660014549,0.134313628173427,0.160160564033197,"DT",1,85
"Weekly",0.05,"SameTimestamp",1000,"Daily","beta_dt",0.665452785880309,0.0235993988119414,0.619142763307628,0.71176280845299,"DT",1,85
"Weekly",0.05,"SameTimestamp",1000,"Daily","LogLik_dt",922.430097687552,NA,NA,NA,"DT",1,85
"Weekly",0.05,"SameTimestamp",1000,"Daily","AIC_dt",926.430097687552,NA,NA,NA,"DT",1,85
"Weekly",0.05,"SameTimestamp",1000,"Daily","BIC_dt",936.245608245516,NA,NA,NA,"DT",1,85
"Weekly",0.05,"SameTimestamp",1000,"Weekly","error_var_ct",1.39278105311462,0.2317284610377,0.938051237880579,1.84751086834865,"CT",1,85
"Weekly",0.05,"SameTimestamp",1000,"Weekly","beta_ct",-2.61242128514577,0.430846622830462,-3.45788845096807,-1.76695411932348,"CT",1,85
"Weekly",0.05,"SameTimestamp",1000,"Weekly","LogLik_ct",1510.36061546196,NA,NA,NA,"CT",1,85
"Weekly",0.05,"SameTimestamp",1000,"Weekly","AIC_ct",1514.36061546196,NA,NA,NA,"CT",1,85
"Weekly",0.05,"SameTimestamp",1000,"Weekly","BIC_ct",1524.17612601992,NA,NA,NA,"CT",1,85
"Weekly",0.05,"SameTimestamp",1000,"Weekly","error_var_dt",0.265134516367327,0.0118571792891961,0.241866710059772,0.288402322674882,"DT",1,85
"Weekly",0.05,"SameTimestamp",1000,"Weekly","beta_dt",0.0733566562761389,0.0316218570055368,0.0113038504658697,0.135409462086408,"DT",1,85
"Weekly",0.05,"SameTimestamp",1000,"Weekly","LogLik_dt",1510.36061546195,NA,NA,NA,"DT",1,85
"Weekly",0.05,"SameTimestamp",1000,"Weekly","AIC_dt",1514.36061546195,NA,NA,NA,"DT",1,85
"Weekly",0.05,"SameTimestamp",1000,"Weekly","BIC_dt",1524.17612601992,NA,NA,NA,"DT",1,85
"Weekly",0.05,"SameTimestamp",1000,"Monthly","error_var_ct",1.93303767566836,0.626376996097724,0.703873616895146,3.16220173444157,"CT",1,85
"Weekly",0.05,"SameTimestamp",1000,"Monthly","beta_ct",-3.60870075681783,1.16436759491738,-5.89358479277207,-1.3238167208636,"CT",1,85
"Weekly",0.05,"SameTimestamp",1000,"Monthly","LogLik_ct",1519.74097254892,NA,NA,NA,"CT",1,85
"Weekly",0.05,"SameTimestamp",1000,"Monthly","AIC_ct",1523.74097254892,NA,NA,NA,"CT",1,85
"Weekly",0.05,"SameTimestamp",1000,"Monthly","BIC_ct",1533.55648310688,NA,NA,NA,"CT",1,85
"Weekly",0.05,"SameTimestamp",1000,"Monthly","error_var_dt",0.267633627052546,0.0119689353407632,0.244146517477482,0.29112073662761,"DT",1,85
"Weekly",0.05,"SameTimestamp",1000,"Monthly","beta_dt",0.0270869659001085,0.0316007327985555,-0.0349243870532499,0.0890983188534669,"DT",1,85
"Weekly",0.05,"SameTimestamp",1000,"Monthly","LogLik_dt",1519.74097254892,NA,NA,NA,"DT",1,85
"Weekly",0.05,"SameTimestamp",1000,"Monthly","AIC_dt",1523.74097254892,NA,NA,NA,"DT",1,85
"Weekly",0.05,"SameTimestamp",1000,"Monthly","BIC_dt",1533.55648310688,NA,NA,NA,"DT",1,85
"Weekly",0.05,"SameTimestamp",1000,"Daily","error_var_ct",0.202233490221553,0.0109038214292018,0.180836495300678,0.223630485142428,"CT",1,86
"Weekly",0.05,"SameTimestamp",1000,"Daily","beta_ct",-0.393405188587374,0.0345856741441429,-0.461274008597153,-0.325536368577595,"CT",1,86
"Weekly",0.05,"SameTimestamp",1000,"Daily","LogLik_ct",871.955989662495,NA,NA,NA,"CT",1,86
"Weekly",0.05,"SameTimestamp",1000,"Daily","AIC_ct",875.955989662495,NA,NA,NA,"CT",1,86
"Weekly",0.05,"SameTimestamp",1000,"Daily","BIC_ct",885.771500220459,NA,NA,NA,"CT",1,86
"Weekly",0.05,"SameTimestamp",1000,"Daily","error_var_dt",0.140005340851396,0.00626188327773005,0.127717402575933,0.152293279126859,"DT",1,86
"Weekly",0.05,"SameTimestamp",1000,"Daily","beta_dt",0.67475529563367,0.0233370281353987,0.628960133293232,0.720550457974108,"DT",1,86
"Weekly",0.05,"SameTimestamp",1000,"Daily","LogLik_dt",871.955989662496,NA,NA,NA,"DT",1,86
"Weekly",0.05,"SameTimestamp",1000,"Daily","AIC_dt",875.955989662496,NA,NA,NA,"DT",1,86
"Weekly",0.05,"SameTimestamp",1000,"Daily","BIC_dt",885.77150022046,NA,NA,NA,"DT",1,86
"Weekly",0.05,"SameTimestamp",1000,"Weekly","error_var_ct",1.19578912323333,0.198988057574294,0.805307081237557,1.5862711652291,"CT",1,86
"Weekly",0.05,"SameTimestamp",1000,"Weekly","beta_ct",-2.61745853307245,0.431660310328057,-3.46452242967085,-1.77039463647404,"CT",1,86
"Weekly",0.05,"SameTimestamp",1000,"Weekly","LogLik_ct",1355.99099209334,NA,NA,NA,"CT",1,86
"Weekly",0.05,"SameTimestamp",1000,"Weekly","AIC_ct",1359.99099209334,NA,NA,NA,"CT",1,86
"Weekly",0.05,"SameTimestamp",1000,"Weekly","BIC_ct",1369.80650265131,NA,NA,NA,"CT",1,86
"Weekly",0.05,"SameTimestamp",1000,"Weekly","error_var_dt",0.227208712639045,0.0101610807580604,0.20726922676407,0.247148198514021,"DT",1,86
"Weekly",0.05,"SameTimestamp",1000,"Weekly","beta_dt",0.0729880863630916,0.031521460028413,0.0111322934646292,0.134843879261554,"DT",1,86
"Weekly",0.05,"SameTimestamp",1000,"Weekly","LogLik_dt",1355.99099209335,NA,NA,NA,"DT",1,86
"Weekly",0.05,"SameTimestamp",1000,"Weekly","AIC_dt",1359.99099209335,NA,NA,NA,"DT",1,86
"Weekly",0.05,"SameTimestamp",1000,"Weekly","BIC_dt",1369.80650265131,NA,NA,NA,"DT",1,86
"Weekly",0.05,"SameTimestamp",1000,"Monthly","error_var_ct",10.6210630308883,516.596349825514,-1003.11614324399,1024.35826930577,"CT",1,86
"Weekly",0.05,"SameTimestamp",1000,"Monthly","beta_ct",-21.1803485984004,1030.17365616903,-2042.73037413672,2000.36967693992,"CT",1,86
"Weekly",0.05,"SameTimestamp",1000,"Monthly","LogLik_ct",1454.4980578511,NA,NA,NA,"CT",1,86
"Weekly",0.05,"SameTimestamp",1000,"Monthly","AIC_ct",1458.4980578511,NA,NA,NA,"CT",1,86
"Weekly",0.05,"SameTimestamp",1000,"Monthly","BIC_ct",1468.31356840907,NA,NA,NA,"CT",1,86
"Weekly",0.05,"SameTimestamp",1000,"Monthly","error_var_dt",0.250564965405064,0.011205615688198,0.228575747815392,0.272554182994737,"DT",1,86
"Weekly",0.05,"SameTimestamp",1000,"Monthly","beta_dt",-0.0256382310272156,0.0316004942693591,-0.0876491159054098,0.0363726538509787,"DT",1,86
"Weekly",0.05,"SameTimestamp",1000,"Monthly","LogLik_dt",1453.84002785476,NA,NA,NA,"DT",1,86
"Weekly",0.05,"SameTimestamp",1000,"Monthly","AIC_dt",1457.84002785476,NA,NA,NA,"DT",1,86
"Weekly",0.05,"SameTimestamp",1000,"Monthly","BIC_dt",1467.65553841273,NA,NA,NA,"DT",1,86
"Weekly",0.05,"SameTimestamp",1000,"Daily","error_var_ct",0.223231011460673,0.0119928589214974,0.199696955708181,0.246765067213165,"CT",1,87
"Weekly",0.05,"SameTimestamp",1000,"Daily","beta_ct",-0.383762127615673,0.0340668249517211,-0.450612789578108,-0.316911465653239,"CT",1,87
"Weekly",0.05,"SameTimestamp",1000,"Daily","LogLik_ct",979.136371273719,NA,NA,NA,"CT",1,87
"Weekly",0.05,"SameTimestamp",1000,"Daily","AIC_ct",983.136371273719,NA,NA,NA,"CT",1,87
"Weekly",0.05,"SameTimestamp",1000,"Daily","BIC_ct",992.951881831684,NA,NA,NA,"CT",1,87
"Weekly",0.05,"SameTimestamp",1000,"Daily","error_var_dt",0.155846450604389,0.00697035460169539,0.142168251362263,0.169524649846514,"DT",1,87
"Weekly",0.05,"SameTimestamp",1000,"Daily","beta_dt",0.681293467252856,0.0232095765988879,0.635748408043424,0.726838526462287,"DT",1,87
"Weekly",0.05,"SameTimestamp",1000,"Daily","LogLik_dt",979.136371273721,NA,NA,NA,"DT",1,87
"Weekly",0.05,"SameTimestamp",1000,"Daily","AIC_dt",983.136371273721,NA,NA,NA,"DT",1,87
"Weekly",0.05,"SameTimestamp",1000,"Daily","BIC_dt",992.951881831685,NA,NA,NA,"DT",1,87
"Weekly",0.05,"SameTimestamp",1000,"Weekly","error_var_ct",1.26402998546913,0.183865891190323,0.903222761555383,1.62483720938288,"CT",1,87
"Weekly",0.05,"SameTimestamp",1000,"Weekly","beta_ct",-2.39563522561994,0.34545182839483,-3.07352884902205,-1.71774160221782,"CT",1,87
"Weekly",0.05,"SameTimestamp",1000,"Weekly","LogLik_ct",1497.05020881008,NA,NA,NA,"CT",1,87
"Weekly",0.05,"SameTimestamp",1000,"Weekly","AIC_ct",1501.05020881008,NA,NA,NA,"CT",1,87
"Weekly",0.05,"SameTimestamp",1000,"Weekly","BIC_ct",1510.86571936804,NA,NA,NA,"CT",1,87
"Weekly",0.05,"SameTimestamp",1000,"Weekly","error_var_dt",0.261629173156912,0.0117003969156119,0.238669027028226,0.284589319285598,"DT",1,87
"Weekly",0.05,"SameTimestamp",1000,"Weekly","beta_dt",0.091114777115615,0.0314773557414056,0.0293455317831793,0.152884022448051,"DT",1,87
"Weekly",0.05,"SameTimestamp",1000,"Weekly","LogLik_dt",1497.05020881007,NA,NA,NA,"DT",1,87
"Weekly",0.05,"SameTimestamp",1000,"Weekly","AIC_dt",1501.05020881007,NA,NA,NA,"DT",1,87
"Weekly",0.05,"SameTimestamp",1000,"Weekly","BIC_dt",1510.86571936804,NA,NA,NA,"DT",1,87
"Weekly",0.05,"SameTimestamp",1000,"Monthly","error_var_ct",2.47347899336251,2.18760365933462,-1.81934116070867,6.76629914743369,"CT",1,87
"Weekly",0.05,"SameTimestamp",1000,"Monthly","beta_ct",-4.97231034964277,4.3944734546937,-13.5957573494425,3.65113665015691,"CT",1,87
"Weekly",0.05,"SameTimestamp",1000,"Monthly","LogLik_ct",1446.42299641305,NA,NA,NA,"CT",1,87
"Weekly",0.05,"SameTimestamp",1000,"Monthly","AIC_ct",1450.42299641305,NA,NA,NA,"CT",1,87
"Weekly",0.05,"SameTimestamp",1000,"Monthly","BIC_ct",1460.23850697101,NA,NA,NA,"CT",1,87
"Weekly",0.05,"SameTimestamp",1000,"Monthly","error_var_dt",0.248713396600116,0.0111228301194082,0.226886632367408,0.270540160832824,"DT",1,87
"Weekly",0.05,"SameTimestamp",1000,"Monthly","beta_dt",0.00692710784599491,0.0317225747218826,-0.0553233402751912,0.069177555967181,"DT",1,87
"Weekly",0.05,"SameTimestamp",1000,"Monthly","LogLik_dt",1446.42299641305,NA,NA,NA,"DT",1,87
"Weekly",0.05,"SameTimestamp",1000,"Monthly","AIC_dt",1450.42299641305,NA,NA,NA,"DT",1,87
"Weekly",0.05,"SameTimestamp",1000,"Monthly","BIC_dt",1460.23850697102,NA,NA,NA,"DT",1,87
"Weekly",0.05,"SameTimestamp",1000,"Daily","error_var_ct",0.216652249755528,0.0118825528702913,0.193334651878169,0.239969847632886,"CT",1,88
"Weekly",0.05,"SameTimestamp",1000,"Daily","beta_ct",-0.43081198841154,0.0369764881591762,-0.503372396198006,-0.358251580625073,"CT",1,88
"Weekly",0.05,"SameTimestamp",1000,"Daily","LogLik_ct",908.487939473186,NA,NA,NA,"CT",1,88
"Weekly",0.05,"SameTimestamp",1000,"Daily","AIC_ct",912.487939473186,NA,NA,NA,"CT",1,88
"Weekly",0.05,"SameTimestamp",1000,"Daily","BIC_ct",922.303450031151,NA,NA,NA,"CT",1,88
"Weekly",0.05,"SameTimestamp",1000,"Daily","error_var_dt",0.145216477628061,0.00649490934458975,0.132471263194748,0.157961692061374,"DT",1,88
"Weekly",0.05,"SameTimestamp",1000,"Daily","beta_dt",0.649981107477628,0.0240339391722487,0.602818369373719,0.697143845581536,"DT",1,88
"Weekly",0.05,"SameTimestamp",1000,"Daily","LogLik_dt",908.487939473186,NA,NA,NA,"DT",1,88
"Weekly",0.05,"SameTimestamp",1000,"Daily","AIC_dt",912.487939473186,NA,NA,NA,"DT",1,88
"Weekly",0.05,"SameTimestamp",1000,"Daily","BIC_dt",922.30345003115,NA,NA,NA,"DT",1,88
"Weekly",0.05,"SameTimestamp",1000,"Weekly","error_var_ct",3.09554136089587,7.87289955202807,-12.3537571094695,18.5448398312613,"CT",1,88
"Weekly",0.05,"SameTimestamp",1000,"Weekly","beta_ct",-6.05709120607007,15.4028677980271,-36.2827406429412,24.1685582308011,"CT",1,88
"Weekly",0.05,"SameTimestamp",1000,"Weekly","LogLik_ct",1473.45752487987,NA,NA,NA,"CT",1,88
"Weekly",0.05,"SameTimestamp",1000,"Weekly","AIC_ct",1477.45752487987,NA,NA,NA,"CT",1,88
"Weekly",0.05,"SameTimestamp",1000,"Weekly","BIC_ct",1487.27303543784,NA,NA,NA,"CT",1,88
"Weekly",0.05,"SameTimestamp",1000,"Weekly","error_var_dt",0.255528964396054,0.0114276174508776,0.233104104071463,0.277953824720645,"DT",1,88
"Weekly",0.05,"SameTimestamp",1000,"Weekly","beta_dt",0.00234119162463379,0.031626409963151,-0.0597205486322951,0.0644029318815627,"DT",1,88
"Weekly",0.05,"SameTimestamp",1000,"Weekly","LogLik_dt",1473.45752487987,NA,NA,NA,"DT",1,88
"Weekly",0.05,"SameTimestamp",1000,"Weekly","AIC_dt",1477.45752487987,NA,NA,NA,"DT",1,88
"Weekly",0.05,"SameTimestamp",1000,"Weekly","BIC_dt",1487.27303543784,NA,NA,NA,"DT",1,88
"Weekly",0.05,"SameTimestamp",1000,"Monthly","error_var_ct",12.4900345517312,75.645560885224,-135.952205864377,160.93227496784,"CT",1,88
"Weekly",0.05,"SameTimestamp",1000,"Monthly","beta_ct",-23.5697686338462,142.749063877896,-303.691835432828,256.552298165135,"CT",1,88
"Weekly",0.05,"SameTimestamp",1000,"Monthly","LogLik_ct",1509.69606298316,NA,NA,NA,"CT",1,88
"Weekly",0.05,"SameTimestamp",1000,"Monthly","AIC_ct",1513.69606298316,NA,NA,NA,"CT",1,88
"Weekly",0.05,"SameTimestamp",1000,"Monthly","BIC_ct",1523.51157354112,NA,NA,NA,"CT",1,88
"Weekly",0.05,"SameTimestamp",1000,"Monthly","error_var_dt",0.264490710211747,0.0118283559957648,0.241279464979331,0.287701955444164,"DT",1,88
"Weekly",0.05,"SameTimestamp",1000,"Monthly","beta_dt",-0.0420314245353387,0.0315953972243163,-0.104032307282849,0.0199694582121714,"DT",1,88
"Weekly",0.05,"SameTimestamp",1000,"Monthly","LogLik_dt",1507.92798935443,NA,NA,NA,"DT",1,88
"Weekly",0.05,"SameTimestamp",1000,"Monthly","AIC_dt",1511.92798935443,NA,NA,NA,"DT",1,88
"Weekly",0.05,"SameTimestamp",1000,"Monthly","BIC_dt",1521.7434999124,NA,NA,NA,"DT",1,88
"Weekly",0.05,"SameTimestamp",1000,"Daily","error_var_ct",0.215250071496154,0.0117841189973868,0.192125634254473,0.238374508737835,"CT",1,89
"Weekly",0.05,"SameTimestamp",1000,"Daily","beta_ct",-0.426501049529834,0.0367121457521515,-0.498542727880276,-0.354459371179392,"CT",1,89
"Weekly",0.05,"SameTimestamp",1000,"Daily","LogLik_ct",905.756112871478,NA,NA,NA,"CT",1,89
"Weekly",0.05,"SameTimestamp",1000,"Daily","AIC_ct",909.756112871478,NA,NA,NA,"CT",1,89
"Weekly",0.05,"SameTimestamp",1000,"Daily","BIC_ct",919.571623429442,NA,NA,NA,"CT",1,89
"Weekly",0.05,"SameTimestamp",1000,"Daily","error_var_dt",0.144811787000411,0.00647703136153107,0.13210165523194,0.157521918768881,"DT",1,89
"Weekly",0.05,"SameTimestamp",1000,"Daily","beta_dt",0.652789183719446,0.0239651263792672,0.605761479648466,0.699816887790426,"DT",1,89
"Weekly",0.05,"SameTimestamp",1000,"Daily","LogLik_dt",905.756112871477,NA,NA,NA,"DT",1,89
"Weekly",0.05,"SameTimestamp",1000,"Daily","AIC_dt",909.756112871477,NA,NA,NA,"DT",1,89
"Weekly",0.05,"SameTimestamp",1000,"Daily","BIC_dt",919.571623429441,NA,NA,NA,"DT",1,89
"Weekly",0.05,"SameTimestamp",1000,"Weekly","error_var_ct",1.54263496707961,0.322767249727877,0.909256178927743,2.17601375523148,"CT",1,89
"Weekly",0.05,"SameTimestamp",1000,"Weekly","beta_ct",-2.97115451371862,0.61692792971353,-4.18177630024881,-1.76053272718844,"CT",1,89
"Weekly",0.05,"SameTimestamp",1000,"Weekly","LogLik_ct",1486.64212659631,NA,NA,NA,"CT",1,89
"Weekly",0.05,"SameTimestamp",1000,"Weekly","AIC_ct",1490.64212659631,NA,NA,NA,"CT",1,89
"Weekly",0.05,"SameTimestamp",1000,"Weekly","BIC_ct",1500.45763715427,NA,NA,NA,"CT",1,89
"Weekly",0.05,"SameTimestamp",1000,"Weekly","error_var_dt",0.258920194636657,0.011579272676444,0.236197735336125,0.281642653937188,"DT",1,89
"Weekly",0.05,"SameTimestamp",1000,"Weekly","beta_dt",0.0512439695334357,0.0315866819296897,-0.0107398108508276,0.113227749917699,"DT",1,89
"Weekly",0.05,"SameTimestamp",1000,"Weekly","LogLik_dt",1486.64212659628,NA,NA,NA,"DT",1,89
"Weekly",0.05,"SameTimestamp",1000,"Weekly","AIC_dt",1490.64212659628,NA,NA,NA,"DT",1,89
"Weekly",0.05,"SameTimestamp",1000,"Weekly","BIC_dt",1500.45763715425,NA,NA,NA,"DT",1,89
"Weekly",0.05,"SameTimestamp",1000,"Monthly","error_var_ct",10.7965905489258,40.9229465901167,-69.508106847432,91.1012879452836,"CT",1,89
"Weekly",0.05,"SameTimestamp",1000,"Monthly","beta_ct",-22.3193284470761,84.5988317254787,-188.33092213424,143.692265240088,"CT",1,89
"Weekly",0.05,"SameTimestamp",1000,"Monthly","LogLik_ct",1418.51014431306,NA,NA,NA,"CT",1,89
"Weekly",0.05,"SameTimestamp",1000,"Monthly","AIC_ct",1422.51014431306,NA,NA,NA,"CT",1,89
"Weekly",0.05,"SameTimestamp",1000,"Monthly","BIC_ct",1432.32565487103,NA,NA,NA,"CT",1,89
"Weekly",0.05,"SameTimestamp",1000,"Monthly","error_var_dt",0.240695666329902,0.0107642417446039,0.219572574079003,0.261818758580801,"DT",1,89
"Weekly",0.05,"SameTimestamp",1000,"Monthly","beta_dt",-0.0696779585078245,0.0315872505887469,-0.13166285479398,-0.00769306222166941,"DT",1,89
"Weekly",0.05,"SameTimestamp",1000,"Monthly","LogLik_dt",1413.65602466792,NA,NA,NA,"DT",1,89
"Weekly",0.05,"SameTimestamp",1000,"Monthly","AIC_dt",1417.65602466792,NA,NA,NA,"DT",1,89
"Weekly",0.05,"SameTimestamp",1000,"Monthly","BIC_dt",1427.47153522588,NA,NA,NA,"DT",1,89
"Weekly",0.05,"SameTimestamp",1000,"Daily","error_var_ct",0.205611497764443,0.011099421901449,0.183830668392649,0.227392327136237,"CT",1,90
"Weekly",0.05,"SameTimestamp",1000,"Daily","beta_ct",-0.396186710812858,0.0347564523306571,-0.464390655532187,-0.32798276609353,"CT",1,90
"Weekly",0.05,"SameTimestamp",1000,"Daily","LogLik_ct",886.096576863517,NA,NA,NA,"CT",1,90
"Weekly",0.05,"SameTimestamp",1000,"Daily","AIC_ct",890.096576863517,NA,NA,NA,"CT",1,90
"Weekly",0.05,"SameTimestamp",1000,"Daily","BIC_ct",899.912087421481,NA,NA,NA,"CT",1,90
"Weekly",0.05,"SameTimestamp",1000,"Daily","error_var_dt",0.141999978590574,0.00635107623694929,0.1295370134855,0.154462943695648,"DT",1,90
"Weekly",0.05,"SameTimestamp",1000,"Daily","beta_dt",0.672880838769705,0.0233869471036533,0.626987718486987,0.718773959052424,"DT",1,90
"Weekly",0.05,"SameTimestamp",1000,"Daily","LogLik_dt",886.096576863629,NA,NA,NA,"DT",1,90
"Weekly",0.05,"SameTimestamp",1000,"Daily","AIC_dt",890.096576863629,NA,NA,NA,"DT",1,90
"Weekly",0.05,"SameTimestamp",1000,"Daily","BIC_dt",899.912087421593,NA,NA,NA,"DT",1,90
"Weekly",0.05,"SameTimestamp",1000,"Weekly","error_var_ct",1.63717046093155,0.388437987596464,0.874923417393447,2.39941750446966,"CT",1,90
"Weekly",0.05,"SameTimestamp",1000,"Weekly","beta_ct",-3.15848356013978,0.744403941089961,-4.61925650566181,-1.69771061461775,"CT",1,90
"Weekly",0.05,"SameTimestamp",1000,"Weekly","LogLik_ct",1485.80025421655,NA,NA,NA,"CT",1,90
"Weekly",0.05,"SameTimestamp",1000,"Weekly","AIC_ct",1489.80025421655,NA,NA,NA,"CT",1,90
"Weekly",0.05,"SameTimestamp",1000,"Weekly","BIC_ct",1499.61576477452,NA,NA,NA,"CT",1,90
"Weekly",0.05,"SameTimestamp",1000,"Weekly","error_var_dt",0.25870237396695,0.0115695237636737,0.235999045338943,0.281405702594957,"DT",1,90
"Weekly",0.05,"SameTimestamp",1000,"Weekly","beta_dt",0.0424899847100875,0.0315795925213252,-0.0194798838510824,0.104459853271257,"DT",1,90
"Weekly",0.05,"SameTimestamp",1000,"Weekly","LogLik_dt",1485.80025421658,NA,NA,NA,"DT",1,90
"Weekly",0.05,"SameTimestamp",1000,"Weekly","AIC_dt",1489.80025421658,NA,NA,NA,"DT",1,90
"Weekly",0.05,"SameTimestamp",1000,"Weekly","BIC_dt",1499.61576477455,NA,NA,NA,"DT",1,90
"Weekly",0.05,"SameTimestamp",1000,"Monthly","error_var_ct",10.8152749434356,125.579859980671,-235.614992061344,257.245541948215,"CT",1,90
"Weekly",0.05,"SameTimestamp",1000,"Monthly","beta_ct",-21.8940780638972,254.219343832157,-520.758631567785,476.970475439991,"CT",1,90
"Weekly",0.05,"SameTimestamp",1000,"Monthly","LogLik_ct",1439.47517816517,NA,NA,NA,"CT",1,90
"Weekly",0.05,"SameTimestamp",1000,"Monthly","AIC_ct",1443.47517816517,NA,NA,NA,"CT",1,90
"Weekly",0.05,"SameTimestamp",1000,"Monthly","BIC_ct",1453.29068872314,NA,NA,NA,"CT",1,90
"Weekly",0.05,"SameTimestamp",1000,"Monthly","error_var_dt",0.24695135829041,0.0110440114931772,0.225279262928252,0.268623453652567,"DT",1,90
"Weekly",0.05,"SameTimestamp",1000,"Monthly","beta_dt",-0.012721788391885,0.0316051510266556,-0.0747418114069122,0.0492982346231422,"DT",1,90
"Weekly",0.05,"SameTimestamp",1000,"Monthly","LogLik_dt",1439.31316790325,NA,NA,NA,"DT",1,90
"Weekly",0.05,"SameTimestamp",1000,"Monthly","AIC_dt",1443.31316790325,NA,NA,NA,"DT",1,90
"Weekly",0.05,"SameTimestamp",1000,"Monthly","BIC_dt",1453.12867846121,NA,NA,NA,"DT",1,90
"Weekly",0.05,"SameTimestamp",1000,"Daily","error_var_ct",0.213294584891117,0.011700100953957,0.190335019539553,0.236254150242681,"CT",1,91
"Weekly",0.05,"SameTimestamp",1000,"Daily","beta_ct",-0.431403139833716,0.037001132602161,-0.504011908373777,-0.358794371293656,"CT",1,91
"Weekly",0.05,"SameTimestamp",1000,"Daily","LogLik_ct",892.355741198841,NA,NA,NA,"CT",1,91
"Weekly",0.05,"SameTimestamp",1000,"Daily","AIC_ct",896.355741198841,NA,NA,NA,"CT",1,91
"Weekly",0.05,"SameTimestamp",1000,"Daily","BIC_ct",906.171251756805,NA,NA,NA,"CT",1,91
"Weekly",0.05,"SameTimestamp",1000,"Daily","error_var_dt",0.142893408193567,0.00639098646193336,0.130352125694282,0.155434690692851,"DT",1,91
"Weekly",0.05,"SameTimestamp",1000,"Daily","beta_dt",0.649596956913574,0.024035827392909,0.60243051348047,0.696763400346677,"DT",1,91
"Weekly",0.05,"SameTimestamp",1000,"Daily","LogLik_dt",892.355741198844,NA,NA,NA,"DT",1,91
"Weekly",0.05,"SameTimestamp",1000,"Daily","AIC_dt",896.355741198844,NA,NA,NA,"DT",1,91
"Weekly",0.05,"SameTimestamp",1000,"Daily","BIC_dt",906.171251756809,NA,NA,NA,"DT",1,91
"Weekly",0.05,"SameTimestamp",1000,"Weekly","error_var_ct",1.27989734332402,0.20341326429313,0.880731545243143,1.6790631414049,"CT",1,91
"Weekly",0.05,"SameTimestamp",1000,"Weekly","beta_ct",-2.54215408336117,0.40038368576879,-3.32784263727059,-1.75646552945175,"CT",1,91
"Weekly",0.05,"SameTimestamp",1000,"Weekly","LogLik_ct",1452.28551733361,NA,NA,NA,"CT",1,91
"Weekly",0.05,"SameTimestamp",1000,"Weekly","AIC_ct",1456.28551733361,NA,NA,NA,"CT",1,91
"Weekly",0.05,"SameTimestamp",1000,"Weekly","BIC_ct",1466.10102789158,NA,NA,NA,"CT",1,91
"Weekly",0.05,"SameTimestamp",1000,"Weekly","error_var_dt",0.25017574433582,0.0111881958828657,0.228220710310931,0.272130778360709,"DT",1,91
"Weekly",0.05,"SameTimestamp",1000,"Weekly","beta_dt",0.0786967729103782,0.031511497387262,0.0168605300919948,0.140533015728762,"DT",1,91
"Weekly",0.05,"SameTimestamp",1000,"Weekly","LogLik_dt",1452.2855173336,NA,NA,NA,"DT",1,91
"Weekly",0.05,"SameTimestamp",1000,"Weekly","AIC_dt",1456.2855173336,NA,NA,NA,"DT",1,91
"Weekly",0.05,"SameTimestamp",1000,"Weekly","BIC_dt",1466.10102789157,NA,NA,NA,"DT",1,91
"Weekly",0.05,"SameTimestamp",1000,"Monthly","error_var_ct",1.45972227139451,0.294311364081405,0.882183579726235,2.03726096306278,"CT",1,91
"Weekly",0.05,"SameTimestamp",1000,"Monthly","beta_ct",-2.91786312658862,0.583640069478765,-4.06316284406304,-1.7725634091142,"CT",1,91
"Weekly",0.05,"SameTimestamp",1000,"Monthly","LogLik_ct",1449.19888028771,NA,NA,NA,"CT",1,91
"Weekly",0.05,"SameTimestamp",1000,"Monthly","AIC_ct",1453.19888028771,NA,NA,NA,"CT",1,91
"Weekly",0.05,"SameTimestamp",1000,"Monthly","BIC_ct",1463.01439084567,NA,NA,NA,"CT",1,91
"Weekly",0.05,"SameTimestamp",1000,"Monthly","error_var_dt",0.249404741363634,0.0111537199154583,0.227517360876938,0.271292121850329,"DT",1,91
"Weekly",0.05,"SameTimestamp",1000,"Monthly","beta_dt",0.0540489655050283,0.0315623678933297,-0.00788710249547332,0.11598503350553,"DT",1,91
"Weekly",0.05,"SameTimestamp",1000,"Monthly","LogLik_dt",1449.19888028769,NA,NA,NA,"DT",1,91
"Weekly",0.05,"SameTimestamp",1000,"Monthly","AIC_dt",1453.19888028769,NA,NA,NA,"DT",1,91
"Weekly",0.05,"SameTimestamp",1000,"Monthly","BIC_dt",1463.01439084566,NA,NA,NA,"DT",1,91
"Weekly",0.05,"SameTimestamp",1000,"Daily","error_var_ct",0.195419318651491,0.0103903260883774,0.175029975705738,0.215808661597244,"CT",1,92
"Weekly",0.05,"SameTimestamp",1000,"Daily","beta_ct",-0.362397454219094,0.0326449031192936,-0.426457823399875,-0.298337085038312,"CT",1,92
"Weekly",0.05,"SameTimestamp",1000,"Daily","LogLik_ct",864.827561785074,NA,NA,NA,"CT",1,92
"Weekly",0.05,"SameTimestamp",1000,"Daily","AIC_ct",868.827561785074,NA,NA,NA,"CT",1,92
"Weekly",0.05,"SameTimestamp",1000,"Daily","BIC_ct",878.643072343038,NA,NA,NA,"CT",1,92
"Weekly",0.05,"SameTimestamp",1000,"Daily","error_var_dt",0.13900971573669,0.00621738021538147,0.12680910755969,0.15121032391369,"DT",1,92
"Weekly",0.05,"SameTimestamp",1000,"Daily","beta_dt",0.696005674938489,0.0227207849026404,0.651419790776987,0.740591559099991,"DT",1,92
"Weekly",0.05,"SameTimestamp",1000,"Daily","LogLik_dt",864.827561785075,NA,NA,NA,"DT",1,92
"Weekly",0.05,"SameTimestamp",1000,"Daily","AIC_dt",868.827561785075,NA,NA,NA,"DT",1,92
"Weekly",0.05,"SameTimestamp",1000,"Daily","BIC_dt",878.643072343039,NA,NA,NA,"DT",1,92
"Weekly",0.05,"SameTimestamp",1000,"Weekly","error_var_ct",1.15992284587871,0.151585981215576,0.862459750833964,1.45738594092345,"CT",1,92
"Weekly",0.05,"SameTimestamp",1000,"Weekly","beta_ct",-2.21108571674193,0.286922545026845,-2.77412504001829,-1.64804639346558,"CT",1,92
"Weekly",0.05,"SameTimestamp",1000,"Weekly","LogLik_ct",1487.51885631175,NA,NA,NA,"CT",1,92
"Weekly",0.05,"SameTimestamp",1000,"Weekly","AIC_ct",1491.51885631175,NA,NA,NA,"CT",1,92
"Weekly",0.05,"SameTimestamp",1000,"Weekly","BIC_ct",1501.33436686972,NA,NA,NA,"CT",1,92
"Weekly",0.05,"SameTimestamp",1000,"Weekly","error_var_dt",0.259147391557545,0.0115894319614553,0.236404996295003,0.281889786820087,"DT",1,92
"Weekly",0.05,"SameTimestamp",1000,"Weekly","beta_dt",0.109581633099924,0.0314297565042112,0.0479057936108524,0.171257472588996,"DT",1,92
"Weekly",0.05,"SameTimestamp",1000,"Weekly","LogLik_dt",1487.51885631174,NA,NA,NA,"DT",1,92
"Weekly",0.05,"SameTimestamp",1000,"Weekly","AIC_dt",1491.51885631174,NA,NA,NA,"DT",1,92
"Weekly",0.05,"SameTimestamp",1000,"Weekly","BIC_dt",1501.33436686971,NA,NA,NA,"DT",1,92
"Weekly",0.05,"SameTimestamp",1000,"Monthly","error_var_ct",1.75050039159218,0.533748719610291,0.703104419759851,2.79789636342451,"CT",1,92
"Weekly",0.05,"SameTimestamp",1000,"Monthly","beta_ct",-3.52295866186887,1.06917331988768,-5.62103925166139,-1.42487807207635,"CT",1,92
"Weekly",0.05,"SameTimestamp",1000,"Monthly","LogLik_ct",1444.45901987014,NA,NA,NA,"CT",1,92
"Weekly",0.05,"SameTimestamp",1000,"Monthly","AIC_ct",1448.45901987014,NA,NA,NA,"CT",1,92
"Weekly",0.05,"SameTimestamp",1000,"Monthly","BIC_ct",1458.2745304281,NA,NA,NA,"CT",1,92
"Weekly",0.05,"SameTimestamp",1000,"Monthly","error_var_dt",0.248225407216095,0.0111009730815606,0.226441533902947,0.270009280529243,"DT",1,92
"Weekly",0.05,"SameTimestamp",1000,"Monthly","beta_dt",0.0295118971919229,0.0316157430978519,-0.0325289110583597,0.0915527054422055,"DT",1,92
"Weekly",0.05,"SameTimestamp",1000,"Monthly","LogLik_dt",1444.45901987013,NA,NA,NA,"DT",1,92
"Weekly",0.05,"SameTimestamp",1000,"Monthly","AIC_dt",1448.45901987013,NA,NA,NA,"DT",1,92
"Weekly",0.05,"SameTimestamp",1000,"Monthly","BIC_dt",1458.27453042809,NA,NA,NA,"DT",1,92
"Weekly",0.05,"SameTimestamp",1000,"Daily","error_var_ct",0.205860748577744,0.0112497067297014,0.183785009414215,0.227936487741273,"CT",1,93
"Weekly",0.05,"SameTimestamp",1000,"Daily","beta_ct",-0.422943942298319,0.0364663802206784,-0.494503345341632,-0.351384539255007,"CT",1,93
"Weekly",0.05,"SameTimestamp",1000,"Daily","LogLik_ct",864.155445739711,NA,NA,NA,"CT",1,93
"Weekly",0.05,"SameTimestamp",1000,"Daily","AIC_ct",868.155445739711,NA,NA,NA,"CT",1,93
"Weekly",0.05,"SameTimestamp",1000,"Daily","BIC_ct",877.970956297675,NA,NA,NA,"CT",1,93
"Weekly",0.05,"SameTimestamp",1000,"Daily","error_var_dt",0.138919391628359,0.00621326549214063,0.126726857933581,0.151111925323136,"DT",1,93
"Weekly",0.05,"SameTimestamp",1000,"Daily","beta_dt",0.655115358312815,0.0238897191310916,0.608235628831908,0.701995087793722,"DT",1,93
"Weekly",0.05,"SameTimestamp",1000,"Daily","LogLik_dt",864.155445739712,NA,NA,NA,"DT",1,93
"Weekly",0.05,"SameTimestamp",1000,"Daily","AIC_dt",868.155445739712,NA,NA,NA,"DT",1,93
"Weekly",0.05,"SameTimestamp",1000,"Daily","BIC_dt",877.970956297676,NA,NA,NA,"DT",1,93
"Weekly",0.05,"SameTimestamp",1000,"Weekly","error_var_ct",1.99673829276541,0.820048028476467,0.387525998331393,3.60595058719943,"CT",1,93
"Weekly",0.05,"SameTimestamp",1000,"Weekly","beta_ct",-3.94149173977974,1.61409647165805,-7.10889632633833,-0.774087153221137,"CT",1,93
"Weekly",0.05,"SameTimestamp",1000,"Weekly","LogLik_ct",1464.30837979022,NA,NA,NA,"CT",1,93
"Weekly",0.05,"SameTimestamp",1000,"Weekly","AIC_ct",1468.30837979022,NA,NA,NA,"CT",1,93
"Weekly",0.05,"SameTimestamp",1000,"Weekly","BIC_ct",1478.12389034819,NA,NA,NA,"CT",1,93
"Weekly",0.05,"SameTimestamp",1000,"Weekly","error_var_dt",0.253201734076302,0.0113235169053307,0.230981154320573,0.275422313832031,"DT",1,93
"Weekly",0.05,"SameTimestamp",1000,"Weekly","beta_dt",0.0194190868835896,0.0316289044202303,-0.0426475483439514,0.0814857221111307,"DT",1,93
"Weekly",0.05,"SameTimestamp",1000,"Weekly","LogLik_dt",1464.30837979021,NA,NA,NA,"DT",1,93
"Weekly",0.05,"SameTimestamp",1000,"Weekly","AIC_dt",1468.30837979021,NA,NA,NA,"DT",1,93
"Weekly",0.05,"SameTimestamp",1000,"Weekly","BIC_dt",1478.12389034818,NA,NA,NA,"DT",1,93
"Weekly",0.05,"SameTimestamp",1000,"Monthly","error_var_ct",1.77141080027699,0.516408644727617,0.75804193505139,2.7847796655026,"CT",1,93
"Weekly",0.05,"SameTimestamp",1000,"Monthly","beta_ct",-3.46317085012574,1.00455763482845,-5.43445355589215,-1.49188814435932,"CT",1,93
"Weekly",0.05,"SameTimestamp",1000,"Monthly","LogLik_ct",1473.33951449251,NA,NA,NA,"CT",1,93
"Weekly",0.05,"SameTimestamp",1000,"Monthly","AIC_ct",1477.33951449251,NA,NA,NA,"CT",1,93
"Weekly",0.05,"SameTimestamp",1000,"Monthly","BIC_ct",1487.15502505048,NA,NA,NA,"CT",1,93
"Weekly",0.05,"SameTimestamp",1000,"Monthly","error_var_dt",0.255498744602376,0.0114262621365159,0.233076543864124,0.277920945340628,"DT",1,93
"Weekly",0.05,"SameTimestamp",1000,"Monthly","beta_dt",0.0313301018487529,0.0315923076266395,-0.030664718060492,0.0933249217579978,"DT",1,93
"Weekly",0.05,"SameTimestamp",1000,"Monthly","LogLik_dt",1473.33951449256,NA,NA,NA,"DT",1,93
"Weekly",0.05,"SameTimestamp",1000,"Monthly","AIC_dt",1477.33951449256,NA,NA,NA,"DT",1,93
"Weekly",0.05,"SameTimestamp",1000,"Monthly","BIC_dt",1487.15502505052,NA,NA,NA,"DT",1,93
"Weekly",0.05,"SameTimestamp",1000,"Daily","error_var_ct",0.210637226420235,0.0115612437057262,0.18795014607353,0.23332430676694,"CT",1,94
"Weekly",0.05,"SameTimestamp",1000,"Daily","beta_ct",-0.432003077778271,0.0370723883017357,-0.504751674162338,-0.359254481394203,"CT",1,94
"Weekly",0.05,"SameTimestamp",1000,"Daily","LogLik_ct",879.351539255686,NA,NA,NA,"CT",1,94
"Weekly",0.05,"SameTimestamp",1000,"Daily","AIC_ct",883.351539255686,NA,NA,NA,"CT",1,94
"Weekly",0.05,"SameTimestamp",1000,"Daily","BIC_ct",893.16704981365,NA,NA,NA,"CT",1,94
"Weekly",0.05,"SameTimestamp",1000,"Daily","error_var_dt",0.14104055590299,0.00630829073692419,0.128661550456708,0.153419561349271,"DT",1,94
"Weekly",0.05,"SameTimestamp",1000,"Daily","beta_dt",0.649207364677803,0.0240674935077623,0.601978781589985,0.696435947765621,"DT",1,94
"Weekly",0.05,"SameTimestamp",1000,"Daily","LogLik_dt",879.351539255687,NA,NA,NA,"DT",1,94
"Weekly",0.05,"SameTimestamp",1000,"Daily","AIC_dt",883.351539255687,NA,NA,NA,"DT",1,94
"Weekly",0.05,"SameTimestamp",1000,"Daily","BIC_dt",893.167049813651,NA,NA,NA,"DT",1,94
"Weekly",0.05,"SameTimestamp",1000,"Weekly","error_var_ct",1.94209153615636,0.856475827006014,0.261395549039341,3.62278752327338,"CT",1,94
"Weekly",0.05,"SameTimestamp",1000,"Weekly","beta_ct",-4.02169219319009,1.76895985919645,-7.49299125730446,-0.550393129075727,"CT",1,94
"Weekly",0.05,"SameTimestamp",1000,"Weekly","LogLik_ct",1416.47139515354,NA,NA,NA,"CT",1,94
"Weekly",0.05,"SameTimestamp",1000,"Weekly","AIC_ct",1420.47139515354,NA,NA,NA,"CT",1,94
"Weekly",0.05,"SameTimestamp",1000,"Weekly","BIC_ct",1430.28690571151,NA,NA,NA,"CT",1,94
"Weekly",0.05,"SameTimestamp",1000,"Weekly","error_var_dt",0.24137447674089,0.0107945906903851,0.220191829567623,0.262557123914158,"DT",1,94
"Weekly",0.05,"SameTimestamp",1000,"Weekly","beta_dt",0.017922570509682,0.0316045066272102,-0.0440961879751297,0.0799413289944937,"DT",1,94
"Weekly",0.05,"SameTimestamp",1000,"Weekly","LogLik_dt",1416.47139515354,NA,NA,NA,"DT",1,94
"Weekly",0.05,"SameTimestamp",1000,"Weekly","AIC_dt",1420.47139515354,NA,NA,NA,"DT",1,94
"Weekly",0.05,"SameTimestamp",1000,"Weekly","BIC_dt",1430.2869057115,NA,NA,NA,"DT",1,94
"Weekly",0.05,"SameTimestamp",1000,"Monthly","error_var_ct",10.0956679811612,71.3949159621386,-130.00536578366,150.196701745983,"CT",1,94
"Weekly",0.05,"SameTimestamp",1000,"Monthly","beta_ct",-20.5323808707702,145.203861795078,-305.471593558168,264.406831816627,"CT",1,94
"Weekly",0.05,"SameTimestamp",1000,"Monthly","LogLik_ct",1434.83404590422,NA,NA,NA,"CT",1,94
"Weekly",0.05,"SameTimestamp",1000,"Monthly","AIC_ct",1438.83404590422,NA,NA,NA,"CT",1,94
"Weekly",0.05,"SameTimestamp",1000,"Monthly","BIC_ct",1448.64955646218,NA,NA,NA,"CT",1,94
"Weekly",0.05,"SameTimestamp",1000,"Monthly","error_var_dt",0.245669390321521,0.0109866670069507,0.224109824285755,0.267228956357286,"DT",1,94
"Weekly",0.05,"SameTimestamp",1000,"Monthly","beta_dt",-0.0269176593279634,0.0315971722894771,-0.0889220253552095,0.0350867066992827,"DT",1,94
"Weekly",0.05,"SameTimestamp",1000,"Monthly","LogLik_dt",1434.10858430602,NA,NA,NA,"DT",1,94
"Weekly",0.05,"SameTimestamp",1000,"Monthly","AIC_dt",1438.10858430602,NA,NA,NA,"DT",1,94
"Weekly",0.05,"SameTimestamp",1000,"Monthly","BIC_dt",1447.92409486399,NA,NA,NA,"DT",1,94
"Weekly",0.05,"SameTimestamp",1000,"Daily","error_var_ct",0.205844418608538,0.0113098808650472,0.183650597387565,0.228038239829511,"CT",1,95
"Weekly",0.05,"SameTimestamp",1000,"Daily","beta_ct",-0.434533240056543,0.0372030635867404,-0.507538265659273,-0.361528214453812,"CT",1,95
"Weekly",0.05,"SameTimestamp",1000,"Daily","LogLik_ct",854.512825000475,NA,NA,NA,"CT",1,95
"Weekly",0.05,"SameTimestamp",1000,"Daily","AIC_ct",858.512825000475,NA,NA,NA,"CT",1,95
"Weekly",0.05,"SameTimestamp",1000,"Daily","BIC_ct",868.328335558439,NA,NA,NA,"CT",1,95
"Weekly",0.05,"SameTimestamp",1000,"Daily","error_var_dt",0.137532697548372,0.00615260782764581,0.125459194759184,0.14960620033756,"DT",1,95
"Weekly",0.05,"SameTimestamp",1000,"Daily","beta_dt",0.647566854138771,0.0240911376333221,0.600291873259336,0.694841835018207,"DT",1,95
"Weekly",0.05,"SameTimestamp",1000,"Daily","LogLik_dt",854.512825000489,NA,NA,NA,"DT",1,95
"Weekly",0.05,"SameTimestamp",1000,"Daily","AIC_dt",858.512825000489,NA,NA,NA,"DT",1,95
"Weekly",0.05,"SameTimestamp",1000,"Daily","BIC_dt",868.328335558453,NA,NA,NA,"DT",1,95
"Weekly",0.05,"SameTimestamp",1000,"Weekly","error_var_ct",1.31785055830673,0.23051161243068,0.865508612649699,1.77019250396377,"CT",1,95
"Weekly",0.05,"SameTimestamp",1000,"Weekly","beta_ct",-2.69467757038287,0.467194798649808,-3.61147218213222,-1.77788295863353,"CT",1,95
"Weekly",0.05,"SameTimestamp",1000,"Weekly","LogLik_ct",1424.88226693948,NA,NA,NA,"CT",1,95
"Weekly",0.05,"SameTimestamp",1000,"Weekly","AIC_ct",1428.88226693948,NA,NA,NA,"CT",1,95
"Weekly",0.05,"SameTimestamp",1000,"Weekly","BIC_ct",1438.69777749745,NA,NA,NA,"CT",1,95
"Weekly",0.05,"SameTimestamp",1000,"Weekly","error_var_dt",0.243412208400545,0.0108857795054883,0.222050617851666,0.264773798949424,"DT",1,95
"Weekly",0.05,"SameTimestamp",1000,"Weekly","beta_dt",0.0675642561225627,0.0315600371311798,0.00563276186771597,0.129495750377409,"DT",1,95
"Weekly",0.05,"SameTimestamp",1000,"Weekly","LogLik_dt",1424.88226693949,NA,NA,NA,"DT",1,95
"Weekly",0.05,"SameTimestamp",1000,"Weekly","AIC_dt",1428.88226693949,NA,NA,NA,"DT",1,95
"Weekly",0.05,"SameTimestamp",1000,"Weekly","BIC_dt",1438.69777749746,NA,NA,NA,"DT",1,95
"Weekly",0.05,"SameTimestamp",1000,"Monthly","error_var_ct",12.0221872961771,64.4531119259995,-114.45667311709,138.501047709445,"CT",1,95
"Weekly",0.05,"SameTimestamp",1000,"Monthly","beta_ct",-24.8223603893006,133.076427037796,-285.963433902312,236.318713123711,"CT",1,95
"Weekly",0.05,"SameTimestamp",1000,"Monthly","LogLik_ct",1419.73891157657,NA,NA,NA,"CT",1,95
"Weekly",0.05,"SameTimestamp",1000,"Monthly","AIC_ct",1423.73891157657,NA,NA,NA,"CT",1,95
"Weekly",0.05,"SameTimestamp",1000,"Monthly","BIC_ct",1433.55442213453,NA,NA,NA,"CT",1,95
"Weekly",0.05,"SameTimestamp",1000,"Monthly","error_var_dt",0.24152573821552,0.0108013960975043,0.220329736525902,0.262721739905139,"DT",1,95
"Weekly",0.05,"SameTimestamp",1000,"Monthly","beta_dt",-0.0513315427063747,0.0315799723507316,-0.113302156621633,0.0106390712088832,"DT",1,95
"Weekly",0.05,"SameTimestamp",1000,"Monthly","LogLik_dt",1417.10032393041,NA,NA,NA,"DT",1,95
"Weekly",0.05,"SameTimestamp",1000,"Monthly","AIC_dt",1421.10032393041,NA,NA,NA,"DT",1,95
"Weekly",0.05,"SameTimestamp",1000,"Monthly","BIC_dt",1430.91583448838,NA,NA,NA,"DT",1,95
"Weekly",0.05,"SameTimestamp",1000,"Daily","error_var_ct",0.229929371489958,0.0128083633817888,0.204795019464448,0.255063723515468,"CT",1,96
"Weekly",0.05,"SameTimestamp",1000,"Daily","beta_ct",-0.464616872868611,0.0391774035221315,-0.541496222885396,-0.387737522851826,"CT",1,96
"Weekly",0.05,"SameTimestamp",1000,"Daily","LogLik_ct",939.121686393541,NA,NA,NA,"CT",1,96
"Weekly",0.05,"SameTimestamp",1000,"Daily","AIC_ct",943.121686393541,NA,NA,NA,"CT",1,96
"Weekly",0.05,"SameTimestamp",1000,"Daily","BIC_ct",952.937196951505,NA,NA,NA,"CT",1,96
"Weekly",0.05,"SameTimestamp",1000,"Daily","error_var_dt",0.149736664107154,0.00669700670423116,0.136594866126884,0.162878462087423,"DT",1,96
"Weekly",0.05,"SameTimestamp",1000,"Daily","beta_dt",0.628375789252024,0.0246181136714127,0.580066702698384,0.676684875805664,"DT",1,96
"Weekly",0.05,"SameTimestamp",1000,"Daily","LogLik_dt",939.121686393532,NA,NA,NA,"DT",1,96
"Weekly",0.05,"SameTimestamp",1000,"Daily","AIC_dt",943.121686393532,NA,NA,NA,"DT",1,96
"Weekly",0.05,"SameTimestamp",1000,"Daily","BIC_dt",952.937196951497,NA,NA,NA,"DT",1,96
"Weekly",0.05,"SameTimestamp",1000,"Weekly","error_var_ct",1.38896143846943,0.282109990226663,0.835365979556089,1.94255689738276,"CT",1,96
"Weekly",0.05,"SameTimestamp",1000,"Weekly","beta_ct",-2.92649170525761,0.589728157897756,-4.08373831656414,-1.76924509395107,"CT",1,96
"Weekly",0.05,"SameTimestamp",1000,"Weekly","LogLik_ct",1396.60647157789,NA,NA,NA,"CT",1,96
"Weekly",0.05,"SameTimestamp",1000,"Weekly","AIC_ct",1400.60647157789,NA,NA,NA,"CT",1,96
"Weekly",0.05,"SameTimestamp",1000,"Weekly","BIC_ct",1410.42198213586,NA,NA,NA,"CT",1,96
"Weekly",0.05,"SameTimestamp",1000,"Weekly","error_var_dt",0.236626886187059,0.0105822704206842,0.215860883376677,0.257392888997441,"DT",1,96
"Weekly",0.05,"SameTimestamp",1000,"Weekly","beta_dt",0.0535846833996634,0.0315841094569176,-0.00839404892074497,0.115563415720072,"DT",1,96
"Weekly",0.05,"SameTimestamp",1000,"Weekly","LogLik_dt",1396.60647157789,NA,NA,NA,"DT",1,96
"Weekly",0.05,"SameTimestamp",1000,"Weekly","AIC_dt",1400.60647157789,NA,NA,NA,"DT",1,96
"Weekly",0.05,"SameTimestamp",1000,"Weekly","BIC_dt",1410.42198213586,NA,NA,NA,"DT",1,96
"Weekly",0.05,"SameTimestamp",1000,"Monthly","error_var_ct",3.36901010477048,12.7007237851804,-21.5541165336705,28.2921367432115,"CT",1,96
"Weekly",0.05,"SameTimestamp",1000,"Monthly","beta_ct",-6.74353308084954,25.4207742766269,-56.6277119087413,43.1406457470422,"CT",1,96
"Weekly",0.05,"SameTimestamp",1000,"Monthly","LogLik_ct",1450.76345736776,NA,NA,NA,"CT",1,96
"Weekly",0.05,"SameTimestamp",1000,"Monthly","AIC_ct",1454.76345736776,NA,NA,NA,"CT",1,96
"Weekly",0.05,"SameTimestamp",1000,"Monthly","BIC_ct",1464.57896792572,NA,NA,NA,"CT",1,96
"Weekly",0.05,"SameTimestamp",1000,"Monthly","error_var_dt",0.24979527035449,0.0111711837324622,0.227873619937187,0.271716920771792,"DT",1,96
"Weekly",0.05,"SameTimestamp",1000,"Monthly","beta_dt",0.00117852335756381,0.031622868601357,-0.0608762675467174,0.063233314261845,"DT",1,96
"Weekly",0.05,"SameTimestamp",1000,"Monthly","LogLik_dt",1450.76345736775,NA,NA,NA,"DT",1,96
"Weekly",0.05,"SameTimestamp",1000,"Monthly","AIC_dt",1454.76345736775,NA,NA,NA,"DT",1,96
"Weekly",0.05,"SameTimestamp",1000,"Monthly","BIC_dt",1464.57896792572,NA,NA,NA,"DT",1,96
"Weekly",0.05,"SameTimestamp",1000,"Daily","error_var_ct",0.212840249302407,0.0117205800401678,0.189840497039632,0.235840001565182,"CT",1,97
"Weekly",0.05,"SameTimestamp",1000,"Daily","beta_ct",-0.438911260462461,0.0375274165148644,-0.51255277649203,-0.365269744432892,"CT",1,97
"Weekly",0.05,"SameTimestamp",1000,"Daily","LogLik_ct",883.913414909201,NA,NA,NA,"CT",1,97
"Weekly",0.05,"SameTimestamp",1000,"Daily","AIC_ct",887.913414909201,NA,NA,NA,"CT",1,97
"Weekly",0.05,"SameTimestamp",1000,"Daily","BIC_ct",897.728925467165,NA,NA,NA,"CT",1,97
"Weekly",0.05,"SameTimestamp",1000,"Daily","error_var_dt",0.141674774994672,0.00633693317592643,0.129239563370966,0.154109986618377,"DT",1,97
"Weekly",0.05,"SameTimestamp",1000,"Daily","beta_dt",0.64473799025554,0.0241952829420946,0.597258640966615,0.692217339544465,"DT",1,97
"Weekly",0.05,"SameTimestamp",1000,"Daily","LogLik_dt",883.9134149092,NA,NA,NA,"DT",1,97
"Weekly",0.05,"SameTimestamp",1000,"Daily","AIC_dt",887.9134149092,NA,NA,NA,"DT",1,97
"Weekly",0.05,"SameTimestamp",1000,"Daily","BIC_dt",897.728925467164,NA,NA,NA,"DT",1,97
"Weekly",0.05,"SameTimestamp",1000,"Weekly","error_var_ct",1.4216567768495,0.277118555442238,0.877856205483038,1.96545734821597,"CT",1,97
"Weekly",0.05,"SameTimestamp",1000,"Weekly","beta_ct",-2.86386084301464,0.553682405256974,-3.95037346521637,-1.77734822081292,"CT",1,97
"Weekly",0.05,"SameTimestamp",1000,"Weekly","LogLik_ct",1441.12332901801,NA,NA,NA,"CT",1,97
"Weekly",0.05,"SameTimestamp",1000,"Weekly","AIC_ct",1445.12332901801,NA,NA,NA,"CT",1,97
"Weekly",0.05,"SameTimestamp",1000,"Weekly","BIC_ct",1454.93883957597,NA,NA,NA,"CT",1,97
"Weekly",0.05,"SameTimestamp",1000,"Weekly","error_var_dt",0.247398534783436,0.0110640007433919,0.225687213734386,0.269109855832486,"DT",1,97
"Weekly",0.05,"SameTimestamp",1000,"Weekly","beta_dt",0.0570480516739275,0.0315715460134652,-0.0049060269104045,0.119002130258259,"DT",1,97
"Weekly",0.05,"SameTimestamp",1000,"Weekly","LogLik_dt",1441.123329018,NA,NA,NA,"DT",1,97
"Weekly",0.05,"SameTimestamp",1000,"Weekly","AIC_dt",1445.123329018,NA,NA,NA,"DT",1,97
"Weekly",0.05,"SameTimestamp",1000,"Weekly","BIC_dt",1454.93883957597,NA,NA,NA,"DT",1,97
"Weekly",0.05,"SameTimestamp",1000,"Monthly","error_var_ct",10.7729289102146,61.6887839855104,-110.281382753211,131.82724057364,"CT",1,97
"Weekly",0.05,"SameTimestamp",1000,"Monthly","beta_ct",-22.0667043511976,126.361149295669,-270.030125912229,225.896717209834,"CT",1,97
"Weekly",0.05,"SameTimestamp",1000,"Monthly","LogLik_ct",1427.69977545363,NA,NA,NA,"CT",1,97
"Weekly",0.05,"SameTimestamp",1000,"Monthly","AIC_ct",1431.69977545363,NA,NA,NA,"CT",1,97
"Weekly",0.05,"SameTimestamp",1000,"Monthly","BIC_ct",1441.5152860116,NA,NA,NA,"CT",1,97
"Weekly",0.05,"SameTimestamp",1000,"Monthly","error_var_dt",0.243504896779836,0.0108898813833979,0.22213525695563,0.264874536604041,"DT",1,97
"Weekly",0.05,"SameTimestamp",1000,"Monthly","beta_dt",-0.0493505016711115,0.0315735090165412,-0.111308432333095,0.0126074289908723,"DT",1,97
"Weekly",0.05,"SameTimestamp",1000,"Monthly","LogLik_dt",1425.25961703982,NA,NA,NA,"DT",1,97
"Weekly",0.05,"SameTimestamp",1000,"Monthly","AIC_dt",1429.25961703982,NA,NA,NA,"DT",1,97
"Weekly",0.05,"SameTimestamp",1000,"Monthly","BIC_dt",1439.07512759779,NA,NA,NA,"DT",1,97
"Weekly",0.05,"SameTimestamp",1000,"Daily","error_var_ct",0.211026616132106,0.0117202044759416,0.188027600853689,0.234025631410523,"CT",1,98
"Weekly",0.05,"SameTimestamp",1000,"Daily","beta_ct",-0.458499575891772,0.0387555487282882,-0.534551103760164,-0.38244804802338,"CT",1,98
"Weekly",0.05,"SameTimestamp",1000,"Daily","LogLik_ct",858.529119023399,NA,NA,NA,"CT",1,98
"Weekly",0.05,"SameTimestamp",1000,"Daily","AIC_ct",862.529119023399,NA,NA,NA,"CT",1,98
"Weekly",0.05,"SameTimestamp",1000,"Daily","BIC_ct",872.344629581363,NA,NA,NA,"CT",1,98
"Weekly",0.05,"SameTimestamp",1000,"Daily","error_var_dt",0.138141614852646,0.00617843839705263,0.126017423727631,0.150265805977661,"DT",1,98
"Weekly",0.05,"SameTimestamp",1000,"Daily","beta_dt",0.632231556486843,0.0245024715492484,0.584149398988916,0.680313713984771,"DT",1,98
"Weekly",0.05,"SameTimestamp",1000,"Daily","LogLik_dt",858.529119023399,NA,NA,NA,"DT",1,98
"Weekly",0.05,"SameTimestamp",1000,"Daily","AIC_dt",862.529119023399,NA,NA,NA,"DT",1,98
"Weekly",0.05,"SameTimestamp",1000,"Daily","BIC_dt",872.344629581363,NA,NA,NA,"DT",1,98
"Weekly",0.05,"SameTimestamp",1000,"Weekly","error_var_ct",1.02446302781578,0.127577189202883,0.774113323620977,1.27481273201058,"CT",1,98
"Weekly",0.05,"SameTimestamp",1000,"Weekly","beta_ct",-2.12454478407996,0.263091198349727,-2.64081892442308,-1.60827064373683,"CT",1,98
"Weekly",0.05,"SameTimestamp",1000,"Weekly","LogLik_ct",1400.96100535541,NA,NA,NA,"CT",1,98
"Weekly",0.05,"SameTimestamp",1000,"Weekly","AIC_ct",1404.96100535541,NA,NA,NA,"CT",1,98
"Weekly",0.05,"SameTimestamp",1000,"Weekly","BIC_ct",1414.77651591338,NA,NA,NA,"CT",1,98
"Weekly",0.05,"SameTimestamp",1000,"Weekly","error_var_dt",0.237659503011153,0.0106284533598193,0.216802873614439,0.258516132407867,"DT",1,98
"Weekly",0.05,"SameTimestamp",1000,"Weekly","beta_dt",0.119487345955284,0.0314154832402051,0.0578395154499822,0.181135176460585,"DT",1,98
"Weekly",0.05,"SameTimestamp",1000,"Weekly","LogLik_dt",1400.96100535541,NA,NA,NA,"DT",1,98
"Weekly",0.05,"SameTimestamp",1000,"Weekly","AIC_dt",1404.96100535541,NA,NA,NA,"DT",1,98
"Weekly",0.05,"SameTimestamp",1000,"Weekly","BIC_dt",1414.77651591337,NA,NA,NA,"DT",1,98
"Weekly",0.05,"SameTimestamp",1000,"Monthly","error_var_ct",1.33865232199082,0.240691481475027,0.866334021470368,1.81097062251127,"CT",1,98
"Weekly",0.05,"SameTimestamp",1000,"Monthly","beta_ct",-2.73998291029674,0.488374245132042,-3.69833877758845,-1.78162704300504,"CT",1,98
"Weekly",0.05,"SameTimestamp",1000,"Monthly","LogLik_ct",1424.26355963537,NA,NA,NA,"CT",1,98
"Weekly",0.05,"SameTimestamp",1000,"Monthly","AIC_ct",1428.26355963537,NA,NA,NA,"CT",1,98
"Weekly",0.05,"SameTimestamp",1000,"Monthly","BIC_ct",1438.07907019334,NA,NA,NA,"CT",1,98
"Weekly",0.05,"SameTimestamp",1000,"Monthly","error_var_dt",0.243262680245107,0.0108790348524972,0.221914324992379,0.264611035497835,"DT",1,98
"Weekly",0.05,"SameTimestamp",1000,"Monthly","beta_dt",0.0645717265421902,0.0315425692155875,0.00267451026077084,0.12646894282361,"DT",1,98
"Weekly",0.05,"SameTimestamp",1000,"Monthly","LogLik_dt",1424.26355963535,NA,NA,NA,"DT",1,98
"Weekly",0.05,"SameTimestamp",1000,"Monthly","AIC_dt",1428.26355963535,NA,NA,NA,"DT",1,98
"Weekly",0.05,"SameTimestamp",1000,"Monthly","BIC_dt",1438.07907019332,NA,NA,NA,"DT",1,98
"Weekly",0.05,"SameTimestamp",1000,"Daily","error_var_ct",0.221765340831935,0.0123450565838073,0.197540153842516,0.245990527821353,"CT",1,99
"Weekly",0.05,"SameTimestamp",1000,"Daily","beta_ct",-0.463731848842686,0.0390855324420729,-0.540430916648674,-0.387032781036697,"CT",1,99
"Weekly",0.05,"SameTimestamp",1000,"Daily","LogLik_ct",903.752196808659,NA,NA,NA,"CT",1,99
"Weekly",0.05,"SameTimestamp",1000,"Daily","AIC_ct",907.752196808659,NA,NA,NA,"CT",1,99
"Weekly",0.05,"SameTimestamp",1000,"Daily","BIC_ct",917.567707366623,NA,NA,NA,"CT",1,99
"Weekly",0.05,"SameTimestamp",1000,"Daily","error_var_dt",0.144528350147928,0.00646419082519772,0.131843415865723,0.157213284430133,"DT",1,99
"Weekly",0.05,"SameTimestamp",1000,"Daily","beta_dt",0.62893218173701,0.0245820370875691,0.580693889673749,0.677170473800271,"DT",1,99
"Weekly",0.05,"SameTimestamp",1000,"Daily","LogLik_dt",903.752196808658,NA,NA,NA,"DT",1,99
"Weekly",0.05,"SameTimestamp",1000,"Daily","AIC_dt",907.752196808658,NA,NA,NA,"DT",1,99
"Weekly",0.05,"SameTimestamp",1000,"Daily","BIC_dt",917.567707366623,NA,NA,NA,"DT",1,99
"Weekly",0.05,"SameTimestamp",1000,"Weekly","error_var_ct",1.36383640699058,0.261661237550682,0.850368334607473,1.87730447937368,"CT",1,99
"Weekly",0.05,"SameTimestamp",1000,"Weekly","beta_ct",-2.84197711867551,0.540756850185369,-3.90312541901885,-1.78082881833217,"CT",1,99
"Weekly",0.05,"SameTimestamp",1000,"Weekly","LogLik_ct",1407.12593524786,NA,NA,NA,"CT",1,99
"Weekly",0.05,"SameTimestamp",1000,"Weekly","AIC_ct",1411.12593524786,NA,NA,NA,"CT",1,99
"Weekly",0.05,"SameTimestamp",1000,"Weekly","BIC_ct",1420.94144580582,NA,NA,NA,"CT",1,99
"Weekly",0.05,"SameTimestamp",1000,"Weekly","error_var_dt",0.23912915236262,0.0106941781041574,0.218143548731514,0.260114755993726,"DT",1,99
"Weekly",0.05,"SameTimestamp",1000,"Weekly","beta_dt",0.0583102344775193,0.0315575380742819,-0.00361635578031139,0.12023682473535,"DT",1,99
"Weekly",0.05,"SameTimestamp",1000,"Weekly","LogLik_dt",1407.12593524786,NA,NA,NA,"DT",1,99
"Weekly",0.05,"SameTimestamp",1000,"Weekly","AIC_dt",1411.12593524786,NA,NA,NA,"DT",1,99
"Weekly",0.05,"SameTimestamp",1000,"Weekly","BIC_dt",1420.94144580582,NA,NA,NA,"DT",1,99
"Weekly",0.05,"SameTimestamp",1000,"Monthly","error_var_ct",1.81974562546621,0.579673586018341,0.682229493499627,2.95726175743279,"CT",1,99
"Weekly",0.05,"SameTimestamp",1000,"Monthly","beta_ct",-3.57867592142521,1.13496449813672,-5.80586111146942,-1.35149073138101,"CT",1,99
"Weekly",0.05,"SameTimestamp",1000,"Monthly","LogLik_ct",1467.65433783735,NA,NA,NA,"CT",1,99
"Weekly",0.05,"SameTimestamp",1000,"Monthly","AIC_ct",1471.65433783735,NA,NA,NA,"CT",1,99
"Weekly",0.05,"SameTimestamp",1000,"Monthly","BIC_ct",1481.46984839532,NA,NA,NA,"CT",1,99
"Weekly",0.05,"SameTimestamp",1000,"Monthly","error_var_dt",0.254050318743536,0.0113614656298365,0.231755270722642,0.27634536676443,"DT",1,99
"Weekly",0.05,"SameTimestamp",1000,"Monthly","beta_dt",0.0279124642201603,0.0315969238933064,-0.0340914143695726,0.0899163428098932,"DT",1,99
"Weekly",0.05,"SameTimestamp",1000,"Monthly","LogLik_dt",1467.65433783735,NA,NA,NA,"DT",1,99
"Weekly",0.05,"SameTimestamp",1000,"Monthly","AIC_dt",1471.65433783735,NA,NA,NA,"DT",1,99
"Weekly",0.05,"SameTimestamp",1000,"Monthly","BIC_dt",1481.46984839532,NA,NA,NA,"DT",1,99
"Weekly",0.05,"SameTimestamp",1000,"Daily","error_var_ct",0.218093807788346,0.0118541118099572,0.194832020915181,0.241355594661511,"CT",1,100
"Weekly",0.05,"SameTimestamp",1000,"Daily","beta_ct",-0.410964173710171,0.0356898522263122,-0.480999765522782,-0.340928581897559,"CT",1,100
"Weekly",0.05,"SameTimestamp",1000,"Daily","LogLik_ct",932.571252329518,NA,NA,NA,"CT",1,100
"Weekly",0.05,"SameTimestamp",1000,"Daily","AIC_ct",936.571252329518,NA,NA,NA,"CT",1,100
"Weekly",0.05,"SameTimestamp",1000,"Daily","BIC_ct",946.386762887482,NA,NA,NA,"CT",1,100
"Weekly",0.05,"SameTimestamp",1000,"Daily","error_var_dt",0.148703257452333,0.00665222037592393,0.135649345434388,0.161757169470278,"DT",1,100
"Weekly",0.05,"SameTimestamp",1000,"Daily","beta_dt",0.663010676758433,0.0236627183287201,0.616576399823398,0.709444953693468,"DT",1,100
"Weekly",0.05,"SameTimestamp",1000,"Daily","LogLik_dt",932.571252329529,NA,NA,NA,"DT",1,100
"Weekly",0.05,"SameTimestamp",1000,"Daily","AIC_dt",936.571252329529,NA,NA,NA,"DT",1,100
"Weekly",0.05,"SameTimestamp",1000,"Daily","BIC_dt",946.386762887494,NA,NA,NA,"DT",1,100
"Weekly",0.05,"SameTimestamp",1000,"Weekly","error_var_ct",1.47101756797853,0.269722186158905,0.941731181112978,2.00030395484409,"CT",1,100
"Weekly",0.05,"SameTimestamp",1000,"Weekly","beta_ct",-2.77009992948866,0.503582418795966,-3.75829939030907,-1.78190046866824,"CT",1,100
"Weekly",0.05,"SameTimestamp",1000,"Weekly","LogLik_ct",1507.8705317443,NA,NA,NA,"CT",1,100
"Weekly",0.05,"SameTimestamp",1000,"Weekly","AIC_ct",1511.8705317443,NA,NA,NA,"CT",1,100
"Weekly",0.05,"SameTimestamp",1000,"Weekly","BIC_ct",1521.68604230226,NA,NA,NA,"CT",1,100
"Weekly",0.05,"SameTimestamp",1000,"Weekly","error_var_dt",0.26447469174591,0.0118277078286065,0.241264718437239,0.287684665054581,"DT",1,100
"Weekly",0.05,"SameTimestamp",1000,"Weekly","beta_dt",0.0626556929275436,0.0315666953031062,0.000711133081718905,0.124600252773368,"DT",1,100
"Weekly",0.05,"SameTimestamp",1000,"Weekly","LogLik_dt",1507.8705317443,NA,NA,NA,"DT",1,100
"Weekly",0.05,"SameTimestamp",1000,"Weekly","AIC_dt",1511.8705317443,NA,NA,NA,"DT",1,100
"Weekly",0.05,"SameTimestamp",1000,"Weekly","BIC_dt",1521.68604230226,NA,NA,NA,"DT",1,100
"Weekly",0.05,"SameTimestamp",1000,"Monthly","error_var_ct",1.8446384710435,0.626735184795764,0.61477152458981,3.07450541749719,"CT",1,100
"Weekly",0.05,"SameTimestamp",1000,"Monthly","beta_ct",-3.67133124386206,1.24242284712752,-6.10938615169201,-1.2332763360321,"CT",1,100
"Weekly",0.05,"SameTimestamp",1000,"Monthly","LogLik_ct",1455.81190227702,NA,NA,NA,"CT",1,100
"Weekly",0.05,"SameTimestamp",1000,"Monthly","AIC_ct",1459.81190227702,NA,NA,NA,"CT",1,100
"Weekly",0.05,"SameTimestamp",1000,"Monthly","BIC_ct",1469.62741283499,NA,NA,NA,"CT",1,100
"Weekly",0.05,"SameTimestamp",1000,"Monthly","error_var_dt",0.251059394484223,0.0112277234192046,0.229026794030008,0.273091994938439,"DT",1,100
"Weekly",0.05,"SameTimestamp",1000,"Monthly","beta_dt",0.0254425651401091,0.0316176318410541,-0.0366019494647728,0.0874870797449911,"DT",1,100
"Weekly",0.05,"SameTimestamp",1000,"Monthly","LogLik_dt",1455.81190227702,NA,NA,NA,"DT",1,100
"Weekly",0.05,"SameTimestamp",1000,"Monthly","AIC_dt",1459.81190227702,NA,NA,NA,"DT",1,100
"Weekly",0.05,"SameTimestamp",1000,"Monthly","BIC_dt",1469.62741283499,NA,NA,NA,"DT",1,100
"Weekly",0.05,"SameTimestamp",1000,"Daily","error_var_ct",0.204698867081149,0.0113186107244797,0.182487914915842,0.226909819246456,"CT",1,101
"Weekly",0.05,"SameTimestamp",1000,"Daily","beta_ct",-0.447629314058891,0.0381093179064547,-0.522412717930365,-0.372845910187418,"CT",1,101
"Weekly",0.05,"SameTimestamp",1000,"Daily","LogLik_ct",837.356073194138,NA,NA,NA,"CT",1,101
"Weekly",0.05,"SameTimestamp",1000,"Daily","AIC_ct",841.356073194138,NA,NA,NA,"CT",1,101
"Weekly",0.05,"SameTimestamp",1000,"Daily","BIC_ct",851.171583752102,NA,NA,NA,"CT",1,101
"Weekly",0.05,"SameTimestamp",1000,"Daily","error_var_dt",0.135244710825398,0.00604894333649067,0.123374632918498,0.147114788732298,"DT",1,101
"Weekly",0.05,"SameTimestamp",1000,"Daily","beta_dt",0.639141564662409,0.0243573565714144,0.591344171956699,0.68693895736812,"DT",1,101
"Weekly",0.05,"SameTimestamp",1000,"Daily","LogLik_dt",837.356073194142,NA,NA,NA,"DT",1,101
"Weekly",0.05,"SameTimestamp",1000,"Daily","AIC_dt",841.356073194142,NA,NA,NA,"DT",1,101
"Weekly",0.05,"SameTimestamp",1000,"Daily","BIC_dt",851.171583752106,NA,NA,NA,"DT",1,101
"Weekly",0.05,"SameTimestamp",1000,"Weekly","error_var_ct",1.5833237041962,0.34566406400938,0.905013602553313,2.26163380583909,"CT",1,101
"Weekly",0.05,"SameTimestamp",1000,"Weekly","beta_ct",-3.03440449022851,0.657601756080741,-4.32484211580583,-1.7439668646512,"CT",1,101
"Weekly",0.05,"SameTimestamp",1000,"Weekly","LogLik_ct",1491.92441255743,NA,NA,NA,"CT",1,101
"Weekly",0.05,"SameTimestamp",1000,"Weekly","AIC_ct",1495.92441255743,NA,NA,NA,"CT",1,101
"Weekly",0.05,"SameTimestamp",1000,"Weekly","BIC_ct",1505.73992311539,NA,NA,NA,"CT",1,101
"Weekly",0.05,"SameTimestamp",1000,"Weekly","error_var_dt",0.260291567306419,0.0116405934705968,0.237448775815054,0.283134358797783,"DT",1,101
"Weekly",0.05,"SameTimestamp",1000,"Weekly","beta_dt",0.0481032048528418,0.0315792449753083,-0.0138659817051967,0.11007239141088,"DT",1,101
"Weekly",0.05,"SameTimestamp",1000,"Weekly","LogLik_dt",1491.92441255744,NA,NA,NA,"DT",1,101
"Weekly",0.05,"SameTimestamp",1000,"Weekly","AIC_dt",1495.92441255744,NA,NA,NA,"DT",1,101
"Weekly",0.05,"SameTimestamp",1000,"Weekly","BIC_dt",1505.73992311541,NA,NA,NA,"DT",1,101
"Weekly",0.05,"SameTimestamp",1000,"Monthly","error_var_ct",1.83460506187595,0.577705102852951,0.700951761354766,2.96825836239714,"CT",1,101
"Weekly",0.05,"SameTimestamp",1000,"Monthly","beta_ct",-3.5707967205871,1.11945507580692,-5.76754716507251,-1.37404627610169,"CT",1,101
"Weekly",0.05,"SameTimestamp",1000,"Monthly","LogLik_ct",1477.97858882766,NA,NA,NA,"CT",1,101
"Weekly",0.05,"SameTimestamp",1000,"Monthly","AIC_ct",1481.97858882766,NA,NA,NA,"CT",1,101
"Weekly",0.05,"SameTimestamp",1000,"Monthly","BIC_ct",1491.79409938563,NA,NA,NA,"CT",1,101
"Weekly",0.05,"SameTimestamp",1000,"Monthly","error_var_dt",0.256686830093163,0.0114793900225192,0.234160374427925,0.279213285758402,"DT",1,101
"Weekly",0.05,"SameTimestamp",1000,"Monthly","beta_dt",0.028133394560924,0.0316054450056898,-0.033887205340651,0.090153994462499,"DT",1,101
"Weekly",0.05,"SameTimestamp",1000,"Monthly","LogLik_dt",1477.97858882766,NA,NA,NA,"DT",1,101
"Weekly",0.05,"SameTimestamp",1000,"Monthly","AIC_dt",1481.97858882766,NA,NA,NA,"DT",1,101
"Weekly",0.05,"SameTimestamp",1000,"Monthly","BIC_dt",1491.79409938563,NA,NA,NA,"DT",1,101
"Weekly",0.05,"SameTimestamp",1000,"Daily","error_var_ct",0.221635410596525,0.0121004586602615,0.197890207671569,0.24538061352148,"CT",1,102
"Weekly",0.05,"SameTimestamp",1000,"Daily","beta_ct",-0.418998931934514,0.0363033820378296,-0.490238477273519,-0.34775938659551,"CT",1,102
"Weekly",0.05,"SameTimestamp",1000,"Daily","LogLik_ct",941.514343162929,NA,NA,NA,"CT",1,102
"Weekly",0.05,"SameTimestamp",1000,"Daily","AIC_ct",945.514343162929,NA,NA,NA,"CT",1,102
"Weekly",0.05,"SameTimestamp",1000,"Daily","BIC_ct",955.329853720894,NA,NA,NA,"CT",1,102
"Weekly",0.05,"SameTimestamp",1000,"Daily","error_var_dt",0.150073542136486,0.00671263992222822,0.136901066481582,0.16324601779139,"DT",1,102
"Weekly",0.05,"SameTimestamp",1000,"Daily","beta_dt",0.657704864118426,0.0238767434859714,0.610850597253037,0.704559130983815,"DT",1,102
"Weekly",0.05,"SameTimestamp",1000,"Daily","LogLik_dt",941.514343162928,NA,NA,NA,"DT",1,102
"Weekly",0.05,"SameTimestamp",1000,"Daily","AIC_dt",945.514343162928,NA,NA,NA,"DT",1,102
"Weekly",0.05,"SameTimestamp",1000,"Daily","BIC_dt",955.329853720892,NA,NA,NA,"DT",1,102
"Weekly",0.05,"SameTimestamp",1000,"Weekly","error_var_ct",1.55589316873836,0.428460633083499,0.715108123842982,2.39667821363373,"CT",1,102
"Weekly",0.05,"SameTimestamp",1000,"Weekly","beta_ct",-3.37304766409939,0.923791563607258,-5.18583995190365,-1.56025537629514,"CT",1,102
"Weekly",0.05,"SameTimestamp",1000,"Weekly","LogLik_ct",1369.78721233143,NA,NA,NA,"CT",1,102
"Weekly",0.05,"SameTimestamp",1000,"Weekly","AIC_ct",1373.78721233143,NA,NA,NA,"CT",1,102
"Weekly",0.05,"SameTimestamp",1000,"Weekly","BIC_ct",1383.6027228894,NA,NA,NA,"CT",1,102
"Weekly",0.05,"SameTimestamp",1000,"Weekly","error_var_dt",0.230364984732074,0.0103022276478023,0.210148520799221,0.250581448664926,"DT",1,102
"Weekly",0.05,"SameTimestamp",1000,"Weekly","beta_dt",0.0342849296613268,0.0316023685981706,-0.0277296332855446,0.0962994926081982,"DT",1,102
"Weekly",0.05,"SameTimestamp",1000,"Weekly","LogLik_dt",1369.78721233142,NA,NA,NA,"DT",1,102
"Weekly",0.05,"SameTimestamp",1000,"Weekly","AIC_dt",1373.78721233142,NA,NA,NA,"DT",1,102
"Weekly",0.05,"SameTimestamp",1000,"Weekly","BIC_dt",1383.60272288939,NA,NA,NA,"DT",1,102
"Weekly",0.05,"SameTimestamp",1000,"Monthly","error_var_ct",10.5502482424114,59.4625814180253,-106.135499121002,127.235995605825,"CT",1,102
"Weekly",0.05,"SameTimestamp",1000,"Monthly","beta_ct",-21.9003236745656,123.431035808372,-264.113869028217,220.313221679086,"CT",1,102
"Weekly",0.05,"SameTimestamp",1000,"Monthly","LogLik_ct",1414.38253409718,NA,NA,NA,"CT",1,102
"Weekly",0.05,"SameTimestamp",1000,"Monthly","AIC_ct",1418.38253409718,NA,NA,NA,"CT",1,102
"Weekly",0.05,"SameTimestamp",1000,"Monthly","BIC_ct",1428.19804465514,NA,NA,NA,"CT",1,102
"Weekly",0.05,"SameTimestamp",1000,"Monthly","error_var_dt",0.240735593093741,0.0107660261639576,0.219608999207007,0.261862186980475,"DT",1,102
"Weekly",0.05,"SameTimestamp",1000,"Monthly","beta_dt",-0.0237365106150157,0.0316774653370906,-0.0858984388275124,0.0384254175974811,"DT",1,102
"Weekly",0.05,"SameTimestamp",1000,"Monthly","LogLik_dt",1413.8212095031,NA,NA,NA,"DT",1,102
"Weekly",0.05,"SameTimestamp",1000,"Monthly","AIC_dt",1417.8212095031,NA,NA,NA,"DT",1,102
"Weekly",0.05,"SameTimestamp",1000,"Monthly","BIC_dt",1427.63672006106,NA,NA,NA,"DT",1,102
"Weekly",0.05,"SameTimestamp",1000,"Daily","error_var_ct",0.212999071892665,0.0115437014551241,0.190346415389882,0.235651728395448,"CT",1,103
"Weekly",0.05,"SameTimestamp",1000,"Daily","beta_ct",-0.404776324228584,0.0353072199926506,-0.474061061855498,-0.33549158660167,"CT",1,103
"Weekly",0.05,"SameTimestamp",1000,"Daily","LogLik_ct",913.928671067888,NA,NA,NA,"CT",1,103
"Weekly",0.05,"SameTimestamp",1000,"Daily","AIC_ct",917.928671067888,NA,NA,NA,"CT",1,103
"Weekly",0.05,"SameTimestamp",1000,"Daily","BIC_ct",927.744181625852,NA,NA,NA,"CT",1,103
"Weekly",0.05,"SameTimestamp",1000,"Daily","error_var_dt",0.146009421767336,0.00653035640360714,0.133194648184813,0.15882419534986,"DT",1,103
"Weekly",0.05,"SameTimestamp",1000,"Daily","beta_dt",0.667126022304054,0.0235545026571014,0.620904101210594,0.713347943397513,"DT",1,103
"Weekly",0.05,"SameTimestamp",1000,"Daily","LogLik_dt",913.928671067889,NA,NA,NA,"DT",1,103
"Weekly",0.05,"SameTimestamp",1000,"Daily","AIC_dt",917.928671067889,NA,NA,NA,"DT",1,103
"Weekly",0.05,"SameTimestamp",1000,"Daily","BIC_dt",927.744181625854,NA,NA,NA,"DT",1,103
"Weekly",0.05,"SameTimestamp",1000,"Weekly","error_var_ct",1.48605394581417,0.322922680568824,0.852370149648742,2.1197377419796,"CT",1,103
"Weekly",0.05,"SameTimestamp",1000,"Weekly","beta_ct",-3.02666703795039,0.652886811524132,-4.30785234356034,-1.74548173234044,"CT",1,103
"Weekly",0.05,"SameTimestamp",1000,"Weekly","LogLik_ct",1431.0390711111,NA,NA,NA,"CT",1,103
"Weekly",0.05,"SameTimestamp",1000,"Weekly","AIC_ct",1435.0390711111,NA,NA,NA,"CT",1,103
"Weekly",0.05,"SameTimestamp",1000,"Weekly","BIC_ct",1444.85458166907,NA,NA,NA,"CT",1,103
"Weekly",0.05,"SameTimestamp",1000,"Weekly","error_var_dt",0.244916484525405,0.0109529948121444,0.223422994753445,0.266409974297365,"DT",1,103
"Weekly",0.05,"SameTimestamp",1000,"Weekly","beta_dt",0.0484768972087787,0.0315946601711257,-0.0135225391904507,0.110476333608008,"DT",1,103
"Weekly",0.05,"SameTimestamp",1000,"Weekly","LogLik_dt",1431.03907111106,NA,NA,NA,"DT",1,103
"Weekly",0.05,"SameTimestamp",1000,"Weekly","AIC_dt",1435.03907111106,NA,NA,NA,"DT",1,103
"Weekly",0.05,"SameTimestamp",1000,"Weekly","BIC_dt",1444.85458166903,NA,NA,NA,"DT",1,103
"Weekly",0.05,"SameTimestamp",1000,"Monthly","error_var_ct",10.1507581328349,56.7213181408297,-101.155701170903,121.457217436573,"CT",1,103
"Weekly",0.05,"SameTimestamp",1000,"Monthly","beta_ct",-20.6371570340685,115.320829379732,-246.93572735923,205.661413291093,"CT",1,103
"Weekly",0.05,"SameTimestamp",1000,"Monthly","LogLik_ct",1435.18340618039,NA,NA,NA,"CT",1,103
"Weekly",0.05,"SameTimestamp",1000,"Monthly","AIC_ct",1439.18340618039,NA,NA,NA,"CT",1,103
"Weekly",0.05,"SameTimestamp",1000,"Monthly","BIC_ct",1448.99891673835,NA,NA,NA,"CT",1,103
"Weekly",0.05,"SameTimestamp",1000,"Monthly","error_var_dt",0.245918420354466,0.0109978063917571,0.224336995068558,0.267499845640373,"DT",1,103
"Weekly",0.05,"SameTimestamp",1000,"Monthly","beta_dt",-0.00785858824325161,0.0316173282021044,-0.069902507005556,0.0541853305190528,"DT",1,103
"Weekly",0.05,"SameTimestamp",1000,"Monthly","LogLik_dt",1435.12163009689,NA,NA,NA,"DT",1,103
"Weekly",0.05,"SameTimestamp",1000,"Monthly","AIC_dt",1439.12163009689,NA,NA,NA,"DT",1,103
"Weekly",0.05,"SameTimestamp",1000,"Monthly","BIC_dt",1448.93714065486,NA,NA,NA,"DT",1,103
"Weekly",0.05,"SameTimestamp",1000,"Daily","error_var_ct",0.209899499641805,0.0114993724080763,0.18733383176046,0.23246516752315,"CT",1,104
"Weekly",0.05,"SameTimestamp",1000,"Daily","beta_ct",-0.427962013679407,0.0368133253911304,-0.500202240789602,-0.355721786569213,"CT",1,104
"Weekly",0.05,"SameTimestamp",1000,"Daily","LogLik_ct",879.278095917286,NA,NA,NA,"CT",1,104
"Weekly",0.05,"SameTimestamp",1000,"Daily","AIC_ct",883.278095917286,NA,NA,NA,"CT",1,104
"Weekly",0.05,"SameTimestamp",1000,"Daily","BIC_ct",893.09360647525,NA,NA,NA,"CT",1,104
"Weekly",0.05,"SameTimestamp",1000,"Daily","error_var_dt",0.141034970489458,0.00630791773816607,0.128656696993217,0.1534132439857,"DT",1,104
"Weekly",0.05,"SameTimestamp",1000,"Daily","beta_dt",0.651836148427783,0.0239962013333716,0.60474746475993,0.698924832095637,"DT",1,104
"Weekly",0.05,"SameTimestamp",1000,"Daily","LogLik_dt",879.278095917287,NA,NA,NA,"DT",1,104
"Weekly",0.05,"SameTimestamp",1000,"Daily","AIC_dt",883.278095917287,NA,NA,NA,"DT",1,104
"Weekly",0.05,"SameTimestamp",1000,"Daily","BIC_dt",893.093606475251,NA,NA,NA,"DT",1,104
"Weekly",0.05,"SameTimestamp",1000,"Weekly","error_var_ct",1.85649216721847,0.581252051341986,0.715878551059575,2.99710578337737,"CT",1,104
"Weekly",0.05,"SameTimestamp",1000,"Weekly","beta_ct",-3.55822559662273,1.10904830133004,-5.73455442084681,-1.38189677239866,"CT",1,104
"Weekly",0.05,"SameTimestamp",1000,"Weekly","LogLik_ct",1493.34471286096,NA,NA,NA,"CT",1,104
"Weekly",0.05,"SameTimestamp",1000,"Weekly","AIC_ct",1497.34471286096,NA,NA,NA,"CT",1,104
"Weekly",0.05,"SameTimestamp",1000,"Weekly","BIC_ct",1507.16022341892,NA,NA,NA,"CT",1,104
"Weekly",0.05,"SameTimestamp",1000,"Weekly","error_var_dt",0.260661570933547,0.0116571389255241,0.237786311649368,0.283536830217725,"DT",1,104
"Weekly",0.05,"SameTimestamp",1000,"Weekly","beta_dt",0.0284894634107333,0.0316021262753897,-0.0335246240166749,0.0905035508381415,"DT",1,104
"Weekly",0.05,"SameTimestamp",1000,"Weekly","LogLik_dt",1493.34471286094,NA,NA,NA,"DT",1,104
"Weekly",0.05,"SameTimestamp",1000,"Weekly","AIC_dt",1497.34471286094,NA,NA,NA,"DT",1,104
"Weekly",0.05,"SameTimestamp",1000,"Weekly","BIC_dt",1507.1602234189,NA,NA,NA,"DT",1,104
"Weekly",0.05,"SameTimestamp",1000,"Monthly","error_var_ct",1.36684748998535,0.231287054855624,0.912983863352912,1.82071111661778,"CT",1,104
"Weekly",0.05,"SameTimestamp",1000,"Monthly","beta_ct",-2.6446389582211,0.443533401319533,-3.51500188528229,-1.77427603115992,"CT",1,104
"Weekly",0.05,"SameTimestamp",1000,"Monthly","LogLik_ct",1479.64413978546,NA,NA,NA,"CT",1,104
"Weekly",0.05,"SameTimestamp",1000,"Monthly","AIC_ct",1483.64413978546,NA,NA,NA,"CT",1,104
"Weekly",0.05,"SameTimestamp",1000,"Monthly","BIC_ct",1493.45965034343,NA,NA,NA,"CT",1,104
"Weekly",0.05,"SameTimestamp",1000,"Monthly","error_var_dt",0.257114678409051,0.0114985144125261,0.234550694205905,0.279678662612197,"DT",1,104
"Weekly",0.05,"SameTimestamp",1000,"Monthly","beta_dt",0.0710309314048939,0.0315337526010371,0.00915101631076735,0.13291084649902,"DT",1,104
"Weekly",0.05,"SameTimestamp",1000,"Monthly","LogLik_dt",1479.64413978544,NA,NA,NA,"DT",1,104
"Weekly",0.05,"SameTimestamp",1000,"Monthly","AIC_dt",1483.64413978544,NA,NA,NA,"DT",1,104
"Weekly",0.05,"SameTimestamp",1000,"Monthly","BIC_dt",1493.4596503434,NA,NA,NA,"DT",1,104
"Weekly",0.05,"SameTimestamp",1000,"Daily","error_var_ct",0.228152068908752,0.0126958301797831,0.203238545183428,0.253065592634076,"CT",1,105
"Weekly",0.05,"SameTimestamp",1000,"Daily","beta_ct",-0.462861579949454,0.0390322866420431,-0.539456161441154,-0.386266998457755,"CT",1,105
"Weekly",0.05,"SameTimestamp",1000,"Daily","LogLik_ct",932.874598533973,NA,NA,NA,"CT",1,105
"Weekly",0.05,"SameTimestamp",1000,"Daily","AIC_ct",936.874598533973,NA,NA,NA,"CT",1,105
"Weekly",0.05,"SameTimestamp",1000,"Daily","BIC_ct",946.690109091937,NA,NA,NA,"CT",1,105
"Weekly",0.05,"SameTimestamp",1000,"Daily","error_var_dt",0.148800415568423,0.00665523367642029,0.135740590433151,0.161860240703694,"DT",1,105
"Weekly",0.05,"SameTimestamp",1000,"Daily","beta_dt",0.629479746117429,0.0245698799698222,0.581265310441432,0.677694181793425,"DT",1,105
"Weekly",0.05,"SameTimestamp",1000,"Daily","LogLik_dt",932.874598533966,NA,NA,NA,"DT",1,105
"Weekly",0.05,"SameTimestamp",1000,"Daily","AIC_dt",936.874598533966,NA,NA,NA,"DT",1,105
"Weekly",0.05,"SameTimestamp",1000,"Daily","BIC_dt",946.69010909193,NA,NA,NA,"DT",1,105
"Weekly",0.05,"SameTimestamp",1000,"Weekly","error_var_ct",1.20650431298083,0.198838149470837,0.816316441515004,1.59669218444666,"CT",1,105
"Weekly",0.05,"SameTimestamp",1000,"Weekly","beta_ct",-2.60191753399861,0.424976439855355,-3.43586541035724,-1.76796965763997,"CT",1,105
"Weekly",0.05,"SameTimestamp",1000,"Weekly","LogLik_ct",1370.6983697509,NA,NA,NA,"CT",1,105
"Weekly",0.05,"SameTimestamp",1000,"Weekly","AIC_ct",1374.6983697509,NA,NA,NA,"CT",1,105
"Weekly",0.05,"SameTimestamp",1000,"Weekly","BIC_ct",1384.51388030886,NA,NA,NA,"CT",1,105
"Weekly",0.05,"SameTimestamp",1000,"Weekly","error_var_dt",0.230574964593043,0.010311634052987,0.210340042103686,0.2508098870824,"DT",1,105
"Weekly",0.05,"SameTimestamp",1000,"Weekly","beta_dt",0.0741313231222152,0.0315333789377615,0.0122521412821374,0.136010504962293,"DT",1,105
"Weekly",0.05,"SameTimestamp",1000,"Weekly","LogLik_dt",1370.6983697509,NA,NA,NA,"DT",1,105
"Weekly",0.05,"SameTimestamp",1000,"Weekly","AIC_dt",1374.6983697509,NA,NA,NA,"DT",1,105
"Weekly",0.05,"SameTimestamp",1000,"Weekly","BIC_dt",1384.51388030887,NA,NA,NA,"DT",1,105
"Weekly",0.05,"SameTimestamp",1000,"Monthly","error_var_ct",1.71659114180464,0.507681116672406,0.720348645960791,2.7128336376485,"CT",1,105
"Weekly",0.05,"SameTimestamp",1000,"Monthly","beta_ct",-3.47405808329592,1.02243124377704,-5.48041487041755,-1.46770129617429,"CT",1,105
"Weekly",0.05,"SameTimestamp",1000,"Monthly","LogLik_ct",1438.78608794984,NA,NA,NA,"CT",1,105
"Weekly",0.05,"SameTimestamp",1000,"Monthly","AIC_ct",1442.78608794984,NA,NA,NA,"CT",1,105
"Weekly",0.05,"SameTimestamp",1000,"Monthly","BIC_ct",1452.6015985078,NA,NA,NA,"CT",1,105
"Weekly",0.05,"SameTimestamp",1000,"Monthly","error_var_dt",0.246821206688414,0.0110381774055103,0.225160559784486,0.268481853592342,"DT",1,105
"Weekly",0.05,"SameTimestamp",1000,"Monthly","beta_dt",0.0309909521076176,0.0316019784562188,-0.0310228452484548,0.09300474946369,"DT",1,105
"Weekly",0.05,"SameTimestamp",1000,"Monthly","LogLik_dt",1438.78608794983,NA,NA,NA,"DT",1,105
"Weekly",0.05,"SameTimestamp",1000,"Monthly","AIC_dt",1442.78608794983,NA,NA,NA,"DT",1,105
"Weekly",0.05,"SameTimestamp",1000,"Monthly","BIC_dt",1452.6015985078,NA,NA,NA,"DT",1,105
"Weekly",0.05,"SameTimestamp",1000,"Daily","error_var_ct",0.228197307453485,0.0123910903673893,0.203881786571505,0.252512828335464,"CT",1,106
"Weekly",0.05,"SameTimestamp",1000,"Daily","beta_ct",-0.409051601332345,0.0355757816494061,-0.478863347993922,-0.339239854670769,"CT",1,106
"Weekly",0.05,"SameTimestamp",1000,"Daily","LogLik_ct",979.15974549763,NA,NA,NA,"CT",1,106
"Weekly",0.05,"SameTimestamp",1000,"Daily","AIC_ct",983.15974549763,NA,NA,NA,"CT",1,106
"Weekly",0.05,"SameTimestamp",1000,"Daily","BIC_ct",992.975256055594,NA,NA,NA,"CT",1,106
"Weekly",0.05,"SameTimestamp",1000,"Daily","error_var_dt",0.155849744956717,0.00697051226121731,0.142171236333151,0.169528253580284,"DT",1,106
"Weekly",0.05,"SameTimestamp",1000,"Daily","beta_dt",0.664279839538181,0.0236320626917991,0.617905719357523,0.710653959718838,"DT",1,106
"Weekly",0.05,"SameTimestamp",1000,"Daily","LogLik_dt",979.159745497605,NA,NA,NA,"DT",1,106
"Weekly",0.05,"SameTimestamp",1000,"Daily","AIC_dt",983.159745497605,NA,NA,NA,"DT",1,106
"Weekly",0.05,"SameTimestamp",1000,"Daily","BIC_dt",992.975256055569,NA,NA,NA,"DT",1,106
"Weekly",0.05,"SameTimestamp",1000,"Weekly","error_var_ct",1.52655268184718,0.327729737144082,0.883435810700379,2.16966955299398,"CT",1,106
"Weekly",0.05,"SameTimestamp",1000,"Weekly","beta_ct",-3.0124277621413,0.641922289651907,-4.2720969579788,-1.75275856630379,"CT",1,106
"Weekly",0.05,"SameTimestamp",1000,"Weekly","LogLik_ct",1462.57493406988,NA,NA,NA,"CT",1,106
"Weekly",0.05,"SameTimestamp",1000,"Weekly","AIC_ct",1466.57493406988,NA,NA,NA,"CT",1,106
"Weekly",0.05,"SameTimestamp",1000,"Weekly","BIC_ct",1476.39044462784,NA,NA,NA,"CT",1,106
"Weekly",0.05,"SameTimestamp",1000,"Weekly","error_var_dt",0.252763225195471,0.0113039071887597,0.230581126352933,0.274945324038008,"DT",1,106
"Weekly",0.05,"SameTimestamp",1000,"Weekly","beta_dt",0.0491722942772213,0.0315834171197958,-0.0128050794429957,0.111149667997438,"DT",1,106
"Weekly",0.05,"SameTimestamp",1000,"Weekly","LogLik_dt",1462.57493406992,NA,NA,NA,"DT",1,106
"Weekly",0.05,"SameTimestamp",1000,"Weekly","AIC_dt",1466.57493406992,NA,NA,NA,"DT",1,106
"Weekly",0.05,"SameTimestamp",1000,"Weekly","BIC_dt",1476.39044462788,NA,NA,NA,"DT",1,106
"Weekly",0.05,"SameTimestamp",1000,"Monthly","error_var_ct",1.85544525146032,0.656742520444803,0.566693737551047,3.14419676536959,"CT",1,106
"Weekly",0.05,"SameTimestamp",1000,"Monthly","beta_ct",-3.72830364802267,1.31474599429771,-6.30828109399304,-1.14832620205229,"CT",1,106
"Weekly",0.05,"SameTimestamp",1000,"Monthly","LogLik_ct",1446.32349359935,NA,NA,NA,"CT",1,106
"Weekly",0.05,"SameTimestamp",1000,"Monthly","AIC_ct",1450.32349359935,NA,NA,NA,"CT",1,106
"Weekly",0.05,"SameTimestamp",1000,"Monthly","BIC_ct",1460.13900415731,NA,NA,NA,"CT",1,106
"Weekly",0.05,"SameTimestamp",1000,"Monthly","error_var_dt",0.248688640046028,0.0111216951343772,0.226864103038802,0.270513177053253,"DT",1,106
"Weekly",0.05,"SameTimestamp",1000,"Monthly","beta_dt",0.0240335462903016,0.0316059719343254,-0.0379880876239277,0.086055180204531,"DT",1,106
"Weekly",0.05,"SameTimestamp",1000,"Monthly","LogLik_dt",1446.32349359935,NA,NA,NA,"DT",1,106
"Weekly",0.05,"SameTimestamp",1000,"Monthly","AIC_dt",1450.32349359935,NA,NA,NA,"DT",1,106
"Weekly",0.05,"SameTimestamp",1000,"Monthly","BIC_dt",1460.13900415731,NA,NA,NA,"DT",1,106
"Weekly",0.05,"SameTimestamp",1000,"Daily","error_var_ct",0.203144368182415,0.0110606462943655,0.181439629699784,0.224849106665046,"CT",1,107
"Weekly",0.05,"SameTimestamp",1000,"Daily","beta_ct",-0.413726463442173,0.035929982734194,-0.4842332727349,-0.343219654149446,"CT",1,107
"Weekly",0.05,"SameTimestamp",1000,"Daily","LogLik_ct",858.945626332132,NA,NA,NA,"CT",1,107
"Weekly",0.05,"SameTimestamp",1000,"Daily","AIC_ct",862.945626332132,NA,NA,NA,"CT",1,107
"Weekly",0.05,"SameTimestamp",1000,"Daily","BIC_ct",872.761136890097,NA,NA,NA,"CT",1,107
"Weekly",0.05,"SameTimestamp",1000,"Daily","error_var_dt",0.138180075462076,0.00618063468884706,0.12605157446784,0.150308576456312,"DT",1,107
"Weekly",0.05,"SameTimestamp",1000,"Daily","beta_dt",0.661181782444742,0.0237561459231551,0.614564168889919,0.707799395999564,"DT",1,107
"Weekly",0.05,"SameTimestamp",1000,"Daily","LogLik_dt",858.945626332131,NA,NA,NA,"DT",1,107
"Weekly",0.05,"SameTimestamp",1000,"Daily","AIC_dt",862.945626332131,NA,NA,NA,"DT",1,107
"Weekly",0.05,"SameTimestamp",1000,"Daily","BIC_dt",872.761136890096,NA,NA,NA,"DT",1,107
"Weekly",0.05,"SameTimestamp",1000,"Weekly","error_var_ct",1.17320748269657,0.170227390670243,0.839163621357244,1.50725134403589,"CT",1,107
"Weekly",0.05,"SameTimestamp",1000,"Weekly","beta_ct",-2.38894712965127,0.343653373888743,-3.063311575491,-1.71458268381154,"CT",1,107
"Weekly",0.05,"SameTimestamp",1000,"Weekly","LogLik_ct",1425.17177538098,NA,NA,NA,"CT",1,107
"Weekly",0.05,"SameTimestamp",1000,"Weekly","AIC_ct",1429.17177538098,NA,NA,NA,"CT",1,107
"Weekly",0.05,"SameTimestamp",1000,"Weekly","BIC_ct",1438.98728593895,NA,NA,NA,"CT",1,107
"Weekly",0.05,"SameTimestamp",1000,"Weekly","error_var_dt",0.243483097752552,0.0108889220312688,0.222115340502521,0.264850855002582,"DT",1,107
"Weekly",0.05,"SameTimestamp",1000,"Weekly","beta_dt",0.0917262255711422,0.0315043308661024,0.0299040458973039,0.153548405244981,"DT",1,107
"Weekly",0.05,"SameTimestamp",1000,"Weekly","LogLik_dt",1425.17177538098,NA,NA,NA,"DT",1,107
"Weekly",0.05,"SameTimestamp",1000,"Weekly","AIC_dt",1429.17177538098,NA,NA,NA,"DT",1,107
"Weekly",0.05,"SameTimestamp",1000,"Weekly","BIC_dt",1438.98728593895,NA,NA,NA,"DT",1,107
"Weekly",0.05,"SameTimestamp",1000,"Monthly","error_var_ct",10.7847487343683,120.114786707517,-224.921191406921,246.490688875658,"CT",1,107
"Weekly",0.05,"SameTimestamp",1000,"Monthly","beta_ct",-23.636049756599,263.250817057333,-540.223416127687,492.951316614489,"CT",1,107
"Weekly",0.05,"SameTimestamp",1000,"Monthly","LogLik_ct",1360.09257412567,NA,NA,NA,"CT",1,107
"Weekly",0.05,"SameTimestamp",1000,"Monthly","AIC_ct",1364.09257412567,NA,NA,NA,"CT",1,107
"Weekly",0.05,"SameTimestamp",1000,"Monthly","BIC_ct",1373.90808468364,NA,NA,NA,"CT",1,107
"Weekly",0.05,"SameTimestamp",1000,"Monthly","error_var_dt",0.227856296525283,0.0101900406559834,0.207859981510836,0.247852611539729,"DT",1,107
"Weekly",0.05,"SameTimestamp",1000,"Monthly","beta_dt",-0.0354045556766832,0.0315909201915552,-0.0973966529678401,0.0265875416144737,"DT",1,107
"Weekly",0.05,"SameTimestamp",1000,"Monthly","LogLik_dt",1358.83736133149,NA,NA,NA,"DT",1,107
"Weekly",0.05,"SameTimestamp",1000,"Monthly","AIC_dt",1362.83736133149,NA,NA,NA,"DT",1,107
"Weekly",0.05,"SameTimestamp",1000,"Monthly","BIC_dt",1372.65287188945,NA,NA,NA,"DT",1,107
"Weekly",0.05,"SameTimestamp",1000,"Daily","error_var_ct",0.23912306871365,0.0135192851349637,0.212593647148476,0.265652490278825,"CT",1,108
"Weekly",0.05,"SameTimestamp",1000,"Daily","beta_ct",-0.498218362421126,0.0413252071294826,-0.579312431394556,-0.417124293447697,"CT",1,108
"Weekly",0.05,"SameTimestamp",1000,"Daily","LogLik_ct",950.015518695871,NA,NA,NA,"CT",1,108
"Weekly",0.05,"SameTimestamp",1000,"Daily","AIC_ct",954.015518695871,NA,NA,NA,"CT",1,108
"Weekly",0.05,"SameTimestamp",1000,"Daily","BIC_ct",963.831029253836,NA,NA,NA,"CT",1,108
"Weekly",0.05,"SameTimestamp",1000,"Daily","error_var_dt",0.1513800250566,0.00677041872207013,0.138094167804723,0.164665882308477,"DT",1,108
"Weekly",0.05,"SameTimestamp",1000,"Daily","beta_dt",0.60761220808959,0.0251094997651202,0.558338855400493,0.656885560778687,"DT",1,108
"Weekly",0.05,"SameTimestamp",1000,"Daily","LogLik_dt",950.015518695858,NA,NA,NA,"DT",1,108
"Weekly",0.05,"SameTimestamp",1000,"Daily","AIC_dt",954.015518695858,NA,NA,NA,"DT",1,108
"Weekly",0.05,"SameTimestamp",1000,"Daily","BIC_dt",963.831029253822,NA,NA,NA,"DT",1,108
"Weekly",0.05,"SameTimestamp",1000,"Weekly","error_var_ct",1.46723260276705,0.315547122107218,0.848022153213758,2.08644305232035,"CT",1,108
"Weekly",0.05,"SameTimestamp",1000,"Weekly","beta_ct",-3.01508741733075,0.643622161602622,-4.27809233832954,-1.75208249633195,"CT",1,108
"Weekly",0.05,"SameTimestamp",1000,"Weekly","LogLik_ct",1422.07089022328,NA,NA,NA,"CT",1,108
"Weekly",0.05,"SameTimestamp",1000,"Weekly","AIC_ct",1426.07089022328,NA,NA,NA,"CT",1,108
"Weekly",0.05,"SameTimestamp",1000,"Weekly","BIC_ct",1435.88640078124,NA,NA,NA,"CT",1,108
"Weekly",0.05,"SameTimestamp",1000,"Weekly","error_var_dt",0.242729846442466,0.0108552101882879,0.221428243259404,0.264031449625529,"DT",1,108
"Weekly",0.05,"SameTimestamp",1000,"Weekly","beta_dt",0.0490419981729458,0.0315691280689808,-0.012907335584429,0.110991331930321,"DT",1,108
"Weekly",0.05,"SameTimestamp",1000,"Weekly","LogLik_dt",1422.07089022304,NA,NA,NA,"DT",1,108
"Weekly",0.05,"SameTimestamp",1000,"Weekly","AIC_dt",1426.07089022304,NA,NA,NA,"DT",1,108
"Weekly",0.05,"SameTimestamp",1000,"Weekly","BIC_dt",1435.886400781,NA,NA,NA,"DT",1,108
"Weekly",0.05,"SameTimestamp",1000,"Monthly","error_var_ct",12.2696828638054,265.558012819394,-508.845183918292,533.384549645903,"CT",1,108
"Weekly",0.05,"SameTimestamp",1000,"Monthly","beta_ct",-24.5789828046315,531.974590488272,-1068.49351172639,1019.33554611713,"CT",1,108
"Weekly",0.05,"SameTimestamp",1000,"Monthly","LogLik_ct",1449.96957070799,NA,NA,NA,"CT",1,108
"Weekly",0.05,"SameTimestamp",1000,"Monthly","AIC_ct",1453.96957070799,NA,NA,NA,"CT",1,108
"Weekly",0.05,"SameTimestamp",1000,"Monthly","BIC_ct",1463.78508126595,NA,NA,NA,"CT",1,108
"Weekly",0.05,"SameTimestamp",1000,"Monthly","error_var_dt",0.248754893322243,0.0111246516407627,0.226924554646995,0.270585231997491,"DT",1,108
"Weekly",0.05,"SameTimestamp",1000,"Monthly","beta_dt",-0.0580832830801531,0.0315674198932812,-0.120029264817596,0.00386269865728972,"DT",1,108
"Weekly",0.05,"SameTimestamp",1000,"Monthly","LogLik_dt",1446.58979456736,NA,NA,NA,"DT",1,108
"Weekly",0.05,"SameTimestamp",1000,"Monthly","AIC_dt",1450.58979456736,NA,NA,NA,"DT",1,108
"Weekly",0.05,"SameTimestamp",1000,"Monthly","BIC_dt",1460.40530512533,NA,NA,NA,"DT",1,108
"Weekly",0.05,"SameTimestamp",1000,"Daily","error_var_ct",0.228118855463222,0.0125648591001936,0.203462341405835,0.252775369520609,"CT",1,109
"Weekly",0.05,"SameTimestamp",1000,"Daily","beta_ct",-0.440214083942711,0.037557982813153,-0.513915581413967,-0.366512586471454,"CT",1,109
"Weekly",0.05,"SameTimestamp",1000,"Daily","LogLik_ct",952.353178138665,NA,NA,NA,"CT",1,109
"Weekly",0.05,"SameTimestamp",1000,"Daily","AIC_ct",956.353178138665,NA,NA,NA,"CT",1,109
"Weekly",0.05,"SameTimestamp",1000,"Daily","BIC_ct",966.16868869663,NA,NA,NA,"CT",1,109
"Weekly",0.05,"SameTimestamp",1000,"Daily","error_var_dt",0.151675697851727,0.0067852012405873,0.13836083228605,0.164990563417403,"DT",1,109
"Weekly",0.05,"SameTimestamp",1000,"Daily","beta_dt",0.643898554201364,0.0241834077816042,0.596442508003961,0.691354600398768,"DT",1,109
"Weekly",0.05,"SameTimestamp",1000,"Daily","LogLik_dt",952.353178138664,NA,NA,NA,"DT",1,109
"Weekly",0.05,"SameTimestamp",1000,"Daily","AIC_dt",956.353178138664,NA,NA,NA,"DT",1,109
"Weekly",0.05,"SameTimestamp",1000,"Daily","BIC_dt",966.168688696629,NA,NA,NA,"DT",1,109
"Weekly",0.05,"SameTimestamp",1000,"Weekly","error_var_ct",1.75100783305481,0.469638850337437,0.829417163163273,2.67259850294635,"CT",1,109
"Weekly",0.05,"SameTimestamp",1000,"Weekly","beta_ct",-3.33729014473846,0.890042292104229,-5.0838549181229,-1.59072537135402,"CT",1,109
"Weekly",0.05,"SameTimestamp",1000,"Weekly","LogLik_ct",1498.49998922702,NA,NA,NA,"CT",1,109
"Weekly",0.05,"SameTimestamp",1000,"Weekly","AIC_ct",1502.49998922702,NA,NA,NA,"CT",1,109
"Weekly",0.05,"SameTimestamp",1000,"Weekly","BIC_ct",1512.31549978498,NA,NA,NA,"CT",1,109
"Weekly",0.05,"SameTimestamp",1000,"Weekly","error_var_dt",0.262008548796436,0.0117173932167677,0.239015050161763,0.28500204743111,"DT",1,109
"Weekly",0.05,"SameTimestamp",1000,"Weekly","beta_dt",0.0355330944536649,0.0316035865467448,-0.0264838585212921,0.0975500474286219,"DT",1,109
"Weekly",0.05,"SameTimestamp",1000,"Weekly","LogLik_dt",1498.49998922702,NA,NA,NA,"DT",1,109
"Weekly",0.05,"SameTimestamp",1000,"Weekly","AIC_dt",1502.49998922702,NA,NA,NA,"DT",1,109
"Weekly",0.05,"SameTimestamp",1000,"Weekly","BIC_dt",1512.31549978498,NA,NA,NA,"DT",1,109
"Weekly",0.05,"SameTimestamp",1000,"Monthly","error_var_ct",11.8598945495514,61.5830341870278,-108.986900151522,132.706689250625,"CT",1,109
"Weekly",0.05,"SameTimestamp",1000,"Monthly","beta_ct",-23.6729588277265,122.920407399137,-264.884478098157,217.538560442704,"CT",1,109
"Weekly",0.05,"SameTimestamp",1000,"Monthly","LogLik_ct",1453.55914050145,NA,NA,NA,"CT",1,109
"Weekly",0.05,"SameTimestamp",1000,"Monthly","AIC_ct",1457.55914050145,NA,NA,NA,"CT",1,109
"Weekly",0.05,"SameTimestamp",1000,"Monthly","BIC_ct",1467.37465105942,NA,NA,NA,"CT",1,109
"Weekly",0.05,"SameTimestamp",1000,"Monthly","error_var_dt",0.249640003742189,0.0111642794428601,0.227731901882198,0.27154810560218,"DT",1,109
"Weekly",0.05,"SameTimestamp",1000,"Monthly","beta_dt",-0.0583820413431544,0.03156852002621,-0.120330181914437,0.00356609922812848,"DT",1,109
"Weekly",0.05,"SameTimestamp",1000,"Monthly","LogLik_dt",1450.14482806276,NA,NA,NA,"DT",1,109
"Weekly",0.05,"SameTimestamp",1000,"Monthly","AIC_dt",1454.14482806276,NA,NA,NA,"DT",1,109
"Weekly",0.05,"SameTimestamp",1000,"Monthly","BIC_dt",1463.96033862072,NA,NA,NA,"DT",1,109
"Weekly",0.05,"SameTimestamp",1000,"Daily","error_var_ct",0.201074223585427,0.0108193770825551,0.179842937106132,0.222305510064723,"CT",1,110
"Weekly",0.05,"SameTimestamp",1000,"Daily","beta_ct",-0.389056723248467,0.0343050512104475,-0.456374865908479,-0.321738580588454,"CT",1,110
"Weekly",0.05,"SameTimestamp",1000,"Daily","LogLik_ct",869.995235850195,NA,NA,NA,"CT",1,110
"Weekly",0.05,"SameTimestamp",1000,"Daily","AIC_ct",873.995235850195,NA,NA,NA,"CT",1,110
"Weekly",0.05,"SameTimestamp",1000,"Daily","BIC_ct",883.81074640816,NA,NA,NA,"CT",1,110
"Weekly",0.05,"SameTimestamp",1000,"Daily","error_var_dt",0.13973095808174,0.00624961437741609,0.127467095548842,0.151994820614638,"DT",1,110
"Weekly",0.05,"SameTimestamp",1000,"Daily","beta_dt",0.677695837601248,0.0232485389031789,0.632074321139427,0.723317354063069,"DT",1,110
"Weekly",0.05,"SameTimestamp",1000,"Daily","LogLik_dt",869.995235850196,NA,NA,NA,"DT",1,110
"Weekly",0.05,"SameTimestamp",1000,"Daily","AIC_dt",873.995235850196,NA,NA,NA,"DT",1,110
"Weekly",0.05,"SameTimestamp",1000,"Daily","BIC_dt",883.81074640816,NA,NA,NA,"DT",1,110
"Weekly",0.05,"SameTimestamp",1000,"Weekly","error_var_ct",1.4550631142669,0.284079221413784,0.897603356035893,2.0125228724979,"CT",1,110
"Weekly",0.05,"SameTimestamp",1000,"Weekly","beta_ct",-2.86768786163956,0.555311100184068,-3.95739653554747,-1.77797918773166,"CT",1,110
"Weekly",0.05,"SameTimestamp",1000,"Weekly","LogLik_ct",1463.0381749686,NA,NA,NA,"CT",1,110
"Weekly",0.05,"SameTimestamp",1000,"Weekly","AIC_ct",1467.0381749686,NA,NA,NA,"CT",1,110
"Weekly",0.05,"SameTimestamp",1000,"Weekly","BIC_ct",1476.85368552656,NA,NA,NA,"CT",1,110
"Weekly",0.05,"SameTimestamp",1000,"Weekly","error_var_dt",0.252880354855848,0.0113091514127038,0.230687965067716,0.27507274464398,"DT",1,110
"Weekly",0.05,"SameTimestamp",1000,"Weekly","beta_dt",0.0568302224065221,0.0315592735743478,-0.00509977349091268,0.118760218303957,"DT",1,110
"Weekly",0.05,"SameTimestamp",1000,"Weekly","LogLik_dt",1463.03817496861,NA,NA,NA,"DT",1,110
"Weekly",0.05,"SameTimestamp",1000,"Weekly","AIC_dt",1467.03817496861,NA,NA,NA,"DT",1,110
"Weekly",0.05,"SameTimestamp",1000,"Weekly","BIC_dt",1476.85368552657,NA,NA,NA,"DT",1,110
"Weekly",0.05,"SameTimestamp",1000,"Monthly","error_var_ct",10.3262678600323,213.332375355062,-408.304189504734,428.956725224799,"CT",1,110
"Weekly",0.05,"SameTimestamp",1000,"Monthly","beta_ct",-22.576954990564,466.426438043258,-937.863782693507,892.709872712379,"CT",1,110
"Weekly",0.05,"SameTimestamp",1000,"Monthly","LogLik_ct",1362.49528406737,NA,NA,NA,"CT",1,110
"Weekly",0.05,"SameTimestamp",1000,"Monthly","AIC_ct",1366.49528406737,NA,NA,NA,"CT",1,110
"Weekly",0.05,"SameTimestamp",1000,"Monthly","BIC_ct",1376.31079462533,NA,NA,NA,"CT",1,110
"Weekly",0.05,"SameTimestamp",1000,"Monthly","error_var_dt",0.228345195412671,0.0102119038552789,0.208305977387815,0.248384413437527,"DT",1,110
"Weekly",0.05,"SameTimestamp",1000,"Monthly","beta_dt",-0.0388875396695223,0.0315823902766309,-0.100862898375267,0.0230878190362225,"DT",1,110
"Weekly",0.05,"SameTimestamp",1000,"Monthly","LogLik_dt",1360.9803111768,NA,NA,NA,"DT",1,110
"Weekly",0.05,"SameTimestamp",1000,"Monthly","AIC_dt",1364.9803111768,NA,NA,NA,"DT",1,110
"Weekly",0.05,"SameTimestamp",1000,"Monthly","BIC_dt",1374.79582173476,NA,NA,NA,"DT",1,110
"Weekly",0.05,"SameTimestamp",1000,"Daily","error_var_ct",0.232587549252058,0.0129178838593024,0.207238280913372,0.257936817590743,"CT",1,111
"Weekly",0.05,"SameTimestamp",1000,"Daily","beta_ct",-0.458637842881444,0.0387480320314838,-0.534674620441938,-0.382601065320949,"CT",1,111
"Weekly",0.05,"SameTimestamp",1000,"Daily","LogLik_ct",955.898444969415,NA,NA,NA,"CT",1,111
"Weekly",0.05,"SameTimestamp",1000,"Daily","AIC_ct",959.898444969415,NA,NA,NA,"CT",1,111
"Weekly",0.05,"SameTimestamp",1000,"Daily","BIC_ct",969.713955527379,NA,NA,NA,"CT",1,111
"Weekly",0.05,"SameTimestamp",1000,"Daily","error_var_dt",0.152237892420621,0.00680973982259022,0.138874873836492,0.16560091100475,"DT",1,111
"Weekly",0.05,"SameTimestamp",1000,"Daily","beta_dt",0.632144185674242,0.0244943106782416,0.584078042572425,0.680210328776059,"DT",1,111
"Weekly",0.05,"SameTimestamp",1000,"Daily","LogLik_dt",955.89844496941,NA,NA,NA,"DT",1,111
"Weekly",0.05,"SameTimestamp",1000,"Daily","AIC_dt",959.89844496941,NA,NA,NA,"DT",1,111
"Weekly",0.05,"SameTimestamp",1000,"Daily","BIC_dt",969.713955527374,NA,NA,NA,"DT",1,111
"Weekly",0.05,"SameTimestamp",1000,"Weekly","error_var_ct",1.75256557920658,0.496170786350065,0.778910254387481,2.72622090402569,"CT",1,111
"Weekly",0.05,"SameTimestamp",1000,"Weekly","beta_ct",-3.41856531687199,0.96279954729601,-5.30790449553292,-1.52922613821105,"CT",1,111
"Weekly",0.05,"SameTimestamp",1000,"Weekly","LogLik_ct",1475.51650819494,NA,NA,NA,"CT",1,111
"Weekly",0.05,"SameTimestamp",1000,"Weekly","AIC_ct",1479.51650819494,NA,NA,NA,"CT",1,111
"Weekly",0.05,"SameTimestamp",1000,"Weekly","BIC_ct",1489.3320187529,NA,NA,NA,"CT",1,111
"Weekly",0.05,"SameTimestamp",1000,"Weekly","error_var_dt",0.256055481333194,0.0114511612959622,0.233584420001281,0.278526542665108,"DT",1,111
"Weekly",0.05,"SameTimestamp",1000,"Weekly","beta_dt",0.0327593891662275,0.0315992890234413,-0.0292491306108004,0.0947679089432554,"DT",1,111
"Weekly",0.05,"SameTimestamp",1000,"Weekly","LogLik_dt",1475.51650819494,NA,NA,NA,"DT",1,111
"Weekly",0.05,"SameTimestamp",1000,"Weekly","AIC_dt",1479.51650819494,NA,NA,NA,"DT",1,111
"Weekly",0.05,"SameTimestamp",1000,"Weekly","BIC_dt",1489.33201875291,NA,NA,NA,"DT",1,111
"Weekly",0.05,"SameTimestamp",1000,"Monthly","error_var_ct",1.21209775114646,0.192775642631974,0.833806573778314,1.59038892851461,"CT",1,111
"Weekly",0.05,"SameTimestamp",1000,"Monthly","beta_ct",-2.54316219324403,0.400835380887368,-3.32973712613725,-1.75658726035081,"CT",1,111
"Weekly",0.05,"SameTimestamp",1000,"Monthly","LogLik_ct",1397.47810477002,NA,NA,NA,"CT",1,111
"Weekly",0.05,"SameTimestamp",1000,"Monthly","AIC_ct",1401.47810477002,NA,NA,NA,"CT",1,111
"Weekly",0.05,"SameTimestamp",1000,"Monthly","BIC_ct",1411.29361532798,NA,NA,NA,"CT",1,111
"Weekly",0.05,"SameTimestamp",1000,"Monthly","error_var_dt",0.236832345316732,0.0105915004591687,0.216048230041115,0.25761646059235,"DT",1,111
"Weekly",0.05,"SameTimestamp",1000,"Monthly","beta_dt",0.0786174971794221,0.0315237832799972,0.0167571452735815,0.140477849085263,"DT",1,111
"Weekly",0.05,"SameTimestamp",1000,"Monthly","LogLik_dt",1397.47810477002,NA,NA,NA,"DT",1,111
"Weekly",0.05,"SameTimestamp",1000,"Monthly","AIC_dt",1401.47810477002,NA,NA,NA,"DT",1,111
"Weekly",0.05,"SameTimestamp",1000,"Monthly","BIC_dt",1411.29361532798,NA,NA,NA,"DT",1,111
"Weekly",0.05,"SameTimestamp",1000,"Daily","error_var_ct",0.220056160174539,0.0123781291117692,0.195766073670999,0.244346246678079,"CT",1,112
"Weekly",0.05,"SameTimestamp",1000,"Daily","beta_ct",-0.486867661837847,0.0405807215400738,-0.566500797644067,-0.407234526031626,"CT",1,112
"Weekly",0.05,"SameTimestamp",1000,"Daily","LogLik_ct",876.517325084269,NA,NA,NA,"CT",1,112
"Weekly",0.05,"SameTimestamp",1000,"Daily","AIC_ct",880.517325084269,NA,NA,NA,"CT",1,112
"Weekly",0.05,"SameTimestamp",1000,"Daily","BIC_ct",890.332835642233,NA,NA,NA,"CT",1,112
"Weekly",0.05,"SameTimestamp",1000,"Daily","error_var_dt",0.140641524081921,0.00629044952582136,0.128297529141436,0.152985519022407,"DT",1,112
"Weekly",0.05,"SameTimestamp",1000,"Daily","beta_dt",0.614548356349241,0.0249386402359949,0.565610287991478,0.663486424707004,"DT",1,112
"Weekly",0.05,"SameTimestamp",1000,"Daily","LogLik_dt",876.517325084269,NA,NA,NA,"DT",1,112
"Weekly",0.05,"SameTimestamp",1000,"Daily","AIC_dt",880.517325084269,NA,NA,NA,"DT",1,112
"Weekly",0.05,"SameTimestamp",1000,"Daily","BIC_dt",890.332835642233,NA,NA,NA,"DT",1,112
"Weekly",0.05,"SameTimestamp",1000,"Weekly","error_var_ct",2.86826726440192,6.47491138732109,-9.83770439582619,15.57423892463,"CT",1,112
"Weekly",0.05,"SameTimestamp",1000,"Weekly","beta_ct",-6.06617390607089,13.6923045540953,-32.9351182391495,20.8027704270077,"CT",1,112
"Weekly",0.05,"SameTimestamp",1000,"Weekly","LogLik_ct",1395.70452864452,NA,NA,NA,"CT",1,112
"Weekly",0.05,"SameTimestamp",1000,"Weekly","AIC_ct",1399.70452864452,NA,NA,NA,"CT",1,112
"Weekly",0.05,"SameTimestamp",1000,"Weekly","BIC_ct",1409.52003920249,NA,NA,NA,"CT",1,112
"Weekly",0.05,"SameTimestamp",1000,"Weekly","error_var_dt",0.236413583461837,0.0105727260832438,0.215666309877815,0.257160857045859,"DT",1,112
"Weekly",0.05,"SameTimestamp",1000,"Weekly","beta_dt",0.0023200260862757,0.0316084314216641,-0.0597064341760771,0.0643464863486285,"DT",1,112
"Weekly",0.05,"SameTimestamp",1000,"Weekly","LogLik_dt",1395.70452864452,NA,NA,NA,"DT",1,112
"Weekly",0.05,"SameTimestamp",1000,"Weekly","AIC_dt",1399.70452864452,NA,NA,NA,"DT",1,112
"Weekly",0.05,"SameTimestamp",1000,"Weekly","BIC_dt",1409.52003920248,NA,NA,NA,"DT",1,112
"Weekly",0.05,"SameTimestamp",1000,"Monthly","error_var_ct",1.88421179490719,0.763205531106793,0.386543754513458,3.38187983530093,"CT",1,112
"Weekly",0.05,"SameTimestamp",1000,"Monthly","beta_ct",-3.91160833653677,1.57968413291018,-7.01148424590779,-0.811732427165751,"CT",1,112
"Weekly",0.05,"SameTimestamp",1000,"Monthly","LogLik_ct",1413.89050283547,NA,NA,NA,"CT",1,112
"Weekly",0.05,"SameTimestamp",1000,"Monthly","AIC_ct",1417.89050283547,NA,NA,NA,"CT",1,112
"Weekly",0.05,"SameTimestamp",1000,"Monthly","BIC_ct",1427.70601339344,NA,NA,NA,"CT",1,112
"Weekly",0.05,"SameTimestamp",1000,"Monthly","error_var_dt",0.240752311299814,0.0107667709076298,0.219624255973468,0.261880366626161,"DT",1,112
"Weekly",0.05,"SameTimestamp",1000,"Monthly","beta_dt",0.0200082752768944,0.0316064786578073,-0.0420143530006267,0.0820309035544155,"DT",1,112
"Weekly",0.05,"SameTimestamp",1000,"Monthly","LogLik_dt",1413.89050283547,NA,NA,NA,"DT",1,112
"Weekly",0.05,"SameTimestamp",1000,"Monthly","AIC_dt",1417.89050283547,NA,NA,NA,"DT",1,112
"Weekly",0.05,"SameTimestamp",1000,"Monthly","BIC_dt",1427.70601339344,NA,NA,NA,"DT",1,112
"Weekly",0.05,"SameTimestamp",1000,"Daily","error_var_ct",0.208645183773643,0.0116014011142274,0.185879300974852,0.231411066572435,"CT",1,113
"Weekly",0.05,"SameTimestamp",1000,"Daily","beta_ct",-0.459892142739562,0.0389018428283416,-0.536230749237784,-0.383553536241341,"CT",1,113
"Weekly",0.05,"SameTimestamp",1000,"Daily","LogLik_ct",846.030328685938,NA,NA,NA,"CT",1,113
"Weekly",0.05,"SameTimestamp",1000,"Daily","AIC_ct",850.030328685938,NA,NA,NA,"CT",1,113
"Weekly",0.05,"SameTimestamp",1000,"Daily","BIC_ct",859.845839243902,NA,NA,NA,"CT",1,113
"Weekly",0.05,"SameTimestamp",1000,"Daily","error_var_dt",0.136421299087198,0.0061016111076658,0.12444786915462,0.148394729019775,"DT",1,113
"Weekly",0.05,"SameTimestamp",1000,"Daily","beta_dt",0.631351736266297,0.0245609140519706,0.583154894761296,0.679548577771297,"DT",1,113
"Weekly",0.05,"SameTimestamp",1000,"Daily","LogLik_dt",846.030328685936,NA,NA,NA,"DT",1,113
"Weekly",0.05,"SameTimestamp",1000,"Daily","AIC_dt",850.030328685936,NA,NA,NA,"DT",1,113
"Weekly",0.05,"SameTimestamp",1000,"Daily","BIC_dt",859.845839243901,NA,NA,NA,"DT",1,113
"Weekly",0.05,"SameTimestamp",1000,"Weekly","error_var_ct",1.700009744812,0.541071361740951,0.638244266151772,2.76177522347223,"CT",1,113
"Weekly",0.05,"SameTimestamp",1000,"Weekly","beta_ct",-3.57856920923003,1.13399217659921,-5.80384637472206,-1.35329204373799,"CT",1,113
"Weekly",0.05,"SameTimestamp",1000,"Weekly","LogLik_ct",1399.62135590004,NA,NA,NA,"CT",1,113
"Weekly",0.05,"SameTimestamp",1000,"Weekly","AIC_ct",1403.62135590004,NA,NA,NA,"CT",1,113
"Weekly",0.05,"SameTimestamp",1000,"Weekly","BIC_ct",1413.43686645801,NA,NA,NA,"CT",1,113
"Weekly",0.05,"SameTimestamp",1000,"Weekly","error_var_dt",0.23734137495537,0.0106142311974467,0.216512654263693,0.258170095647046,"DT",1,113
"Weekly",0.05,"SameTimestamp",1000,"Weekly","beta_dt",0.0279156168735555,0.0316169434576309,-0.0341275468896325,0.0899587806367435,"DT",1,113
"Weekly",0.05,"SameTimestamp",1000,"Weekly","LogLik_dt",1399.62135590004,NA,NA,NA,"DT",1,113
"Weekly",0.05,"SameTimestamp",1000,"Weekly","AIC_dt",1403.62135590004,NA,NA,NA,"DT",1,113
"Weekly",0.05,"SameTimestamp",1000,"Weekly","BIC_dt",1413.436866458,NA,NA,NA,"DT",1,113
"Weekly",0.05,"SameTimestamp",1000,"Monthly","error_var_ct",1.48870239926477,0.3593531915556,0.783529587655522,2.19387521087403,"CT",1,113
"Weekly",0.05,"SameTimestamp",1000,"Monthly","beta_ct",-3.18595558223411,0.764076640748867,-4.68533303512218,-1.68657812934605,"CT",1,113
"Weekly",0.05,"SameTimestamp",1000,"Monthly","LogLik_ct",1382.17182477174,NA,NA,NA,"CT",1,113
"Weekly",0.05,"SameTimestamp",1000,"Monthly","AIC_ct",1386.17182477174,NA,NA,NA,"CT",1,113
"Weekly",0.05,"SameTimestamp",1000,"Monthly","BIC_ct",1395.9873353297,NA,NA,NA,"CT",1,113
"Weekly",0.05,"SameTimestamp",1000,"Monthly","error_var_dt",0.233235783566593,0.0104306222706471,0.212767365847564,0.253704201285622,"DT",1,113
"Weekly",0.05,"SameTimestamp",1000,"Monthly","beta_dt",0.0413388480746335,0.0316091525745514,-0.0206890273342133,0.10336672348348,"DT",1,113
"Weekly",0.05,"SameTimestamp",1000,"Monthly","LogLik_dt",1382.17182477161,NA,NA,NA,"DT",1,113
"Weekly",0.05,"SameTimestamp",1000,"Monthly","AIC_dt",1386.17182477161,NA,NA,NA,"DT",1,113
"Weekly",0.05,"SameTimestamp",1000,"Monthly","BIC_dt",1395.98733532958,NA,NA,NA,"DT",1,113
"Weekly",0.05,"SameTimestamp",1000,"Daily","error_var_ct",0.208164157332775,0.0111038366107846,0.186374664804321,0.229953649861229,"CT",1,114
"Weekly",0.05,"SameTimestamp",1000,"Daily","beta_ct",-0.37004171653414,0.0331006174239252,-0.434996351704592,-0.305087081363688,"CT",1,114
"Weekly",0.05,"SameTimestamp",1000,"Daily","LogLik_ct",921.273834525632,NA,NA,NA,"CT",1,114
"Weekly",0.05,"SameTimestamp",1000,"Daily","AIC_ct",925.273834525632,NA,NA,NA,"CT",1,114
"Weekly",0.05,"SameTimestamp",1000,"Daily","BIC_ct",935.089345083597,NA,NA,NA,"CT",1,114
"Weekly",0.05,"SameTimestamp",1000,"Daily","error_var_dt",0.147083994157466,0.00657846513151695,0.134174814938036,0.159993173376895,"DT",1,114
"Weekly",0.05,"SameTimestamp",1000,"Daily","beta_dt",0.690705516433657,0.0228630189057243,0.645840520929281,0.735570511938033,"DT",1,114
"Weekly",0.05,"SameTimestamp",1000,"Daily","LogLik_dt",921.273834525633,NA,NA,NA,"DT",1,114
"Weekly",0.05,"SameTimestamp",1000,"Daily","AIC_dt",925.273834525633,NA,NA,NA,"DT",1,114
"Weekly",0.05,"SameTimestamp",1000,"Daily","BIC_dt",935.089345083598,NA,NA,NA,"DT",1,114
"Weekly",0.05,"SameTimestamp",1000,"Weekly","error_var_ct",1.28178231332121,0.23152938398057,0.827443154776478,1.73612147186595,"CT",1,114
"Weekly",0.05,"SameTimestamp",1000,"Weekly","beta_ct",-2.74731266922082,0.491965593673536,-3.71271598010836,-1.78190935833328,"CT",1,114
"Weekly",0.05,"SameTimestamp",1000,"Weekly","LogLik_ct",1378.24095251343,NA,NA,NA,"CT",1,114
"Weekly",0.05,"SameTimestamp",1000,"Weekly","AIC_ct",1382.24095251343,NA,NA,NA,"CT",1,114
"Weekly",0.05,"SameTimestamp",1000,"Weekly","BIC_ct",1392.05646307139,NA,NA,NA,"CT",1,114
"Weekly",0.05,"SameTimestamp",1000,"Weekly","error_var_dt",0.232320835101713,0.0103897133544509,0.21193269454769,0.252708975655736,"DT",1,114
"Weekly",0.05,"SameTimestamp",1000,"Weekly","beta_dt",0.064100072078578,0.0315455778738431,0.00219695178948294,0.126003192367673,"DT",1,114
"Weekly",0.05,"SameTimestamp",1000,"Weekly","LogLik_dt",1378.24095251347,NA,NA,NA,"DT",1,114
"Weekly",0.05,"SameTimestamp",1000,"Weekly","AIC_dt",1382.24095251347,NA,NA,NA,"DT",1,114
"Weekly",0.05,"SameTimestamp",1000,"Weekly","BIC_dt",1392.05646307143,NA,NA,NA,"DT",1,114
"Weekly",0.05,"SameTimestamp",1000,"Monthly","error_var_ct",9.71262987335175,33.9605752253782,-56.9295340987529,76.3547938454564,"CT",1,114
"Weekly",0.05,"SameTimestamp",1000,"Monthly","beta_ct",-20.514941550351,71.7314671575164,-161.276402878561,120.246519777859,"CT",1,114
"Weekly",0.05,"SameTimestamp",1000,"Monthly","LogLik_ct",1397.00681247373,NA,NA,NA,"CT",1,114
"Weekly",0.05,"SameTimestamp",1000,"Monthly","AIC_ct",1401.00681247373,NA,NA,NA,"CT",1,114
"Weekly",0.05,"SameTimestamp",1000,"Monthly","BIC_ct",1410.82232303169,NA,NA,NA,"CT",1,114
"Weekly",0.05,"SameTimestamp",1000,"Monthly","error_var_dt",0.236706511979765,0.0105858437981756,0.215933496991082,0.257479526968449,"DT",1,114
"Weekly",0.05,"SameTimestamp",1000,"Monthly","beta_dt",-0.00799612330900443,0.031605838482884,-0.070017495346255,0.0540252487282462,"DT",1,114
"Weekly",0.05,"SameTimestamp",1000,"Monthly","LogLik_dt",1396.9428075054,NA,NA,NA,"DT",1,114
"Weekly",0.05,"SameTimestamp",1000,"Monthly","AIC_dt",1400.9428075054,NA,NA,NA,"DT",1,114
"Weekly",0.05,"SameTimestamp",1000,"Monthly","BIC_dt",1410.75831806336,NA,NA,NA,"DT",1,114
"Weekly",0.05,"SameTimestamp",1000,"Daily","error_var_ct",0.200833010116534,0.0108072255542242,0.179625569056174,0.222040451176894,"CT",1,115
"Weekly",0.05,"SameTimestamp",1000,"Daily","beta_ct",-0.388878836106594,0.0343010228348372,-0.456189073727714,-0.321568598485474,"CT",1,115
"Weekly",0.05,"SameTimestamp",1000,"Daily","LogLik_ct",869.149063578088,NA,NA,NA,"CT",1,115
"Weekly",0.05,"SameTimestamp",1000,"Daily","AIC_ct",873.149063578088,NA,NA,NA,"CT",1,115
"Weekly",0.05,"SameTimestamp",1000,"Daily","BIC_ct",882.964574136053,NA,NA,NA,"CT",1,115
"Weekly",0.05,"SameTimestamp",1000,"Daily","error_var_dt",0.139584977837578,0.00624376696652501,0.127332589907593,0.151837365767563,"DT",1,115
"Weekly",0.05,"SameTimestamp",1000,"Daily","beta_dt",0.677816395494207,0.0232495936456127,0.632192809270088,0.723439981718326,"DT",1,115
"Weekly",0.05,"SameTimestamp",1000,"Daily","LogLik_dt",869.149063578087,NA,NA,NA,"DT",1,115
"Weekly",0.05,"SameTimestamp",1000,"Daily","AIC_dt",873.149063578087,NA,NA,NA,"DT",1,115
"Weekly",0.05,"SameTimestamp",1000,"Daily","BIC_dt",882.964574136052,NA,NA,NA,"DT",1,115
"Weekly",0.05,"SameTimestamp",1000,"Weekly","error_var_ct",1.60048149050606,0.406425146519856,0.802937542059544,2.39802543895257,"CT",1,115
"Weekly",0.05,"SameTimestamp",1000,"Weekly","beta_ct",-3.25556241960554,0.821726033571077,-4.86806752901454,-1.64305731019654,"CT",1,115
"Weekly",0.05,"SameTimestamp",1000,"Weekly","LogLik_ct",1433.18215282004,NA,NA,NA,"CT",1,115
"Weekly",0.05,"SameTimestamp",1000,"Weekly","AIC_ct",1437.18215282004,NA,NA,NA,"CT",1,115
"Weekly",0.05,"SameTimestamp",1000,"Weekly","BIC_ct",1446.99766337801,NA,NA,NA,"CT",1,115
"Weekly",0.05,"SameTimestamp",1000,"Weekly","error_var_dt",0.245441752156433,0.0109765097855046,0.223902118033264,0.266981386279602,"DT",1,115
"Weekly",0.05,"SameTimestamp",1000,"Weekly","beta_dt",0.0385591207967787,0.0316285771391009,-0.0235068721942117,0.100625113787769,"DT",1,115
"Weekly",0.05,"SameTimestamp",1000,"Weekly","LogLik_dt",1433.18215282004,NA,NA,NA,"DT",1,115
"Weekly",0.05,"SameTimestamp",1000,"Weekly","AIC_dt",1437.18215282004,NA,NA,NA,"DT",1,115
"Weekly",0.05,"SameTimestamp",1000,"Weekly","BIC_dt",1446.99766337801,NA,NA,NA,"DT",1,115
"Weekly",0.05,"SameTimestamp",1000,"Monthly","error_var_ct",10.915360378111,87.9172734862986,-161.608141263756,183.438862019978,"CT",1,115
"Weekly",0.05,"SameTimestamp",1000,"Monthly","beta_ct",-22.0616990271972,177.697697145583,-370.764834708829,326.641436654435,"CT",1,115
"Weekly",0.05,"SameTimestamp",1000,"Monthly","LogLik_ct",1441.0617296571,NA,NA,NA,"CT",1,115
"Weekly",0.05,"SameTimestamp",1000,"Monthly","AIC_ct",1445.0617296571,NA,NA,NA,"CT",1,115
"Weekly",0.05,"SameTimestamp",1000,"Monthly","BIC_ct",1454.87724021506,NA,NA,NA,"CT",1,115
"Weekly",0.05,"SameTimestamp",1000,"Monthly","error_var_dt",0.246338306558684,0.0110165979374336,0.224720005888307,0.267956607229062,"DT",1,115
"Weekly",0.05,"SameTimestamp",1000,"Monthly","beta_dt",-0.0649783177013977,0.0315516746069328,-0.1268934018481,-0.00306323355469528,"DT",1,115
"Weekly",0.05,"SameTimestamp",1000,"Monthly","LogLik_dt",1436.82952273403,NA,NA,NA,"DT",1,115
"Weekly",0.05,"SameTimestamp",1000,"Monthly","AIC_dt",1440.82952273403,NA,NA,NA,"DT",1,115
"Weekly",0.05,"SameTimestamp",1000,"Monthly","BIC_dt",1450.645033292,NA,NA,NA,"DT",1,115
"Weekly",0.05,"SameTimestamp",1000,"Daily","error_var_ct",0.207073581407798,0.0111660477511472,0.185162009527348,0.228985153288248,"CT",1,116
"Weekly",0.05,"SameTimestamp",1000,"Daily","beta_ct",-0.393740820289878,0.034602736378165,-0.461643122188285,-0.325838518391472,"CT",1,116
"Weekly",0.05,"SameTimestamp",1000,"Daily","LogLik_ct",895.315003801663,NA,NA,NA,"CT",1,116
"Weekly",0.05,"SameTimestamp",1000,"Daily","AIC_ct",899.315003801663,NA,NA,NA,"CT",1,116
"Weekly",0.05,"SameTimestamp",1000,"Daily","BIC_ct",909.130514359627,NA,NA,NA,"CT",1,116
"Weekly",0.05,"SameTimestamp",1000,"Daily","error_var_dt",0.143314248340951,0.0064098773585203,0.130735895497022,0.15589260118488,"DT",1,116
"Weekly",0.05,"SameTimestamp",1000,"Daily","beta_dt",0.674528874354946,0.0233405404654441,0.628726819631994,0.720330929077897,"DT",1,116
"Weekly",0.05,"SameTimestamp",1000,"Daily","LogLik_dt",895.315003801663,NA,NA,NA,"DT",1,116
"Weekly",0.05,"SameTimestamp",1000,"Daily","AIC_dt",899.315003801663,NA,NA,NA,"DT",1,116
"Weekly",0.05,"SameTimestamp",1000,"Daily","BIC_dt",909.130514359627,NA,NA,NA,"DT",1,116
"Weekly",0.05,"SameTimestamp",1000,"Weekly","error_var_ct",1.18562535844612,0.176166709350015,0.839926539948,1.53132417694424,"CT",1,116
"Weekly",0.05,"SameTimestamp",1000,"Weekly","beta_ct",-2.43161975316997,0.358121477126421,-3.13437552341842,-1.72886398292151,"CT",1,116
"Weekly",0.05,"SameTimestamp",1000,"Weekly","LogLik_ct",1418.68749752006,NA,NA,NA,"CT",1,116
"Weekly",0.05,"SameTimestamp",1000,"Weekly","AIC_ct",1422.68749752006,NA,NA,NA,"CT",1,116
"Weekly",0.05,"SameTimestamp",1000,"Weekly","BIC_ct",1432.50300807802,NA,NA,NA,"CT",1,116
"Weekly",0.05,"SameTimestamp",1000,"Weekly","error_var_dt",0.241909935114876,0.0108185493130296,0.22068027300007,0.263139597229681,"DT",1,116
"Weekly",0.05,"SameTimestamp",1000,"Weekly","beta_dt",0.087894372758821,0.0314852463622804,0.0261096433526706,0.149679102164971,"DT",1,116
"Weekly",0.05,"SameTimestamp",1000,"Weekly","LogLik_dt",1418.68749752006,NA,NA,NA,"DT",1,116
"Weekly",0.05,"SameTimestamp",1000,"Weekly","AIC_dt",1422.68749752006,NA,NA,NA,"DT",1,116
"Weekly",0.05,"SameTimestamp",1000,"Weekly","BIC_dt",1432.50300807802,NA,NA,NA,"DT",1,116
"Weekly",0.05,"SameTimestamp",1000,"Monthly","error_var_ct",2.40864041840043,2.55417649972082,-2.60351994633013,7.42080078313099,"CT",1,116
"Weekly",0.05,"SameTimestamp",1000,"Monthly","beta_ct",-5.17111913021045,5.4806931007143,-15.9260973917578,5.58385913133689,"CT",1,116
"Weekly",0.05,"SameTimestamp",1000,"Monthly","LogLik_ct",1380.67098762367,NA,NA,NA,"CT",1,116
"Weekly",0.05,"SameTimestamp",1000,"Monthly","AIC_ct",1384.67098762367,NA,NA,NA,"CT",1,116
"Weekly",0.05,"SameTimestamp",1000,"Monthly","BIC_ct",1394.48649818163,NA,NA,NA,"CT",1,116
"Weekly",0.05,"SameTimestamp",1000,"Monthly","error_var_dt",0.232886032013792,0.0104149949034162,0.21244828048821,0.253323783539373,"DT",1,116
"Weekly",0.05,"SameTimestamp",1000,"Monthly","beta_dt",0.00567817002144359,0.0316093010731078,-0.056349996791924,0.0677063368348112,"DT",1,116
"Weekly",0.05,"SameTimestamp",1000,"Monthly","LogLik_dt",1380.67098762367,NA,NA,NA,"DT",1,116
"Weekly",0.05,"SameTimestamp",1000,"Monthly","AIC_dt",1384.67098762367,NA,NA,NA,"DT",1,116
"Weekly",0.05,"SameTimestamp",1000,"Monthly","BIC_dt",1394.48649818163,NA,NA,NA,"DT",1,116
"Weekly",0.05,"SameTimestamp",1000,"Daily","error_var_ct",0.204285587689601,0.0113562348178576,0.182000804295478,0.226570371083725,"CT",1,117
"Weekly",0.05,"SameTimestamp",1000,"Daily","beta_ct",-0.460715804164608,0.0388853739633092,-0.537022093165359,-0.384409515163856,"CT",1,117
"Weekly",0.05,"SameTimestamp",1000,"Daily","LogLik_ct",824.244756481941,NA,NA,NA,"CT",1,117
"Weekly",0.05,"SameTimestamp",1000,"Daily","AIC_ct",828.244756481941,NA,NA,NA,"CT",1,117
"Weekly",0.05,"SameTimestamp",1000,"Daily","BIC_ct",838.060267039906,NA,NA,NA,"CT",1,117
"Weekly",0.05,"SameTimestamp",1000,"Daily","error_var_dt",0.133477469497718,0.00597004591976003,0.121762215075045,0.145192723920391,"DT",1,117
"Weekly",0.05,"SameTimestamp",1000,"Daily","beta_dt",0.630831931222634,0.0245302786488778,0.582695206766379,0.678968655678888,"DT",1,117
"Weekly",0.05,"SameTimestamp",1000,"Daily","LogLik_dt",824.244756481942,NA,NA,NA,"DT",1,117
"Weekly",0.05,"SameTimestamp",1000,"Daily","AIC_dt",828.244756481942,NA,NA,NA,"DT",1,117
"Weekly",0.05,"SameTimestamp",1000,"Daily","BIC_dt",838.060267039906,NA,NA,NA,"DT",1,117
"Weekly",0.05,"SameTimestamp",1000,"Weekly","error_var_ct",1.32106253972758,0.208899267570232,0.911131343018505,1.73099373643666,"CT",1,117
"Weekly",0.05,"SameTimestamp",1000,"Weekly","beta_ct",-2.53202718888503,0.396802210775154,-3.31068767444743,-1.75336670332263,"CT",1,117
"Weekly",0.05,"SameTimestamp",1000,"Weekly","LogLik_ct",1487.80681582982,NA,NA,NA,"CT",1,117
"Weekly",0.05,"SameTimestamp",1000,"Weekly","AIC_ct",1491.80681582982,NA,NA,NA,"CT",1,117
"Weekly",0.05,"SameTimestamp",1000,"Weekly","BIC_ct",1501.62232638779,NA,NA,NA,"CT",1,117
"Weekly",0.05,"SameTimestamp",1000,"Weekly","error_var_dt",0.259221852890044,0.0115927443272144,0.236472957642723,0.281970748137366,"DT",1,117
"Weekly",0.05,"SameTimestamp",1000,"Weekly","beta_dt",0.0794976908811928,0.0315363993714391,0.0176125819260684,0.141382799836317,"DT",1,117
"Weekly",0.05,"SameTimestamp",1000,"Weekly","LogLik_dt",1487.80681582982,NA,NA,NA,"DT",1,117
"Weekly",0.05,"SameTimestamp",1000,"Weekly","AIC_dt",1491.80681582982,NA,NA,NA,"DT",1,117
"Weekly",0.05,"SameTimestamp",1000,"Weekly","BIC_dt",1501.62232638778,NA,NA,NA,"DT",1,117
"Weekly",0.05,"SameTimestamp",1000,"Monthly","error_var_ct",2.87405831316075,5.67371188350614,-8.25968824919256,14.0078048755141,"CT",1,117
"Weekly",0.05,"SameTimestamp",1000,"Monthly","beta_ct",-5.80819004536338,11.4636576763836,-28.3037735129466,16.6873934222198,"CT",1,117
"Weekly",0.05,"SameTimestamp",1000,"Monthly","LogLik_ct",1441.17699362302,NA,NA,NA,"CT",1,117
"Weekly",0.05,"SameTimestamp",1000,"Monthly","AIC_ct",1445.17699362302,NA,NA,NA,"CT",1,117
"Weekly",0.05,"SameTimestamp",1000,"Monthly","BIC_ct",1454.99250418098,NA,NA,NA,"CT",1,117
"Weekly",0.05,"SameTimestamp",1000,"Monthly","error_var_dt",0.247412061556145,0.0110645978826097,0.225699568717471,0.26912455439482,"DT",1,117
"Weekly",0.05,"SameTimestamp",1000,"Monthly","beta_dt",0.00300281302759804,0.0316130824391335,-0.0590327741081006,0.0650384001632967,"DT",1,117
"Weekly",0.05,"SameTimestamp",1000,"Monthly","LogLik_dt",1441.17699362301,NA,NA,NA,"DT",1,117
"Weekly",0.05,"SameTimestamp",1000,"Monthly","AIC_dt",1445.17699362301,NA,NA,NA,"DT",1,117
"Weekly",0.05,"SameTimestamp",1000,"Monthly","BIC_dt",1454.99250418098,NA,NA,NA,"DT",1,117
"Weekly",0.05,"SameTimestamp",1000,"Daily","error_var_ct",0.225564014608772,0.0123438658240544,0.201341164293753,0.249786864923792,"CT",1,118
"Weekly",0.05,"SameTimestamp",1000,"Daily","beta_ct",-0.425962925942325,0.0366639666857734,-0.497910060627936,-0.354015791256715,"CT",1,118
"Weekly",0.05,"SameTimestamp",1000,"Daily","LogLik_ct",952.98052564487,NA,NA,NA,"CT",1,118
"Weekly",0.05,"SameTimestamp",1000,"Daily","AIC_ct",956.98052564487,NA,NA,NA,"CT",1,118
"Weekly",0.05,"SameTimestamp",1000,"Daily","BIC_ct",966.796036202834,NA,NA,NA,"CT",1,118
"Weekly",0.05,"SameTimestamp",1000,"Daily","error_var_dt",0.151820820454695,0.00679036164802783,0.138495828419825,0.165145812489564,"DT",1,118
"Weekly",0.05,"SameTimestamp",1000,"Daily","beta_dt",0.653140564526044,0.0239465520632235,0.606149309561336,0.700131819490751,"DT",1,118
"Weekly",0.05,"SameTimestamp",1000,"Daily","LogLik_dt",952.980525644868,NA,NA,NA,"DT",1,118
"Weekly",0.05,"SameTimestamp",1000,"Daily","AIC_dt",956.980525644868,NA,NA,NA,"DT",1,118
"Weekly",0.05,"SameTimestamp",1000,"Daily","BIC_dt",966.796036202832,NA,NA,NA,"DT",1,118
"Weekly",0.05,"SameTimestamp",1000,"Weekly","error_var_ct",1.33027611419433,0.230148481866798,0.878646753834246,1.78190547455442,"CT",1,118
"Weekly",0.05,"SameTimestamp",1000,"Weekly","beta_ct",-2.67827162604846,0.459262762011031,-3.57950089231099,-1.77704235978594,"CT",1,118
"Weekly",0.05,"SameTimestamp",1000,"Weekly","LogLik_ct",1440.21680077991,NA,NA,NA,"CT",1,118
"Weekly",0.05,"SameTimestamp",1000,"Weekly","AIC_ct",1444.21680077991,NA,NA,NA,"CT",1,118
"Weekly",0.05,"SameTimestamp",1000,"Weekly","BIC_ct",1454.03231133788,NA,NA,NA,"CT",1,118
"Weekly",0.05,"SameTimestamp",1000,"Weekly","error_var_dt",0.247174513683646,0.0110539931101836,0.225482831004346,0.268866196362945,"DT",1,118
"Weekly",0.05,"SameTimestamp",1000,"Weekly","beta_dt",0.0686818292389902,0.0315393636474161,0.00679090336926989,0.13057275510871,"DT",1,118
"Weekly",0.05,"SameTimestamp",1000,"Weekly","LogLik_dt",1440.21680077992,NA,NA,NA,"DT",1,118
"Weekly",0.05,"SameTimestamp",1000,"Weekly","AIC_dt",1444.21680077992,NA,NA,NA,"DT",1,118
"Weekly",0.05,"SameTimestamp",1000,"Weekly","BIC_dt",1454.03231133788,NA,NA,NA,"DT",1,118
"Weekly",0.05,"SameTimestamp",1000,"Monthly","error_var_ct",11.0072960116638,68.8969751320693,-124.191930840721,146.206522864048,"CT",1,118
"Weekly",0.05,"SameTimestamp",1000,"Monthly","beta_ct",-21.4866866945204,134.488524718193,-285.398774671719,242.425401282678,"CT",1,118
"Weekly",0.05,"SameTimestamp",1000,"Monthly","LogLik_ct",1475.85510328172,NA,NA,NA,"CT",1,118
"Weekly",0.05,"SameTimestamp",1000,"Monthly","AIC_ct",1479.85510328172,NA,NA,NA,"CT",1,118
"Weekly",0.05,"SameTimestamp",1000,"Monthly","BIC_ct",1489.67061383969,NA,NA,NA,"CT",1,118
"Weekly",0.05,"SameTimestamp",1000,"Monthly","error_var_dt",0.255663154260741,0.011433586265967,0.233226581097034,0.278099727424448,"DT",1,118
"Weekly",0.05,"SameTimestamp",1000,"Monthly","beta_dt",-0.0432399930657305,0.0315849246167189,-0.105220325006074,0.018740338874613,"DT",1,118
"Weekly",0.05,"SameTimestamp",1000,"Monthly","LogLik_dt",1473.9827355276,NA,NA,NA,"DT",1,118
"Weekly",0.05,"SameTimestamp",1000,"Monthly","AIC_dt",1477.9827355276,NA,NA,NA,"DT",1,118
"Weekly",0.05,"SameTimestamp",1000,"Monthly","BIC_dt",1487.79824608556,NA,NA,NA,"DT",1,118
"Weekly",0.05,"SameTimestamp",1000,"Daily","error_var_ct",0.221487177322303,0.0121146310099707,0.197714163441646,0.24526019120296,"CT",1,119
"Weekly",0.05,"SameTimestamp",1000,"Daily","beta_ct",-0.425036765070485,0.0365959495501137,-0.496850427072625,-0.353223103068346,"CT",1,119
"Weekly",0.05,"SameTimestamp",1000,"Daily","LogLik_ct",935.523409814629,NA,NA,NA,"CT",1,119
"Weekly",0.05,"SameTimestamp",1000,"Daily","AIC_ct",939.523409814629,NA,NA,NA,"CT",1,119
"Weekly",0.05,"SameTimestamp",1000,"Daily","BIC_ct",949.338920372593,NA,NA,NA,"CT",1,119
"Weekly",0.05,"SameTimestamp",1000,"Daily","error_var_dt",0.149195570901283,0.00667288963596527,0.136101098786586,0.162290043015979,"DT",1,119
"Weekly",0.05,"SameTimestamp",1000,"Daily","beta_dt",0.653745732325969,0.0239245119729337,0.606797727491782,0.700693737160156,"DT",1,119
"Weekly",0.05,"SameTimestamp",1000,"Daily","LogLik_dt",935.523409814629,NA,NA,NA,"DT",1,119
"Weekly",0.05,"SameTimestamp",1000,"Daily","AIC_dt",939.523409814629,NA,NA,NA,"DT",1,119
"Weekly",0.05,"SameTimestamp",1000,"Daily","BIC_dt",949.338920372594,NA,NA,NA,"DT",1,119
"Weekly",0.05,"SameTimestamp",1000,"Weekly","error_var_ct",1.52693716467033,0.36017762771511,0.820146529765624,2.23372779957503,"CT",1,119
"Weekly",0.05,"SameTimestamp",1000,"Weekly","beta_ct",-3.15098416804405,0.738289352023883,-4.59975821647852,-1.70221011960958,"CT",1,119
"Weekly",0.05,"SameTimestamp",1000,"Weekly","LogLik_ct",1418.44476780809,NA,NA,NA,"CT",1,119
"Weekly",0.05,"SameTimestamp",1000,"Weekly","AIC_ct",1422.44476780809,NA,NA,NA,"CT",1,119
"Weekly",0.05,"SameTimestamp",1000,"Weekly","BIC_ct",1432.26027836605,NA,NA,NA,"CT",1,119
"Weekly",0.05,"SameTimestamp",1000,"Weekly","error_var_dt",0.241851253316881,0.01081592814962,0.220626734813472,0.263075771820291,"DT",1,119
"Weekly",0.05,"SameTimestamp",1000,"Weekly","beta_dt",0.0428099947221946,0.0315793722520118,-0.0191594415958932,0.104779431040282,"DT",1,119
"Weekly",0.05,"SameTimestamp",1000,"Weekly","LogLik_dt",1418.44476780808,NA,NA,NA,"DT",1,119
"Weekly",0.05,"SameTimestamp",1000,"Weekly","AIC_dt",1422.44476780808,NA,NA,NA,"DT",1,119
"Weekly",0.05,"SameTimestamp",1000,"Weekly","BIC_dt",1432.26027836605,NA,NA,NA,"DT",1,119
"Weekly",0.05,"SameTimestamp",1000,"Monthly","error_var_ct",10.2727245921212,89.3044361597272,-164.972860575279,185.518309759521,"CT",1,119
"Weekly",0.05,"SameTimestamp",1000,"Monthly","beta_ct",-18.8862969708289,164.186107881973,-341.075112996405,303.302519054747,"CT",1,119
"Weekly",0.05,"SameTimestamp",1000,"Monthly","LogLik_ct",1535.78672681394,NA,NA,NA,"CT",1,119
"Weekly",0.05,"SameTimestamp",1000,"Monthly","AIC_ct",1539.78672681394,NA,NA,NA,"CT",1,119
"Weekly",0.05,"SameTimestamp",1000,"Monthly","BIC_ct",1549.60223737191,NA,NA,NA,"CT",1,119
"Weekly",0.05,"SameTimestamp",1000,"Monthly","error_var_dt",0.271923726445699,0.0121607939675766,0.248060125189246,0.295787327702153,"DT",1,119
"Weekly",0.05,"SameTimestamp",1000,"Monthly","beta_dt",-0.0119708320776465,0.0316200787858009,-0.0740201484178336,0.0500784842625405,"DT",1,119
"Weekly",0.05,"SameTimestamp",1000,"Monthly","LogLik_dt",1535.64341049899,NA,NA,NA,"DT",1,119
"Weekly",0.05,"SameTimestamp",1000,"Monthly","AIC_dt",1539.64341049899,NA,NA,NA,"DT",1,119
"Weekly",0.05,"SameTimestamp",1000,"Monthly","BIC_dt",1549.45892105695,NA,NA,NA,"DT",1,119
"Weekly",0.05,"SameTimestamp",1000,"Daily","error_var_ct",0.222761167055786,0.0121624792728303,0.19889425865897,0.246628075452602,"CT",1,120
"Weekly",0.05,"SameTimestamp",1000,"Daily","beta_ct",-0.421093406693968,0.036342596662692,-0.49240990442388,-0.349776908964056,"CT",1,120
"Weekly",0.05,"SameTimestamp",1000,"Daily","LogLik_ct",944.677209321427,NA,NA,NA,"CT",1,120
"Weekly",0.05,"SameTimestamp",1000,"Daily","AIC_ct",948.677209321427,NA,NA,NA,"CT",1,120
"Weekly",0.05,"SameTimestamp",1000,"Daily","BIC_ct",958.492719879391,NA,NA,NA,"CT",1,120
"Weekly",0.05,"SameTimestamp",1000,"Daily","error_var_dt",0.150563862491617,0.00673418551266355,0.137349107082582,0.163778617900651,"DT",1,120
"Weekly",0.05,"SameTimestamp",1000,"Daily","beta_dt",0.656328793445798,0.0238525667201669,0.609521969592795,0.703135617298801,"DT",1,120
"Weekly",0.05,"SameTimestamp",1000,"Daily","LogLik_dt",944.677209321426,NA,NA,NA,"DT",1,120
"Weekly",0.05,"SameTimestamp",1000,"Daily","AIC_dt",948.677209321426,NA,NA,NA,"DT",1,120
"Weekly",0.05,"SameTimestamp",1000,"Daily","BIC_dt",958.49271987939,NA,NA,NA,"DT",1,120
"Weekly",0.05,"SameTimestamp",1000,"Weekly","error_var_ct",2.01001326763025,0.675722154750956,0.68401727558222,3.33600925967828,"CT",1,120
"Weekly",0.05,"SameTimestamp",1000,"Weekly","beta_ct",-3.65403027273587,1.22344043803203,-6.0548352573495,-1.25322528812224,"CT",1,120
"Weekly",0.05,"SameTimestamp",1000,"Weekly","LogLik_ct",1546.37030670458,NA,NA,NA,"CT",1,120
"Weekly",0.05,"SameTimestamp",1000,"Weekly","AIC_ct",1550.37030670458,NA,NA,NA,"CT",1,120
"Weekly",0.05,"SameTimestamp",1000,"Weekly","BIC_ct",1560.18581726254,NA,NA,NA,"CT",1,120
"Weekly",0.05,"SameTimestamp",1000,"Weekly","error_var_dt",0.274856310907281,0.0122919384105375,0.250735359785172,0.29897726202939,"DT",1,120
"Weekly",0.05,"SameTimestamp",1000,"Weekly","beta_dt",0.0258867891060838,0.0315996270381953,-0.0361223939705057,0.0878959721826733,"DT",1,120
"Weekly",0.05,"SameTimestamp",1000,"Weekly","LogLik_dt",1546.37030670453,NA,NA,NA,"DT",1,120
"Weekly",0.05,"SameTimestamp",1000,"Weekly","AIC_dt",1550.37030670453,NA,NA,NA,"DT",1,120
"Weekly",0.05,"SameTimestamp",1000,"Weekly","BIC_dt",1560.18581726249,NA,NA,NA,"DT",1,120
"Weekly",0.05,"SameTimestamp",1000,"Monthly","error_var_ct",1.46368687384049,0.273710163331733,0.926574723515255,2.00079902416573,"CT",1,120
"Weekly",0.05,"SameTimestamp",1000,"Monthly","beta_ct",-2.80134299146561,0.519435917469405,-3.82065239230075,-1.78203359063048,"CT",1,120
"Weekly",0.05,"SameTimestamp",1000,"Monthly","LogLik_ct",1491.89506794868,NA,NA,NA,"CT",1,120
"Weekly",0.05,"SameTimestamp",1000,"Monthly","AIC_ct",1495.89506794868,NA,NA,NA,"CT",1,120
"Weekly",0.05,"SameTimestamp",1000,"Monthly","BIC_ct",1505.71057850664,NA,NA,NA,"CT",1,120
"Weekly",0.05,"SameTimestamp",1000,"Monthly","error_var_dt",0.260283879106785,0.0116402677154019,0.23744172685757,0.283126031356,"DT",1,120
"Weekly",0.05,"SameTimestamp",1000,"Monthly","beta_dt",0.0607284180904577,0.0315524155452776,-0.00118812002851526,0.122644956209431,"DT",1,120
"Weekly",0.05,"SameTimestamp",1000,"Monthly","LogLik_dt",1491.89506794868,NA,NA,NA,"DT",1,120
"Weekly",0.05,"SameTimestamp",1000,"Monthly","AIC_dt",1495.89506794868,NA,NA,NA,"DT",1,120
"Weekly",0.05,"SameTimestamp",1000,"Monthly","BIC_dt",1505.71057850664,NA,NA,NA,"DT",1,120
"Weekly",0.05,"SameTimestamp",1000,"Daily","error_var_ct",0.220623633110798,0.0121317030223613,0.196817118153039,0.244430148068558,"CT",1,121
"Weekly",0.05,"SameTimestamp",1000,"Daily","beta_ct",-0.434892658108442,0.0373137807928849,-0.50811494841171,-0.361670367805174,"CT",1,121
"Weekly",0.05,"SameTimestamp",1000,"Daily","LogLik_ct",923.247636552159,NA,NA,NA,"CT",1,121
"Weekly",0.05,"SameTimestamp",1000,"Daily","AIC_ct",927.247636552159,NA,NA,NA,"CT",1,121
"Weekly",0.05,"SameTimestamp",1000,"Daily","BIC_ct",937.063147110124,NA,NA,NA,"CT",1,121
"Weekly",0.05,"SameTimestamp",1000,"Daily","error_var_dt",0.14736184189925,0.00659122988443613,0.13442761390631,0.16029606989219,"DT",1,121
"Weekly",0.05,"SameTimestamp",1000,"Daily","beta_dt",0.647334144439569,0.024154799572896,0.599934237248146,0.694734051630992,"DT",1,121
"Weekly",0.05,"SameTimestamp",1000,"Daily","LogLik_dt",923.247636552163,NA,NA,NA,"DT",1,121
"Weekly",0.05,"SameTimestamp",1000,"Daily","AIC_dt",927.247636552163,NA,NA,NA,"DT",1,121
"Weekly",0.05,"SameTimestamp",1000,"Daily","BIC_dt",937.063147110127,NA,NA,NA,"DT",1,121
"Weekly",0.05,"SameTimestamp",1000,"Weekly","error_var_ct",1.90227933824266,0.550424321989997,0.822160180164311,2.98239849632101,"CT",1,121
"Weekly",0.05,"SameTimestamp",1000,"Weekly","beta_ct",-3.44924652543491,0.99302399074821,-5.39789631067833,-1.5005967401915,"CT",1,121
"Weekly",0.05,"SameTimestamp",1000,"Weekly","LogLik_ct",1548.61700918275,NA,NA,NA,"CT",1,121
"Weekly",0.05,"SameTimestamp",1000,"Weekly","AIC_ct",1552.61700918275,NA,NA,NA,"CT",1,121
"Weekly",0.05,"SameTimestamp",1000,"Weekly","BIC_ct",1562.43251974072,NA,NA,NA,"CT",1,121
"Weekly",0.05,"SameTimestamp",1000,"Weekly","error_var_dt",0.275474479581979,0.0123196050879685,0.251299237057511,0.299649722106448,"DT",1,121
"Weekly",0.05,"SameTimestamp",1000,"Weekly","beta_dt",0.031769495054992,0.0316139003541263,-0.0302676971072619,0.0938066872172459,"DT",1,121
"Weekly",0.05,"SameTimestamp",1000,"Weekly","LogLik_dt",1548.61700918271,NA,NA,NA,"DT",1,121
"Weekly",0.05,"SameTimestamp",1000,"Weekly","AIC_dt",1552.61700918271,NA,NA,NA,"DT",1,121
"Weekly",0.05,"SameTimestamp",1000,"Weekly","BIC_dt",1562.43251974067,NA,NA,NA,"DT",1,121
"Weekly",0.05,"SameTimestamp",1000,"Monthly","error_var_ct",1.35571108612961,0.245341967495012,0.874266955147308,1.83715521711192,"CT",1,121
"Weekly",0.05,"SameTimestamp",1000,"Monthly","beta_ct",-2.75040773641022,0.493438007883999,-3.71870042324612,-1.78211504957432,"CT",1,121
"Weekly",0.05,"SameTimestamp",1000,"Monthly","LogLik_ct",1433.21605355543,NA,NA,NA,"CT",1,121
"Weekly",0.05,"SameTimestamp",1000,"Monthly","AIC_ct",1437.21605355543,NA,NA,NA,"CT",1,121
"Weekly",0.05,"SameTimestamp",1000,"Monthly","BIC_ct",1447.0315641134,NA,NA,NA,"CT",1,121
"Weekly",0.05,"SameTimestamp",1000,"Monthly","error_var_dt",0.245449989285286,0.0109768622139334,0.223909663578038,0.266990314992535,"DT",1,121
"Weekly",0.05,"SameTimestamp",1000,"Monthly","beta_dt",0.0639019128600747,0.0315464315634426,0.00199711734251557,0.125806708377634,"DT",1,121
"Weekly",0.05,"SameTimestamp",1000,"Monthly","LogLik_dt",1433.21605355544,NA,NA,NA,"DT",1,121
"Weekly",0.05,"SameTimestamp",1000,"Monthly","AIC_dt",1437.21605355544,NA,NA,NA,"DT",1,121
"Weekly",0.05,"SameTimestamp",1000,"Monthly","BIC_dt",1447.0315641134,NA,NA,NA,"DT",1,121
"Weekly",0.05,"SameTimestamp",1000,"Daily","error_var_ct",0.224337780696265,0.0124107273910314,0.199983725315361,0.248691836077168,"CT",1,122
"Weekly",0.05,"SameTimestamp",1000,"Daily","beta_ct",-0.450043358796169,0.038193249550519,-0.524991465012908,-0.37509525257943,"CT",1,122
"Weekly",0.05,"SameTimestamp",1000,"Daily","LogLik_ct",927.029505942675,NA,NA,NA,"CT",1,122
"Weekly",0.05,"SameTimestamp",1000,"Daily","AIC_ct",931.029505942675,NA,NA,NA,"CT",1,122
"Weekly",0.05,"SameTimestamp",1000,"Daily","BIC_ct",940.84501650064,NA,NA,NA,"CT",1,122
"Weekly",0.05,"SameTimestamp",1000,"Daily","error_var_dt",0.147915473252429,0.0066161245710567,0.134932393443029,0.16089855306183,"DT",1,122
"Weekly",0.05,"SameTimestamp",1000,"Daily","beta_dt",0.637600504750217,0.0243520463458966,0.589813532507568,0.685387476992866,"DT",1,122
"Weekly",0.05,"SameTimestamp",1000,"Daily","LogLik_dt",927.029505942675,NA,NA,NA,"DT",1,122
"Weekly",0.05,"SameTimestamp",1000,"Daily","AIC_dt",931.029505942675,NA,NA,NA,"DT",1,122
"Weekly",0.05,"SameTimestamp",1000,"Daily","BIC_dt",940.84501650064,NA,NA,NA,"DT",1,122
"Weekly",0.05,"SameTimestamp",1000,"Weekly","error_var_ct",1.18643497343418,0.170466818361845,0.851921273778597,1.52094867308977,"CT",1,122
"Weekly",0.05,"SameTimestamp",1000,"Weekly","beta_ct",-2.37359703430303,0.33811906107853,-3.03710128182976,-1.7100927867763,"CT",1,122
"Weekly",0.05,"SameTimestamp",1000,"Weekly","LogLik_ct",1442.56555568426,NA,NA,NA,"CT",1,122
"Weekly",0.05,"SameTimestamp",1000,"Weekly","AIC_ct",1446.56555568426,NA,NA,NA,"CT",1,122
"Weekly",0.05,"SameTimestamp",1000,"Weekly","BIC_ct",1456.38106624222,NA,NA,NA,"CT",1,122
"Weekly",0.05,"SameTimestamp",1000,"Weekly","error_var_dt",0.247755043344811,0.0110799861679164,0.226012353472493,0.26949773321713,"DT",1,122
"Weekly",0.05,"SameTimestamp",1000,"Weekly","beta_dt",0.0931450641567977,0.0314765831945082,0.0313773348233304,0.154912793490265,"DT",1,122
"Weekly",0.05,"SameTimestamp",1000,"Weekly","LogLik_dt",1442.56555568424,NA,NA,NA,"DT",1,122
"Weekly",0.05,"SameTimestamp",1000,"Weekly","AIC_dt",1446.56555568424,NA,NA,NA,"DT",1,122
"Weekly",0.05,"SameTimestamp",1000,"Weekly","BIC_dt",1456.38106624221,NA,NA,NA,"DT",1,122
"Weekly",0.05,"SameTimestamp",1000,"Monthly","error_var_ct",12.6254616906245,50.3459722542796,-86.1704072261503,111.421330607399,"CT",1,122
"Weekly",0.05,"SameTimestamp",1000,"Monthly","beta_ct",-23.6033477253044,94.1217870948293,-208.302208898711,161.095513448102,"CT",1,122
"Weekly",0.05,"SameTimestamp",1000,"Monthly","LogLik_ct",1519.05713897782,NA,NA,NA,"CT",1,122
"Weekly",0.05,"SameTimestamp",1000,"Monthly","AIC_ct",1523.05713897782,NA,NA,NA,"CT",1,122
"Weekly",0.05,"SameTimestamp",1000,"Monthly","BIC_ct",1532.87264953578,NA,NA,NA,"CT",1,122
"Weekly",0.05,"SameTimestamp",1000,"Monthly","error_var_dt",0.267275794372309,0.0119529700450693,0.243820014120923,0.290731574623696,"DT",1,122
"Weekly",0.05,"SameTimestamp",1000,"Monthly","beta_dt",-0.0255643330827271,0.0316049624111242,-0.0875839859701257,0.0364553198046715,"DT",1,122
"Weekly",0.05,"SameTimestamp",1000,"Monthly","LogLik_dt",1518.40307378443,NA,NA,NA,"DT",1,122
"Weekly",0.05,"SameTimestamp",1000,"Monthly","AIC_dt",1522.40307378443,NA,NA,NA,"DT",1,122
"Weekly",0.05,"SameTimestamp",1000,"Monthly","BIC_dt",1532.2185843424,NA,NA,NA,"DT",1,122
"Weekly",0.05,"SameTimestamp",1000,"Daily","error_var_ct",0.231177979159203,0.01262925276417,0.206395102898438,0.255960855419969,"CT",1,123
"Weekly",0.05,"SameTimestamp",1000,"Daily","beta_ct",-0.421782694350282,0.03641817255843,-0.493247497613969,-0.350317891086595,"CT",1,123
"Weekly",0.05,"SameTimestamp",1000,"Daily","LogLik_ct",981.134443731319,NA,NA,NA,"CT",1,123
"Weekly",0.05,"SameTimestamp",1000,"Daily","AIC_ct",985.134443731319,NA,NA,NA,"CT",1,123
"Weekly",0.05,"SameTimestamp",1000,"Daily","BIC_ct",994.949954289284,NA,NA,NA,"CT",1,123
"Weekly",0.05,"SameTimestamp",1000,"Daily","error_var_dt",0.156160048985603,0.00698433502728383,0.142454415407979,0.169865682563226,"DT",1,123
"Weekly",0.05,"SameTimestamp",1000,"Daily","beta_dt",0.655876547217852,0.0238860824585305,0.609003954121635,0.702749140314068,"DT",1,123
"Weekly",0.05,"SameTimestamp",1000,"Daily","LogLik_dt",981.134443731321,NA,NA,NA,"DT",1,123
"Weekly",0.05,"SameTimestamp",1000,"Daily","AIC_dt",985.134443731321,NA,NA,NA,"DT",1,123
"Weekly",0.05,"SameTimestamp",1000,"Daily","BIC_dt",994.949954289285,NA,NA,NA,"DT",1,123
"Weekly",0.05,"SameTimestamp",1000,"Weekly","error_var_ct",1.564977386659,0.400798780636085,0.778474275869237,2.35148049744876,"CT",1,123
"Weekly",0.05,"SameTimestamp",1000,"Weekly","beta_ct",-3.27166255001783,0.832855623851828,-4.90600768938833,-1.63731741064733,"CT",1,123
"Weekly",0.05,"SameTimestamp",1000,"Weekly","LogLik_ct",1405.86227051825,NA,NA,NA,"CT",1,123
"Weekly",0.05,"SameTimestamp",1000,"Weekly","AIC_ct",1409.86227051825,NA,NA,NA,"CT",1,123
"Weekly",0.05,"SameTimestamp",1000,"Weekly","BIC_ct",1419.67778107622,NA,NA,NA,"CT",1,123
"Weekly",0.05,"SameTimestamp",1000,"Weekly","error_var_dt",0.238827234835187,0.0106806762736521,0.217868126373744,0.25978634329663,"DT",1,123
"Weekly",0.05,"SameTimestamp",1000,"Weekly","beta_dt",0.0379434274257305,0.0315845143420751,-0.0240360994166456,0.0999229542681067,"DT",1,123
"Weekly",0.05,"SameTimestamp",1000,"Weekly","LogLik_dt",1405.86227051823,NA,NA,NA,"DT",1,123
"Weekly",0.05,"SameTimestamp",1000,"Weekly","AIC_dt",1409.86227051823,NA,NA,NA,"DT",1,123
"Weekly",0.05,"SameTimestamp",1000,"Weekly","BIC_dt",1419.6777810762,NA,NA,NA,"DT",1,123
"Weekly",0.05,"SameTimestamp",1000,"Monthly","error_var_ct",1.49944353811454,0.313261234135793,0.884718775861961,2.11416830036712,"CT",1,123
"Weekly",0.05,"SameTimestamp",1000,"Monthly","beta_ct",-2.97201845996935,0.616202444724399,-4.18121659895281,-1.76282032098589,"CT",1,123
"Weekly",0.05,"SameTimestamp",1000,"Monthly","LogLik_ct",1457.95784812526,NA,NA,NA,"CT",1,123
"Weekly",0.05,"SameTimestamp",1000,"Monthly","AIC_ct",1461.95784812526,NA,NA,NA,"CT",1,123
"Weekly",0.05,"SameTimestamp",1000,"Monthly","BIC_ct",1471.77335868322,NA,NA,NA,"CT",1,123
"Weekly",0.05,"SameTimestamp",1000,"Monthly","error_var_dt",0.251598851082925,0.0112518438061542,0.229518918250754,0.273678783915096,"DT",1,123
"Weekly",0.05,"SameTimestamp",1000,"Monthly","beta_dt",0.0511998558578277,0.0315996956681759,-0.0108094618940548,0.11320917360971,"DT",1,123
"Weekly",0.05,"SameTimestamp",1000,"Monthly","LogLik_dt",1457.95784812526,NA,NA,NA,"DT",1,123
"Weekly",0.05,"SameTimestamp",1000,"Monthly","AIC_dt",1461.95784812526,NA,NA,NA,"DT",1,123
"Weekly",0.05,"SameTimestamp",1000,"Monthly","BIC_dt",1471.77335868322,NA,NA,NA,"DT",1,123
"Weekly",0.05,"SameTimestamp",1000,"Daily","error_var_ct",0.212732063784559,0.0117184344066148,0.189736521982358,0.23572760558676,"CT",1,124
"Weekly",0.05,"SameTimestamp",1000,"Daily","beta_ct",-0.44051536261506,0.037592499110998,-0.514284592766504,-0.366746132463617,"CT",1,124
"Weekly",0.05,"SameTimestamp",1000,"Daily","LogLik_ct",881.918620845748,NA,NA,NA,"CT",1,124
"Weekly",0.05,"SameTimestamp",1000,"Daily","AIC_ct",885.918620845748,NA,NA,NA,"CT",1,124
"Weekly",0.05,"SameTimestamp",1000,"Daily","BIC_ct",895.734131403713,NA,NA,NA,"CT",1,124
"Weekly",0.05,"SameTimestamp",1000,"Daily","error_var_dt",0.14140862056617,0.0063246103073958,0.128997590588969,0.15381965054337,"DT",1,124
"Weekly",0.05,"SameTimestamp",1000,"Daily","beta_dt",0.643704594596263,0.0241987793280377,0.596218384212561,0.691190804979966,"DT",1,124
"Weekly",0.05,"SameTimestamp",1000,"Daily","LogLik_dt",881.918620845749,NA,NA,NA,"DT",1,124
"Weekly",0.05,"SameTimestamp",1000,"Daily","AIC_dt",885.918620845749,NA,NA,NA,"DT",1,124
"Weekly",0.05,"SameTimestamp",1000,"Daily","BIC_dt",895.734131403713,NA,NA,NA,"DT",1,124
"Weekly",0.05,"SameTimestamp",1000,"Weekly","error_var_ct",1.24588995124724,0.19183144215258,0.869451615379944,1.62232828711454,"CT",1,124
"Weekly",0.05,"SameTimestamp",1000,"Weekly","beta_ct",-2.48894110148109,0.379832120247951,-3.2343005151968,-1.74358168776538,"CT",1,124
"Weekly",0.05,"SameTimestamp",1000,"Weekly","LogLik_ct",1445.81013534915,NA,NA,NA,"CT",1,124
"Weekly",0.05,"SameTimestamp",1000,"Weekly","AIC_ct",1449.81013534915,NA,NA,NA,"CT",1,124
"Weekly",0.05,"SameTimestamp",1000,"Weekly","BIC_ct",1459.62564590711,NA,NA,NA,"CT",1,124
"Weekly",0.05,"SameTimestamp",1000,"Weekly","error_var_dt",0.248560949512442,0.0111159854339598,0.226747616873485,0.270374282151398,"DT",1,124
"Weekly",0.05,"SameTimestamp",1000,"Weekly","beta_dt",0.082997899245307,0.0315345601493046,0.0211163994676555,0.144879399022959,"DT",1,124
"Weekly",0.05,"SameTimestamp",1000,"Weekly","LogLik_dt",1445.8101353491,NA,NA,NA,"DT",1,124
"Weekly",0.05,"SameTimestamp",1000,"Weekly","AIC_dt",1449.8101353491,NA,NA,NA,"DT",1,124
"Weekly",0.05,"SameTimestamp",1000,"Weekly","BIC_dt",1459.62564590706,NA,NA,NA,"DT",1,124
"Weekly",0.05,"SameTimestamp",1000,"Monthly","error_var_ct",10.0739833911579,204.823551380884,-391.859276157207,412.007242939523,"CT",1,124
"Weekly",0.05,"SameTimestamp",1000,"Monthly","beta_ct",-20.4648957715815,416.085395594954,-836.965528508675,796.035736965512,"CT",1,124
"Weekly",0.05,"SameTimestamp",1000,"Monthly","LogLik_ct",1435.97925687975,NA,NA,NA,"CT",1,124
"Weekly",0.05,"SameTimestamp",1000,"Monthly","AIC_ct",1439.97925687975,NA,NA,NA,"CT",1,124
"Weekly",0.05,"SameTimestamp",1000,"Monthly","BIC_ct",1449.79476743772,NA,NA,NA,"CT",1,124
"Weekly",0.05,"SameTimestamp",1000,"Monthly","error_var_dt",0.246122074505035,0.0110069077624204,0.224522789243786,0.267721359766284,"DT",1,124
"Weekly",0.05,"SameTimestamp",1000,"Monthly","beta_dt",-0.00545985541776857,0.0316120591167439,-0.0674934344479498,0.0565737236124127,"DT",1,124
"Weekly",0.05,"SameTimestamp",1000,"Monthly","LogLik_dt",1435.94942737697,NA,NA,NA,"DT",1,124
"Weekly",0.05,"SameTimestamp",1000,"Monthly","AIC_dt",1439.94942737697,NA,NA,NA,"DT",1,124
"Weekly",0.05,"SameTimestamp",1000,"Monthly","BIC_dt",1449.76493793493,NA,NA,NA,"DT",1,124
"Weekly",0.05,"SameTimestamp",1000,"Daily","error_var_ct",0.231865363668128,0.0130972388245716,0.206164140071754,0.257566587264502,"CT",1,125
"Weekly",0.05,"SameTimestamp",1000,"Daily","beta_ct",-0.495948818943779,0.0411721565660009,-0.576742550815146,-0.415155087072412,"CT",1,125
"Weekly",0.05,"SameTimestamp",1000,"Daily","LogLik_ct",921.379602510681,NA,NA,NA,"CT",1,125
"Weekly",0.05,"SameTimestamp",1000,"Daily","AIC_ct",925.379602510681,NA,NA,NA,"CT",1,125
"Weekly",0.05,"SameTimestamp",1000,"Daily","BIC_ct",935.195113068645,NA,NA,NA,"CT",1,125
"Weekly",0.05,"SameTimestamp",1000,"Daily","error_var_dt",0.147064516881557,0.00657856354442294,0.134155144542636,0.159973889220478,"DT",1,125
"Weekly",0.05,"SameTimestamp",1000,"Daily","beta_dt",0.608992821735311,0.0250736354389501,0.559789847015066,0.658195796455557,"DT",1,125
"Weekly",0.05,"SameTimestamp",1000,"Daily","LogLik_dt",921.379602510678,NA,NA,NA,"DT",1,125
"Weekly",0.05,"SameTimestamp",1000,"Daily","AIC_dt",925.379602510678,NA,NA,NA,"DT",1,125
"Weekly",0.05,"SameTimestamp",1000,"Daily","BIC_dt",935.195113068642,NA,NA,NA,"DT",1,125
"Weekly",0.05,"SameTimestamp",1000,"Weekly","error_var_ct",1.4696973325381,0.322446413884825,0.83694813309958,2.10244653197662,"CT",1,125
"Weekly",0.05,"SameTimestamp",1000,"Weekly","beta_ct",-3.04185092302791,0.662550057414866,-4.34199879369688,-1.74170305235894,"CT",1,125
"Weekly",0.05,"SameTimestamp",1000,"Weekly","LogLik_ct",1415.03951960846,NA,NA,NA,"CT",1,125
"Weekly",0.05,"SameTimestamp",1000,"Weekly","AIC_ct",1419.03951960846,NA,NA,NA,"CT",1,125
"Weekly",0.05,"SameTimestamp",1000,"Weekly","BIC_ct",1428.85503016642,NA,NA,NA,"CT",1,125
"Weekly",0.05,"SameTimestamp",1000,"Weekly","error_var_dt",0.241028699257565,0.0107791484045394,0.21987635508531,0.262181043429821,"DT",1,125
"Weekly",0.05,"SameTimestamp",1000,"Weekly","beta_dt",0.0477464422851548,0.0316049406234207,-0.0142731678473818,0.109766052417691,"DT",1,125
"Weekly",0.05,"SameTimestamp",1000,"Weekly","LogLik_dt",1415.03951960846,NA,NA,NA,"DT",1,125
"Weekly",0.05,"SameTimestamp",1000,"Weekly","AIC_dt",1419.03951960846,NA,NA,NA,"DT",1,125
"Weekly",0.05,"SameTimestamp",1000,"Weekly","BIC_dt",1428.85503016642,NA,NA,NA,"DT",1,125
"Weekly",0.05,"SameTimestamp",1000,"Monthly","error_var_ct",2.59155229357824,3.35914798863625,-4.0002350828021,9.18333966995857,"CT",1,125
"Weekly",0.05,"SameTimestamp",1000,"Monthly","beta_ct",-5.38993541832017,6.98367814881387,-19.0942799776511,8.31440914101071,"CT",1,125
"Weekly",0.05,"SameTimestamp",1000,"Monthly","LogLik_ct",1412.4328457218,NA,NA,NA,"CT",1,125
"Weekly",0.05,"SameTimestamp",1000,"Monthly","AIC_ct",1416.4328457218,NA,NA,NA,"CT",1,125
"Weekly",0.05,"SameTimestamp",1000,"Monthly","BIC_ct",1426.24835627977,NA,NA,NA,"CT",1,125
"Weekly",0.05,"SameTimestamp",1000,"Monthly","error_var_dt",0.240401646348302,0.0107510738524843,0.219304393966721,0.261498898729883,"DT",1,125
"Weekly",0.05,"SameTimestamp",1000,"Monthly","beta_dt",0.00456219660484622,0.0316289152079282,-0.0575044597918161,0.0666288530015085,"DT",1,125
"Weekly",0.05,"SameTimestamp",1000,"Monthly","LogLik_dt",1412.43284572179,NA,NA,NA,"DT",1,125
"Weekly",0.05,"SameTimestamp",1000,"Monthly","AIC_dt",1416.43284572179,NA,NA,NA,"DT",1,125
"Weekly",0.05,"SameTimestamp",1000,"Monthly","BIC_dt",1426.24835627976,NA,NA,NA,"DT",1,125
"Weekly",0.05,"SameTimestamp",1000,"Daily","error_var_ct",0.206591684888719,0.0112937404261317,0.184429536681812,0.228753833095627,"CT",1,126
"Weekly",0.05,"SameTimestamp",1000,"Daily","beta_ct",-0.42366341456217,0.0365109677716521,-0.495310313499276,-0.352016515625063,"CT",1,126
"Weekly",0.05,"SameTimestamp",1000,"Daily","LogLik_ct",867.17867384777,NA,NA,NA,"CT",1,126
"Weekly",0.05,"SameTimestamp",1000,"Daily","AIC_ct",871.17867384777,NA,NA,NA,"CT",1,126
"Weekly",0.05,"SameTimestamp",1000,"Daily","BIC_ct",880.994184405735,NA,NA,NA,"CT",1,126
"Weekly",0.05,"SameTimestamp",1000,"Daily","error_var_dt",0.139326352980221,0.00623181242777628,0.127097423908816,0.151555282051626,"DT",1,126
"Weekly",0.05,"SameTimestamp",1000,"Daily","beta_dt",0.654644188314016,0.0239016024652114,0.607741139702155,0.701547236925877,"DT",1,126
"Weekly",0.05,"SameTimestamp",1000,"Daily","LogLik_dt",867.178673847769,NA,NA,NA,"DT",1,126
"Weekly",0.05,"SameTimestamp",1000,"Daily","AIC_dt",871.178673847769,NA,NA,NA,"DT",1,126
"Weekly",0.05,"SameTimestamp",1000,"Daily","BIC_dt",880.994184405733,NA,NA,NA,"DT",1,126
"Weekly",0.05,"SameTimestamp",1000,"Weekly","error_var_ct",1.49394476383882,0.31339503103703,0.878957446698049,2.10893208097959,"CT",1,126
"Weekly",0.05,"SameTimestamp",1000,"Weekly","beta_ct",-2.97809574171619,0.619994906638952,-4.19473597692713,-1.76145550650525,"CT",1,126
"Weekly",0.05,"SameTimestamp",1000,"Weekly","LogLik_ct",1452.27339970267,NA,NA,NA,"CT",1,126
"Weekly",0.05,"SameTimestamp",1000,"Weekly","AIC_ct",1456.27339970267,NA,NA,NA,"CT",1,126
"Weekly",0.05,"SameTimestamp",1000,"Weekly","BIC_ct",1466.08891026064,NA,NA,NA,"CT",1,126
"Weekly",0.05,"SameTimestamp",1000,"Weekly","error_var_dt",0.250172583704099,0.0111880639092161,0.228217808656261,0.272127358751938,"DT",1,126
"Weekly",0.05,"SameTimestamp",1000,"Weekly","beta_dt",0.0508896415638966,0.0315818878308925,-0.0110847311729397,0.112864014300733,"DT",1,126
"Weekly",0.05,"SameTimestamp",1000,"Weekly","LogLik_dt",1452.27339970267,NA,NA,NA,"DT",1,126
"Weekly",0.05,"SameTimestamp",1000,"Weekly","AIC_dt",1456.27339970267,NA,NA,NA,"DT",1,126
"Weekly",0.05,"SameTimestamp",1000,"Weekly","BIC_dt",1466.08891026064,NA,NA,NA,"DT",1,126
"Weekly",0.05,"SameTimestamp",1000,"Monthly","error_var_ct",10.3701661910805,44.3617628830222,-76.6826548086284,97.4229871907894,"CT",1,126
"Weekly",0.05,"SameTimestamp",1000,"Monthly","beta_ct",-20.8982198520598,89.3985213049116,-196.32843197678,154.53199227266,"CT",1,126
"Weekly",0.05,"SameTimestamp",1000,"Monthly","LogLik_ct",1443.99956437491,NA,NA,NA,"CT",1,126
"Weekly",0.05,"SameTimestamp",1000,"Monthly","AIC_ct",1447.99956437491,NA,NA,NA,"CT",1,126
"Weekly",0.05,"SameTimestamp",1000,"Monthly","BIC_ct",1457.81507493287,NA,NA,NA,"CT",1,126
"Weekly",0.05,"SameTimestamp",1000,"Monthly","error_var_dt",0.247810367173292,0.0110824261507587,0.226062889227285,0.269557845119298,"DT",1,126
"Weekly",0.05,"SameTimestamp",1000,"Monthly","beta_dt",-0.0348187451245206,0.031595709239869,-0.0968202401523435,0.0271827499033024,"DT",1,126
"Weekly",0.05,"SameTimestamp",1000,"Monthly","LogLik_dt",1442.78587871661,NA,NA,NA,"DT",1,126
"Weekly",0.05,"SameTimestamp",1000,"Monthly","AIC_dt",1446.78587871661,NA,NA,NA,"DT",1,126
"Weekly",0.05,"SameTimestamp",1000,"Monthly","BIC_dt",1456.60138927458,NA,NA,NA,"DT",1,126
"Weekly",0.05,"SameTimestamp",1000,"Daily","error_var_ct",0.214840129370307,0.0116476214491425,0.191983546601983,0.237696712138631,"CT",1,127
"Weekly",0.05,"SameTimestamp",1000,"Daily","beta_ct",-0.404018170242429,0.035336119739798,-0.473359618972596,-0.334676721512262,"CT",1,127
"Weekly",0.05,"SameTimestamp",1000,"Daily","LogLik_ct",923.195727124712,NA,NA,NA,"CT",1,127
"Weekly",0.05,"SameTimestamp",1000,"Daily","AIC_ct",927.195727124712,NA,NA,NA,"CT",1,127
"Weekly",0.05,"SameTimestamp",1000,"Daily","BIC_ct",937.011237682676,NA,NA,NA,"CT",1,127
"Weekly",0.05,"SameTimestamp",1000,"Daily","error_var_dt",0.147368254339966,0.00659114756247819,0.134434187890621,0.160302320789311,"DT",1,127
"Weekly",0.05,"SameTimestamp",1000,"Daily","beta_dt",0.667631995900361,0.0235914663768214,0.621337539455122,0.713926452345599,"DT",1,127
"Weekly",0.05,"SameTimestamp",1000,"Daily","LogLik_dt",923.195727124712,NA,NA,NA,"DT",1,127
"Weekly",0.05,"SameTimestamp",1000,"Daily","AIC_dt",927.195727124712,NA,NA,NA,"DT",1,127
"Weekly",0.05,"SameTimestamp",1000,"Daily","BIC_dt",937.011237682676,NA,NA,NA,"DT",1,127
"Weekly",0.05,"SameTimestamp",1000,"Weekly","error_var_ct",1.87482288570321,0.741439632536477,0.419866918703312,3.32977885270311,"CT",1,127
"Weekly",0.05,"SameTimestamp",1000,"Weekly","beta_ct",-3.87636658340257,1.52822513268072,-6.87526248556306,-0.87747068124207,"CT",1,127
"Weekly",0.05,"SameTimestamp",1000,"Weekly","LogLik_ct",1417.9161619341,NA,NA,NA,"CT",1,127
"Weekly",0.05,"SameTimestamp",1000,"Weekly","AIC_ct",1421.9161619341,NA,NA,NA,"CT",1,127
"Weekly",0.05,"SameTimestamp",1000,"Weekly","BIC_ct",1431.73167249206,NA,NA,NA,"CT",1,127
"Weekly",0.05,"SameTimestamp",1000,"Weekly","error_var_dt",0.241723466522175,0.0108102052288653,0.220510178329819,0.262936754714531,"DT",1,127
"Weekly",0.05,"SameTimestamp",1000,"Weekly","beta_dt",0.0207259796093696,0.0316117542310358,-0.0413070011316715,0.0827589603504107,"DT",1,127
"Weekly",0.05,"SameTimestamp",1000,"Weekly","LogLik_dt",1417.9161619341,NA,NA,NA,"DT",1,127
"Weekly",0.05,"SameTimestamp",1000,"Weekly","AIC_dt",1421.9161619341,NA,NA,NA,"DT",1,127
"Weekly",0.05,"SameTimestamp",1000,"Weekly","BIC_dt",1431.73167249206,NA,NA,NA,"DT",1,127
"Weekly",0.05,"SameTimestamp",1000,"Monthly","error_var_ct",9.51351807600656,51.7524037173578,-92.0422462652705,111.069282417284,"CT",1,127
"Weekly",0.05,"SameTimestamp",1000,"Monthly","beta_ct",-19.8817042826355,108.154481979964,-232.117471038455,192.354062473184,"CT",1,127
"Weekly",0.05,"SameTimestamp",1000,"Monthly","LogLik_ct",1407.64968746782,NA,NA,NA,"CT",1,127
"Weekly",0.05,"SameTimestamp",1000,"Monthly","AIC_ct",1411.64968746782,NA,NA,NA,"CT",1,127
"Weekly",0.05,"SameTimestamp",1000,"Monthly","BIC_ct",1421.46519802578,NA,NA,NA,"CT",1,127
"Weekly",0.05,"SameTimestamp",1000,"Monthly","error_var_dt",0.239253533788251,0.0106997470019825,0.218257002091305,0.260250065485196,"DT",1,127
"Weekly",0.05,"SameTimestamp",1000,"Monthly","beta_dt",-0.00202569403848818,0.0316080054477802,-0.0640513183956412,0.0599999303186648,"DT",1,127
"Weekly",0.05,"SameTimestamp",1000,"Monthly","LogLik_dt",1407.64558024769,NA,NA,NA,"DT",1,127
"Weekly",0.05,"SameTimestamp",1000,"Monthly","AIC_dt",1411.64558024769,NA,NA,NA,"DT",1,127
"Weekly",0.05,"SameTimestamp",1000,"Monthly","BIC_dt",1421.46109080566,NA,NA,NA,"DT",1,127
"Weekly",0.05,"SameTimestamp",1000,"Daily","error_var_ct",0.240794167509267,0.0137092783939018,0.213891914746984,0.26769642027155,"CT",1,128
"Weekly",0.05,"SameTimestamp",1000,"Daily","beta_ct",-0.513436009831726,0.0423391980142555,-0.596519872745947,-0.430352146917505,"CT",1,128
"Weekly",0.05,"SameTimestamp",1000,"Daily","LogLik_ct",944.293132428244,NA,NA,NA,"CT",1,128
"Weekly",0.05,"SameTimestamp",1000,"Daily","AIC_ct",948.293132428244,NA,NA,NA,"CT",1,128
"Weekly",0.05,"SameTimestamp",1000,"Daily","BIC_ct",958.108642986208,NA,NA,NA,"CT",1,128
"Weekly",0.05,"SameTimestamp",1000,"Daily","error_var_dt",0.150514999032173,0.00673176631002123,0.137304990919027,0.163725007145318,"DT",1,128
"Weekly",0.05,"SameTimestamp",1000,"Daily","beta_dt",0.598435800272692,0.0253372092578017,0.548715604347031,0.648155996198353,"DT",1,128
"Weekly",0.05,"SameTimestamp",1000,"Daily","LogLik_dt",944.293132428238,NA,NA,NA,"DT",1,128
"Weekly",0.05,"SameTimestamp",1000,"Daily","AIC_dt",948.293132428238,NA,NA,NA,"DT",1,128
"Weekly",0.05,"SameTimestamp",1000,"Daily","BIC_dt",958.108642986202,NA,NA,NA,"DT",1,128
"Weekly",0.05,"SameTimestamp",1000,"Weekly","error_var_ct",1.49179840724736,0.316786860270831,0.870155171045616,2.11344164344911,"CT",1,128
"Weekly",0.05,"SameTimestamp",1000,"Weekly","beta_ct",-2.99306366951672,0.630815889350071,-4.23093834199463,-1.7551889970388,"CT",1,128
"Weekly",0.05,"SameTimestamp",1000,"Weekly","LogLik_ct",1445.89831693095,NA,NA,NA,"CT",1,128
"Weekly",0.05,"SameTimestamp",1000,"Weekly","AIC_ct",1449.89831693095,NA,NA,NA,"CT",1,128
"Weekly",0.05,"SameTimestamp",1000,"Weekly","BIC_ct",1459.71382748891,NA,NA,NA,"CT",1,128
"Weekly",0.05,"SameTimestamp",1000,"Weekly","error_var_dt",0.248582909974365,0.0111169580736326,0.226767668686567,0.270398151262163,"DT",1,128
"Weekly",0.05,"SameTimestamp",1000,"Weekly","beta_dt",0.0501335998293168,0.0315848585411847,-0.0118466024484237,0.112113802107057,"DT",1,128
"Weekly",0.05,"SameTimestamp",1000,"Weekly","LogLik_dt",1445.89831693095,NA,NA,NA,"DT",1,128
"Weekly",0.05,"SameTimestamp",1000,"Weekly","AIC_dt",1449.89831693095,NA,NA,NA,"DT",1,128
"Weekly",0.05,"SameTimestamp",1000,"Weekly","BIC_dt",1459.71382748891,NA,NA,NA,"DT",1,128
"Weekly",0.05,"SameTimestamp",1000,"Monthly","error_var_ct",3.48151754765572,14.0370101127151,-24.0638559744805,31.026891069792,"CT",1,128
"Weekly",0.05,"SameTimestamp",1000,"Monthly","beta_ct",-6.85606841164367,27.6417508482472,-61.0985563636257,47.3864195403384,"CT",1,128
"Weekly",0.05,"SameTimestamp",1000,"Monthly","LogLik_ct",1467.06290685838,NA,NA,NA,"CT",1,128
"Weekly",0.05,"SameTimestamp",1000,"Monthly","AIC_ct",1471.06290685838,NA,NA,NA,"CT",1,128
"Weekly",0.05,"SameTimestamp",1000,"Monthly","BIC_ct",1480.87841741635,NA,NA,NA,"CT",1,128
"Weekly",0.05,"SameTimestamp",1000,"Monthly","error_var_dt",0.253900168134415,0.0113547505964135,0.231618297286036,0.276182038982794,"DT",1,128
"Weekly",0.05,"SameTimestamp",1000,"Monthly","beta_dt",0.00105302727593772,0.0316085037568081,-0.0609735749324952,0.0630796294843707,"DT",1,128
"Weekly",0.05,"SameTimestamp",1000,"Monthly","LogLik_dt",1467.06290685838,NA,NA,NA,"DT",1,128
"Weekly",0.05,"SameTimestamp",1000,"Monthly","AIC_dt",1471.06290685838,NA,NA,NA,"DT",1,128
"Weekly",0.05,"SameTimestamp",1000,"Monthly","BIC_dt",1480.87841741634,NA,NA,NA,"DT",1,128
"Weekly",0.05,"SameTimestamp",1000,"Daily","error_var_ct",0.215099571259012,0.0119496156767091,0.19165037341575,0.238548769102274,"CT",1,129
"Weekly",0.05,"SameTimestamp",1000,"Daily","beta_ct",-0.458586834134282,0.038777560891889,-0.534681557331561,-0.382492110937002,"CT",1,129
"Weekly",0.05,"SameTimestamp",1000,"Daily","LogLik_ct",877.730289486882,NA,NA,NA,"CT",1,129
"Weekly",0.05,"SameTimestamp",1000,"Daily","AIC_ct",881.730289486882,NA,NA,NA,"CT",1,129
"Weekly",0.05,"SameTimestamp",1000,"Daily","BIC_ct",891.545800044846,NA,NA,NA,"CT",1,129
"Weekly",0.05,"SameTimestamp",1000,"Daily","error_var_dt",0.140797374204757,0.00629780270590654,0.128438949831622,0.153155798577892,"DT",1,129
"Weekly",0.05,"SameTimestamp",1000,"Daily","beta_dt",0.632176357159469,0.0245143503257075,0.584070889474264,0.680281824844674,"DT",1,129
"Weekly",0.05,"SameTimestamp",1000,"Daily","LogLik_dt",877.73028948686,NA,NA,NA,"DT",1,129
"Weekly",0.05,"SameTimestamp",1000,"Daily","AIC_dt",881.73028948686,NA,NA,NA,"DT",1,129
"Weekly",0.05,"SameTimestamp",1000,"Daily","BIC_dt",891.545800044825,NA,NA,NA,"DT",1,129
"Weekly",0.05,"SameTimestamp",1000,"Weekly","error_var_ct",1.56239362812692,0.31462037662934,0.945001767442843,2.179785488811,"CT",1,129
"Weekly",0.05,"SameTimestamp",1000,"Weekly","beta_ct",-2.91394619779182,0.582169141375627,-4.05635945556437,-1.77153294001927,"CT",1,129
"Weekly",0.05,"SameTimestamp",1000,"Weekly","LogLik_ct",1518.49305077153,NA,NA,NA,"CT",1,129
"Weekly",0.05,"SameTimestamp",1000,"Weekly","AIC_ct",1522.49305077153,NA,NA,NA,"CT",1,129
"Weekly",0.05,"SameTimestamp",1000,"Weekly","BIC_ct",1532.30856132949,NA,NA,NA,"CT",1,129
"Weekly",0.05,"SameTimestamp",1000,"Weekly","error_var_dt",0.267299630178635,0.0119540096887529,0.243841809793818,0.290757450563453,"DT",1,129
"Weekly",0.05,"SameTimestamp",1000,"Weekly","beta_dt",0.0542611321419286,0.0315973237392084,-0.00774353108104394,0.116265795364901,"DT",1,129
"Weekly",0.05,"SameTimestamp",1000,"Weekly","LogLik_dt",1518.49305077153,NA,NA,NA,"DT",1,129
"Weekly",0.05,"SameTimestamp",1000,"Weekly","AIC_dt",1522.49305077153,NA,NA,NA,"DT",1,129
"Weekly",0.05,"SameTimestamp",1000,"Weekly","BIC_dt",1532.30856132949,NA,NA,NA,"DT",1,129
"Weekly",0.05,"SameTimestamp",1000,"Monthly","error_var_ct",1.87780219070839,0.629096678832829,0.643301192216635,3.11230318920015,"CT",1,129
"Weekly",0.05,"SameTimestamp",1000,"Monthly","beta_ct",-3.65855802244025,1.22073865653411,-6.05406119563266,-1.26305484924783,"CT",1,129
"Weekly",0.05,"SameTimestamp",1000,"Monthly","LogLik_ct",1477.0987480186,NA,NA,NA,"CT",1,129
"Weekly",0.05,"SameTimestamp",1000,"Monthly","AIC_ct",1481.0987480186,NA,NA,NA,"CT",1,129
"Weekly",0.05,"SameTimestamp",1000,"Monthly","BIC_ct",1490.91425857656,NA,NA,NA,"CT",1,129
"Weekly",0.05,"SameTimestamp",1000,"Monthly","error_var_dt",0.256461030993793,0.0114692852137555,0.233954404389696,0.27896765759789,"DT",1,129
"Weekly",0.05,"SameTimestamp",1000,"Monthly","beta_dt",0.0257695729547993,0.0316090693731703,-0.0362581391847258,0.0877972850943244,"DT",1,129
"Weekly",0.05,"SameTimestamp",1000,"Monthly","LogLik_dt",1477.09874801859,NA,NA,NA,"DT",1,129
"Weekly",0.05,"SameTimestamp",1000,"Monthly","AIC_dt",1481.09874801859,NA,NA,NA,"DT",1,129
"Weekly",0.05,"SameTimestamp",1000,"Monthly","BIC_dt",1490.91425857655,NA,NA,NA,"DT",1,129
"Weekly",0.05,"SameTimestamp",1000,"Daily","error_var_ct",0.218668939854087,0.0118226051565695,0.195468979718171,0.241868899990004,"CT",1,130
"Weekly",0.05,"SameTimestamp",1000,"Daily","beta_ct",-0.399568892028528,0.0349708174742641,-0.468193493846724,-0.330944290210333,"CT",1,130
"Weekly",0.05,"SameTimestamp",1000,"Daily","LogLik_ct",944.773465423177,NA,NA,NA,"CT",1,130
"Weekly",0.05,"SameTimestamp",1000,"Daily","AIC_ct",948.773465423177,NA,NA,NA,"CT",1,130
"Weekly",0.05,"SameTimestamp",1000,"Daily","BIC_ct",958.588975981142,NA,NA,NA,"CT",1,130
"Weekly",0.05,"SameTimestamp",1000,"Daily","error_var_dt",0.150574661276515,0.00673475945030588,0.137358779607215,0.163790542945815,"DT",1,130
"Weekly",0.05,"SameTimestamp",1000,"Daily","beta_dt",0.670609074009333,0.0234518107859483,0.624588669187921,0.716629478830746,"DT",1,130
"Weekly",0.05,"SameTimestamp",1000,"Daily","LogLik_dt",944.773465423177,NA,NA,NA,"DT",1,130
"Weekly",0.05,"SameTimestamp",1000,"Daily","AIC_dt",948.773465423177,NA,NA,NA,"DT",1,130
"Weekly",0.05,"SameTimestamp",1000,"Daily","BIC_dt",958.588975981141,NA,NA,NA,"DT",1,130
"Weekly",0.05,"SameTimestamp",1000,"Weekly","error_var_ct",1.21071510355727,0.167052489033802,0.882901475776914,1.53852873133762,"CT",1,130
"Weekly",0.05,"SameTimestamp",1000,"Weekly","beta_ct",-2.30630262908708,0.315645743080908,-2.92570660643124,-1.68689865174292,"CT",1,130
"Weekly",0.05,"SameTimestamp",1000,"Weekly","LogLik_ct",1490.32124172971,NA,NA,NA,"CT",1,130
"Weekly",0.05,"SameTimestamp",1000,"Weekly","AIC_ct",1494.32124172971,NA,NA,NA,"CT",1,130
"Weekly",0.05,"SameTimestamp",1000,"Weekly","BIC_ct",1504.13675228767,NA,NA,NA,"CT",1,130
"Weekly",0.05,"SameTimestamp",1000,"Weekly","error_var_dt",0.259874293101583,0.0116219615131551,0.237068063828458,0.282680522374707,"DT",1,130
"Weekly",0.05,"SameTimestamp",1000,"Weekly","beta_dt",0.0996289036266387,0.031454440411844,0.0379046259409516,0.161353181312326,"DT",1,130
"Weekly",0.05,"SameTimestamp",1000,"Weekly","LogLik_dt",1490.32124172971,NA,NA,NA,"DT",1,130
"Weekly",0.05,"SameTimestamp",1000,"Weekly","AIC_dt",1494.32124172971,NA,NA,NA,"DT",1,130
"Weekly",0.05,"SameTimestamp",1000,"Weekly","BIC_dt",1504.13675228767,NA,NA,NA,"DT",1,130
"Weekly",0.05,"SameTimestamp",1000,"Monthly","error_var_ct",10.4293082716567,96.1507050412516,-178.250977879804,199.109594423117,"CT",1,130
"Weekly",0.05,"SameTimestamp",1000,"Monthly","beta_ct",-21.2908746072245,196.282239256893,-406.463183573145,363.881434358696,"CT",1,130
"Weekly",0.05,"SameTimestamp",1000,"Monthly","LogLik_ct",1431.0718311444,NA,NA,NA,"CT",1,130
"Weekly",0.05,"SameTimestamp",1000,"Monthly","AIC_ct",1435.0718311444,NA,NA,NA,"CT",1,130
"Weekly",0.05,"SameTimestamp",1000,"Monthly","BIC_ct",1444.88734170236,NA,NA,NA,"CT",1,130
"Weekly",0.05,"SameTimestamp",1000,"Monthly","error_var_dt",0.244648289284711,0.0109410105992531,0.22317831660206,0.266118261967361,"DT",1,130
"Weekly",0.05,"SameTimestamp",1000,"Monthly","beta_dt",-0.0335696386725375,0.0315936492976504,-0.0955670913952407,0.0284278140501657,"DT",1,130
"Weekly",0.05,"SameTimestamp",1000,"Monthly","LogLik_dt",1429.94348141995,NA,NA,NA,"DT",1,130
"Weekly",0.05,"SameTimestamp",1000,"Monthly","AIC_dt",1433.94348141995,NA,NA,NA,"DT",1,130
"Weekly",0.05,"SameTimestamp",1000,"Monthly","BIC_dt",1443.75899197791,NA,NA,NA,"DT",1,130
"Weekly",0.05,"SameTimestamp",1000,"Daily","error_var_ct",0.222589125560664,0.0120462683867822,0.198950262327158,0.24622798879417,"CT",1,131
"Weekly",0.05,"SameTimestamp",1000,"Daily","beta_ct",-0.401480600293209,0.0351060359126097,-0.470370546537418,-0.332590654048999,"CT",1,131
"Weekly",0.05,"SameTimestamp",1000,"Daily","LogLik_ct",960.836298854001,NA,NA,NA,"CT",1,131
"Weekly",0.05,"SameTimestamp",1000,"Daily","AIC_ct",964.836298854001,NA,NA,NA,"CT",1,131
"Weekly",0.05,"SameTimestamp",1000,"Daily","BIC_ct",974.651809411965,NA,NA,NA,"CT",1,131
"Weekly",0.05,"SameTimestamp",1000,"Daily","error_var_dt",0.153019988637964,0.00684394915453987,0.139589839744822,0.166450137531107,"DT",1,131
"Weekly",0.05,"SameTimestamp",1000,"Daily","beta_dt",0.669328318459011,0.0234973882810765,0.623218475137702,0.71543816178032,"DT",1,131
"Weekly",0.05,"SameTimestamp",1000,"Daily","LogLik_dt",960.836298853999,NA,NA,NA,"DT",1,131
"Weekly",0.05,"SameTimestamp",1000,"Daily","AIC_dt",964.836298853999,NA,NA,NA,"DT",1,131
"Weekly",0.05,"SameTimestamp",1000,"Daily","BIC_dt",974.651809411963,NA,NA,NA,"DT",1,131
"Weekly",0.05,"SameTimestamp",1000,"Weekly","error_var_ct",1.30839346736417,0.225806211599132,0.865285113649832,1.7515018210785,"CT",1,131
"Weekly",0.05,"SameTimestamp",1000,"Weekly","beta_ct",-2.67439826381698,0.457466702931231,-3.57210305315574,-1.77669347447822,"CT",1,131
"Weekly",0.05,"SameTimestamp",1000,"Weekly","LogLik_ct",1425.04057119685,NA,NA,NA,"CT",1,131
"Weekly",0.05,"SameTimestamp",1000,"Weekly","AIC_ct",1429.04057119685,NA,NA,NA,"CT",1,131
"Weekly",0.05,"SameTimestamp",1000,"Weekly","BIC_ct",1438.85608175482,NA,NA,NA,"CT",1,131
"Weekly",0.05,"SameTimestamp",1000,"Weekly","error_var_dt",0.243451713744243,0.0108874783835922,0.222086789420467,0.264816638068019,"DT",1,131
"Weekly",0.05,"SameTimestamp",1000,"Weekly","beta_dt",0.0689483923121464,0.0315326038054878,0.0070707315444223,0.130826053079871,"DT",1,131
"Weekly",0.05,"SameTimestamp",1000,"Weekly","LogLik_dt",1425.04057119686,NA,NA,NA,"DT",1,131
"Weekly",0.05,"SameTimestamp",1000,"Weekly","AIC_dt",1429.04057119686,NA,NA,NA,"DT",1,131
"Weekly",0.05,"SameTimestamp",1000,"Weekly","BIC_dt",1438.85608175483,NA,NA,NA,"DT",1,131
"Weekly",0.05,"SameTimestamp",1000,"Monthly","error_var_ct",11.5121645064688,62.4905025520864,-111.115390831973,134.13971984491,"CT",1,131
"Weekly",0.05,"SameTimestamp",1000,"Monthly","beta_ct",-23.1366279249217,125.590396421732,-269.587570999768,223.314315149925,"CT",1,131
"Weekly",0.05,"SameTimestamp",1000,"Monthly","LogLik_ct",1446.71720943312,NA,NA,NA,"CT",1,131
"Weekly",0.05,"SameTimestamp",1000,"Monthly","AIC_ct",1450.71720943312,NA,NA,NA,"CT",1,131
"Weekly",0.05,"SameTimestamp",1000,"Monthly","BIC_ct",1460.53271999108,NA,NA,NA,"CT",1,131
"Weekly",0.05,"SameTimestamp",1000,"Monthly","error_var_dt",0.247967840769085,0.0110894615208248,0.22620655704145,0.26972912449672,"DT",1,131
"Weekly",0.05,"SameTimestamp",1000,"Monthly","beta_dt",-0.0573405707931445,0.0315567973099923,-0.11926570742026,0.00458456583397093,"DT",1,131
"Weekly",0.05,"SameTimestamp",1000,"Monthly","LogLik_dt",1443.42092473836,NA,NA,NA,"DT",1,131
"Weekly",0.05,"SameTimestamp",1000,"Monthly","AIC_dt",1447.42092473836,NA,NA,NA,"DT",1,131
"Weekly",0.05,"SameTimestamp",1000,"Monthly","BIC_dt",1457.23643529632,NA,NA,NA,"DT",1,131
"Weekly",0.05,"SameTimestamp",1000,"Daily","error_var_ct",0.219555045830632,0.0119628757996404,0.196079827129925,0.243030264531339,"CT",1,132
"Weekly",0.05,"SameTimestamp",1000,"Daily","beta_ct",-0.415917215104095,0.0360435055978862,-0.486646794748813,-0.345187635459378,"CT",1,132
"Weekly",0.05,"SameTimestamp",1000,"Daily","LogLik_ct",934.681158862292,NA,NA,NA,"CT",1,132
"Weekly",0.05,"SameTimestamp",1000,"Daily","AIC_ct",938.681158862292,NA,NA,NA,"CT",1,132
"Weekly",0.05,"SameTimestamp",1000,"Daily","BIC_ct",948.496669420256,NA,NA,NA,"CT",1,132
"Weekly",0.05,"SameTimestamp",1000,"Daily","error_var_dt",0.149060525921294,0.00666709478114976,0.13597742527667,0.162143626565918,"DT",1,132
"Weekly",0.05,"SameTimestamp",1000,"Daily","beta_dt",0.659734890256351,0.0237788781059256,0.613072668450886,0.706397112061816,"DT",1,132
"Weekly",0.05,"SameTimestamp",1000,"Daily","LogLik_dt",934.681158862293,NA,NA,NA,"DT",1,132
"Weekly",0.05,"SameTimestamp",1000,"Daily","AIC_dt",938.681158862293,NA,NA,NA,"DT",1,132
"Weekly",0.05,"SameTimestamp",1000,"Daily","BIC_dt",948.496669420258,NA,NA,NA,"DT",1,132
"Weekly",0.05,"SameTimestamp",1000,"Weekly","error_var_ct",2.45646616983411,2.45617154223647,-2.36337523671019,7.27630757637841,"CT",1,132
"Weekly",0.05,"SameTimestamp",1000,"Weekly","beta_ct",-5.04795711006718,5.04409414862499,-14.9461801852818,4.85026596514744,"CT",1,132
"Weekly",0.05,"SameTimestamp",1000,"Weekly","LogLik_ct",1424.42893709843,NA,NA,NA,"CT",1,132
"Weekly",0.05,"SameTimestamp",1000,"Weekly","AIC_ct",1428.42893709843,NA,NA,NA,"CT",1,132
"Weekly",0.05,"SameTimestamp",1000,"Weekly","BIC_ct",1438.24444765639,NA,NA,NA,"CT",1,132
"Weekly",0.05,"SameTimestamp",1000,"Weekly","error_var_dt",0.243302895963152,0.0108808277550115,0.221951022427753,0.264654769498552,"DT",1,132
"Weekly",0.05,"SameTimestamp",1000,"Weekly","beta_dt",0.00642240405988507,0.0316088558971848,-0.0556048891673709,0.068449697287141,"DT",1,132
"Weekly",0.05,"SameTimestamp",1000,"Weekly","LogLik_dt",1424.42893709842,NA,NA,NA,"DT",1,132
"Weekly",0.05,"SameTimestamp",1000,"Weekly","AIC_dt",1428.42893709842,NA,NA,NA,"DT",1,132
"Weekly",0.05,"SameTimestamp",1000,"Weekly","BIC_dt",1438.24444765638,NA,NA,NA,"DT",1,132
"Weekly",0.05,"SameTimestamp",1000,"Monthly","error_var_ct",13.8150916820617,50.6182421321736,-85.5150630566364,113.14524642076,"CT",1,132
"Weekly",0.05,"SameTimestamp",1000,"Monthly","beta_ct",-26.8551303497167,98.39750400094,-219.944397906534,166.234137207101,"CT",1,132
"Weekly",0.05,"SameTimestamp",1000,"Monthly","LogLik_ct",1480.03436743737,NA,NA,NA,"CT",1,132
"Weekly",0.05,"SameTimestamp",1000,"Monthly","AIC_ct",1484.03436743737,NA,NA,NA,"CT",1,132
"Weekly",0.05,"SameTimestamp",1000,"Monthly","BIC_ct",1493.84987799534,NA,NA,NA,"CT",1,132
"Weekly",0.05,"SameTimestamp",1000,"Monthly","error_var_dt",0.256447829541587,0.0114687173103538,0.23394231735653,0.278953341726645,"DT",1,132
"Weekly",0.05,"SameTimestamp",1000,"Monthly","beta_dt",-0.0545999747410831,0.0315700836908281,-0.116551183752555,0.0073512342703892,"DT",1,132
"Weekly",0.05,"SameTimestamp",1000,"Monthly","LogLik_dt",1477.0476095308,NA,NA,NA,"DT",1,132
"Weekly",0.05,"SameTimestamp",1000,"Monthly","AIC_dt",1481.0476095308,NA,NA,NA,"DT",1,132
"Weekly",0.05,"SameTimestamp",1000,"Monthly","BIC_dt",1490.86312008876,NA,NA,NA,"DT",1,132
"Weekly",0.05,"SameTimestamp",1000,"Daily","error_var_ct",0.191887912574739,0.0104191162259086,0.171442073616966,0.212333751532512,"CT",1,133
"Weekly",0.05,"SameTimestamp",1000,"Daily","beta_ct",-0.408832229901095,0.0355651592253925,-0.478623131764896,-0.339041328037293,"CT",1,133
"Weekly",0.05,"SameTimestamp",1000,"Daily","LogLik_ct",806.078296407376,NA,NA,NA,"CT",1,133
"Weekly",0.05,"SameTimestamp",1000,"Daily","AIC_ct",810.078296407376,NA,NA,NA,"CT",1,133
"Weekly",0.05,"SameTimestamp",1000,"Daily","BIC_ct",819.89380696534,NA,NA,NA,"CT",1,133
"Weekly",0.05,"SameTimestamp",1000,"Daily","error_var_dt",0.131076734050544,0.00586260697036476,0.119572311277072,0.142581156824016,"DT",1,133
"Weekly",0.05,"SameTimestamp",1000,"Daily","beta_dt",0.664425698920802,0.0236306388818705,0.618054372738012,0.710797025103593,"DT",1,133
"Weekly",0.05,"SameTimestamp",1000,"Daily","LogLik_dt",806.078296407377,NA,NA,NA,"DT",1,133
"Weekly",0.05,"SameTimestamp",1000,"Daily","AIC_dt",810.078296407377,NA,NA,NA,"DT",1,133
"Weekly",0.05,"SameTimestamp",1000,"Daily","BIC_dt",819.893806965341,NA,NA,NA,"DT",1,133
"Weekly",0.05,"SameTimestamp",1000,"Weekly","error_var_ct",1.33792409684106,0.229235311349897,0.888086686673749,1.78776150700838,"CT",1,133
"Weekly",0.05,"SameTimestamp",1000,"Weekly","beta_ct",-2.66199594762528,0.452081339949064,-3.54913282871969,-1.77485906653086,"CT",1,133
"Weekly",0.05,"SameTimestamp",1000,"Weekly","LogLik_ct",1451.88785774589,NA,NA,NA,"CT",1,133
"Weekly",0.05,"SameTimestamp",1000,"Weekly","AIC_ct",1455.88785774589,NA,NA,NA,"CT",1,133
"Weekly",0.05,"SameTimestamp",1000,"Weekly","BIC_ct",1465.70336830385,NA,NA,NA,"CT",1,133
"Weekly",0.05,"SameTimestamp",1000,"Weekly","error_var_dt",0.2500762607076,0.0111837502952974,0.228129950432934,0.272022570982266,"DT",1,133
"Weekly",0.05,"SameTimestamp",1000,"Weekly","beta_dt",0.0698087784697956,0.0315682587226593,0.00786115066468211,0.131756406274909,"DT",1,133
"Weekly",0.05,"SameTimestamp",1000,"Weekly","LogLik_dt",1451.88785774589,NA,NA,NA,"DT",1,133
"Weekly",0.05,"SameTimestamp",1000,"Weekly","AIC_dt",1455.88785774589,NA,NA,NA,"DT",1,133
"Weekly",0.05,"SameTimestamp",1000,"Weekly","BIC_dt",1465.70336830385,NA,NA,NA,"DT",1,133
"Weekly",0.05,"SameTimestamp",1000,"Monthly","error_var_ct",11.4685525780532,64.621924666327,-115.3415756729,138.278680829007,"CT",1,133
"Weekly",0.05,"SameTimestamp",1000,"Monthly","beta_ct",-22.0816620254218,124.422995126176,-266.24176791499,222.078443864146,"CT",1,133
"Weekly",0.05,"SameTimestamp",1000,"Monthly","LogLik_ct",1489.59141953338,NA,NA,NA,"CT",1,133
"Weekly",0.05,"SameTimestamp",1000,"Monthly","AIC_ct",1493.59141953338,NA,NA,NA,"CT",1,133
"Weekly",0.05,"SameTimestamp",1000,"Monthly","BIC_ct",1503.40693009134,NA,NA,NA,"CT",1,133
"Weekly",0.05,"SameTimestamp",1000,"Monthly","error_var_dt",0.259523689040542,0.0116062524685678,0.236748286239533,0.28229909184155,"DT",1,133
"Weekly",0.05,"SameTimestamp",1000,"Monthly","beta_dt",-0.024922294255917,0.0316050489506174,-0.0869421169631452,0.0370975284513113,"DT",1,133
"Weekly",0.05,"SameTimestamp",1000,"Monthly","LogLik_dt",1488.96979712392,NA,NA,NA,"DT",1,133
"Weekly",0.05,"SameTimestamp",1000,"Monthly","AIC_dt",1492.96979712392,NA,NA,NA,"DT",1,133
"Weekly",0.05,"SameTimestamp",1000,"Monthly","BIC_dt",1502.78530768188,NA,NA,NA,"DT",1,133
"Weekly",0.05,"SameTimestamp",1000,"Daily","error_var_ct",0.195560872433212,0.0104431071290644,0.175067955188592,0.216053789677832,"CT",1,134
"Weekly",0.05,"SameTimestamp",1000,"Daily","beta_ct",-0.37208309343618,0.0332354958263643,-0.437302405766898,-0.306863781105463,"CT",1,134
"Weekly",0.05,"SameTimestamp",1000,"Daily","LogLik_ct",857.287111257032,NA,NA,NA,"CT",1,134
"Weekly",0.05,"SameTimestamp",1000,"Daily","AIC_ct",861.287111257032,NA,NA,NA,"CT",1,134
"Weekly",0.05,"SameTimestamp",1000,"Daily","BIC_ct",871.102621814996,NA,NA,NA,"CT",1,134
"Weekly",0.05,"SameTimestamp",1000,"Daily","error_var_dt",0.137931523565125,0.0061699746881709,0.125823941106818,0.150039106023433,"DT",1,134
"Weekly",0.05,"SameTimestamp",1000,"Daily","beta_dt",0.689296966080461,0.0229091471053659,0.6443414514072,0.734252480753721,"DT",1,134
"Weekly",0.05,"SameTimestamp",1000,"Daily","LogLik_dt",857.287111257032,NA,NA,NA,"DT",1,134
"Weekly",0.05,"SameTimestamp",1000,"Daily","AIC_dt",861.287111257032,NA,NA,NA,"DT",1,134
"Weekly",0.05,"SameTimestamp",1000,"Daily","BIC_dt",871.102621814996,NA,NA,NA,"DT",1,134
"Weekly",0.05,"SameTimestamp",1000,"Weekly","error_var_ct",1.34189624877934,0.204111387036841,0.941360497155262,1.74243200040342,"CT",1,134
"Weekly",0.05,"SameTimestamp",1000,"Weekly","beta_ct",-2.46889020833811,0.372184793380981,-3.19924297367891,-1.73853744299731,"CT",1,134
"Weekly",0.05,"SameTimestamp",1000,"Weekly","LogLik_ct",1527.85192111496,NA,NA,NA,"CT",1,134
"Weekly",0.05,"SameTimestamp",1000,"Weekly","AIC_ct",1531.85192111496,NA,NA,NA,"CT",1,134
"Weekly",0.05,"SameTimestamp",1000,"Weekly","BIC_ct",1541.66743167292,NA,NA,NA,"CT",1,134
"Weekly",0.05,"SameTimestamp",1000,"Weekly","error_var_dt",0.26981235858984,0.0120664091283648,0.246133972392009,0.293490744787671,"DT",1,134
"Weekly",0.05,"SameTimestamp",1000,"Weekly","beta_dt",0.0846787745491764,0.0315041173976768,0.022857013772772,0.146500535325581,"DT",1,134
"Weekly",0.05,"SameTimestamp",1000,"Weekly","LogLik_dt",1527.85192111495,NA,NA,NA,"DT",1,134
"Weekly",0.05,"SameTimestamp",1000,"Weekly","AIC_dt",1531.85192111495,NA,NA,NA,"DT",1,134
"Weekly",0.05,"SameTimestamp",1000,"Weekly","BIC_dt",1541.66743167292,NA,NA,NA,"DT",1,134
"Weekly",0.05,"SameTimestamp",1000,"Monthly","error_var_ct",10.9257852899946,81.5091781608604,-149.022860461104,170.874431041093,"CT",1,134
"Weekly",0.05,"SameTimestamp",1000,"Monthly","beta_ct",-21.1994264327377,158.150960190506,-331.54523628479,289.146383419314,"CT",1,134
"Weekly",0.05,"SameTimestamp",1000,"Monthly","LogLik_ct",1481.88163155561,NA,NA,NA,"CT",1,134
"Weekly",0.05,"SameTimestamp",1000,"Monthly","AIC_ct",1485.88163155561,NA,NA,NA,"CT",1,134
"Weekly",0.05,"SameTimestamp",1000,"Monthly","BIC_ct",1495.69714211358,NA,NA,NA,"CT",1,134
"Weekly",0.05,"SameTimestamp",1000,"Monthly","error_var_dt",0.257327316062182,0.0115080291566211,0.234744660704855,0.27990997141951,"DT",1,134
"Weekly",0.05,"SameTimestamp",1000,"Monthly","beta_dt",-0.037567757827686,0.0316237646198722,-0.0996243070241167,0.0244887913687447,"DT",1,134
"Weekly",0.05,"SameTimestamp",1000,"Monthly","LogLik_dt",1480.47140074167,NA,NA,NA,"DT",1,134
"Weekly",0.05,"SameTimestamp",1000,"Monthly","AIC_dt",1484.47140074167,NA,NA,NA,"DT",1,134
"Weekly",0.05,"SameTimestamp",1000,"Monthly","BIC_dt",1494.28691129963,NA,NA,NA,"DT",1,134
"Weekly",0.05,"SameTimestamp",1000,"Daily","error_var_ct",0.205607955584563,0.0111007442609675,0.183824531295007,0.227391379874119,"CT",1,135
"Weekly",0.05,"SameTimestamp",1000,"Daily","beta_ct",-0.395466168919558,0.034762533395069,-0.463682046749235,-0.327250291089881,"CT",1,135
"Weekly",0.05,"SameTimestamp",1000,"Daily","LogLik_ct",886.70219695201,NA,NA,NA,"CT",1,135
"Weekly",0.05,"SameTimestamp",1000,"Daily","AIC_ct",890.70219695201,NA,NA,NA,"CT",1,135
"Weekly",0.05,"SameTimestamp",1000,"Daily","BIC_ct",900.517707509974,NA,NA,NA,"CT",1,135
"Weekly",0.05,"SameTimestamp",1000,"Daily","error_var_dt",0.14208651023991,0.00635493181679528,0.129615979179825,0.154557041299994,"DT",1,135
"Weekly",0.05,"SameTimestamp",1000,"Daily","beta_dt",0.673366013157728,0.0234078658801895,0.627431843142289,0.719300183173167,"DT",1,135
"Weekly",0.05,"SameTimestamp",1000,"Daily","LogLik_dt",886.702196952014,NA,NA,NA,"DT",1,135
"Weekly",0.05,"SameTimestamp",1000,"Daily","AIC_dt",890.702196952014,NA,NA,NA,"DT",1,135
"Weekly",0.05,"SameTimestamp",1000,"Daily","BIC_dt",900.517707509978,NA,NA,NA,"DT",1,135
"Weekly",0.05,"SameTimestamp",1000,"Weekly","error_var_ct",1.91971433304603,0.720583879166109,0.505684425944876,3.33374424014718,"CT",1,135
"Weekly",0.05,"SameTimestamp",1000,"Weekly","beta_ct",-3.80935229482495,1.42503630775561,-6.60575673313034,-1.01294785651955,"CT",1,135
"Weekly",0.05,"SameTimestamp",1000,"Weekly","LogLik_ct",1458.95579859516,NA,NA,NA,"CT",1,135
"Weekly",0.05,"SameTimestamp",1000,"Weekly","AIC_ct",1462.95579859516,NA,NA,NA,"CT",1,135
"Weekly",0.05,"SameTimestamp",1000,"Weekly","BIC_ct",1472.77130915312,NA,NA,NA,"CT",1,135
"Weekly",0.05,"SameTimestamp",1000,"Weekly","error_var_dt",0.251850085534834,0.0112630753638775,0.229748112578004,0.273952058491664,"DT",1,135
"Weekly",0.05,"SameTimestamp",1000,"Weekly","beta_dt",0.0221624867952056,0.0316313087708054,-0.039908866583433,0.0842338401738442,"DT",1,135
"Weekly",0.05,"SameTimestamp",1000,"Weekly","LogLik_dt",1458.95579859515,NA,NA,NA,"DT",1,135
"Weekly",0.05,"SameTimestamp",1000,"Weekly","AIC_dt",1462.95579859515,NA,NA,NA,"DT",1,135
"Weekly",0.05,"SameTimestamp",1000,"Weekly","BIC_dt",1472.77130915312,NA,NA,NA,"DT",1,135
"Weekly",0.05,"SameTimestamp",1000,"Monthly","error_var_ct",9.20842102568568,470.265006312175,-913.610979205772,932.027821257144,"CT",1,135
"Weekly",0.05,"SameTimestamp",1000,"Monthly","beta_ct",-18.0925302507061,923.97480004472,-1831.24439007723,1795.05932957581,"CT",1,135
"Weekly",0.05,"SameTimestamp",1000,"Monthly","LogLik_ct",1469.35279307488,NA,NA,NA,"CT",1,135
"Weekly",0.05,"SameTimestamp",1000,"Monthly","AIC_ct",1473.35279307488,NA,NA,NA,"CT",1,135
"Weekly",0.05,"SameTimestamp",1000,"Monthly","BIC_ct",1483.16830363284,NA,NA,NA,"CT",1,135
"Weekly",0.05,"SameTimestamp",1000,"Monthly","error_var_dt",0.254340574147024,0.0113744382088184,0.232020069527414,0.276661078766633,"DT",1,135
"Weekly",0.05,"SameTimestamp",1000,"Monthly","beta_dt",-0.023586289125583,0.0316030502043629,-0.0856021896149234,0.0384296113637573,"DT",1,135
"Weekly",0.05,"SameTimestamp",1000,"Monthly","LogLik_dt",1468.79595311823,NA,NA,NA,"DT",1,135
"Weekly",0.05,"SameTimestamp",1000,"Monthly","AIC_dt",1472.79595311823,NA,NA,NA,"DT",1,135
"Weekly",0.05,"SameTimestamp",1000,"Monthly","BIC_dt",1482.6114636762,NA,NA,NA,"DT",1,135
"Weekly",0.05,"SameTimestamp",1000,"Daily","error_var_ct",0.225692123829112,0.0126219121879021,0.200923652268033,0.250460595390192,"CT",1,136
"Weekly",0.05,"SameTimestamp",1000,"Daily","beta_ct",-0.473821914522342,0.0397489025657471,-0.551822739447069,-0.395821089597615,"CT",1,136
"Weekly",0.05,"SameTimestamp",1000,"Daily","LogLik_ct",912.723970693981,NA,NA,NA,"CT",1,136
"Weekly",0.05,"SameTimestamp",1000,"Daily","AIC_ct",916.723970693981,NA,NA,NA,"CT",1,136
"Weekly",0.05,"SameTimestamp",1000,"Daily","BIC_ct",926.539481251945,NA,NA,NA,"CT",1,136
"Weekly",0.05,"SameTimestamp",1000,"Daily","error_var_dt",0.145837295651667,0.00652256256619646,0.133037816220884,0.158636775082449,"DT",1,136
"Weekly",0.05,"SameTimestamp",1000,"Daily","beta_dt",0.622618133675861,0.0247483192191883,0.57405353968728,0.671182727664441,"DT",1,136
"Weekly",0.05,"SameTimestamp",1000,"Daily","LogLik_dt",912.723970693978,NA,NA,NA,"DT",1,136
"Weekly",0.05,"SameTimestamp",1000,"Daily","AIC_dt",916.723970693978,NA,NA,NA,"DT",1,136
"Weekly",0.05,"SameTimestamp",1000,"Daily","BIC_dt",926.539481251943,NA,NA,NA,"DT",1,136
"Weekly",0.05,"SameTimestamp",1000,"Weekly","error_var_ct",1.46930528044812,0.314441222240017,0.852264981423713,2.08634557947253,"CT",1,136
"Weekly",0.05,"SameTimestamp",1000,"Weekly","beta_ct",-3.00707922258865,0.638742678484333,-4.2605089431702,-1.75364950200711,"CT",1,136
"Weekly",0.05,"SameTimestamp",1000,"Weekly","LogLik_ct",1426.10336262504,NA,NA,NA,"CT",1,136
"Weekly",0.05,"SameTimestamp",1000,"Weekly","AIC_ct",1430.10336262504,NA,NA,NA,"CT",1,136
"Weekly",0.05,"SameTimestamp",1000,"Weekly","BIC_ct",1439.918873183,NA,NA,NA,"CT",1,136
"Weekly",0.05,"SameTimestamp",1000,"Weekly","error_var_dt",0.243710628399665,0.0108990556365903,0.222322985579882,0.265098271219447,"DT",1,136
"Weekly",0.05,"SameTimestamp",1000,"Weekly","beta_dt",0.0494358692590578,0.0315682080927219,-0.0125116591929508,0.111383397711067,"DT",1,136
"Weekly",0.05,"SameTimestamp",1000,"Weekly","LogLik_dt",1426.10336262504,NA,NA,NA,"DT",1,136
"Weekly",0.05,"SameTimestamp",1000,"Weekly","AIC_dt",1430.10336262504,NA,NA,NA,"DT",1,136
"Weekly",0.05,"SameTimestamp",1000,"Weekly","BIC_dt",1439.918873183,NA,NA,NA,"DT",1,136
"Weekly",0.05,"SameTimestamp",1000,"Monthly","error_var_ct",1.24767244313349,0.227963526202337,0.800330706663649,1.69501417960333,"CT",1,136
"Weekly",0.05,"SameTimestamp",1000,"Monthly","beta_ct",-2.76358275244079,0.500608587343358,-3.74594654758196,-1.78121895729962,"CT",1,136
"Weekly",0.05,"SameTimestamp",1000,"Monthly","LogLik_ct",1345.49649186023,NA,NA,NA,"CT",1,136
"Weekly",0.05,"SameTimestamp",1000,"Monthly","AIC_ct",1349.49649186023,NA,NA,NA,"CT",1,136
"Weekly",0.05,"SameTimestamp",1000,"Monthly","BIC_ct",1359.31200241819,NA,NA,NA,"CT",1,136
"Weekly",0.05,"SameTimestamp",1000,"Monthly","error_var_dt",0.224836762185716,0.0100549978299277,0.205105446986424,0.244568077385008,"DT",1,136
"Weekly",0.05,"SameTimestamp",1000,"Monthly","beta_dt",0.0630653533283265,0.0315515772871469,0.00115046015604336,0.12498024650061,"DT",1,136
"Weekly",0.05,"SameTimestamp",1000,"Monthly","LogLik_dt",1345.49649186022,NA,NA,NA,"DT",1,136
"Weekly",0.05,"SameTimestamp",1000,"Monthly","AIC_dt",1349.49649186022,NA,NA,NA,"DT",1,136
"Weekly",0.05,"SameTimestamp",1000,"Monthly","BIC_dt",1359.31200241819,NA,NA,NA,"DT",1,136
"Weekly",0.05,"SameTimestamp",1000,"Daily","error_var_ct",0.227763976739297,0.0125045339791556,0.203225841024478,0.252302112454116,"CT",1,137
"Weekly",0.05,"SameTimestamp",1000,"Daily","beta_ct",-0.432131305776212,0.0370937327726767,-0.504921787249767,-0.359340824302657,"CT",1,137
"Weekly",0.05,"SameTimestamp",1000,"Daily","LogLik_ct",957.587375638653,NA,NA,NA,"CT",1,137
"Weekly",0.05,"SameTimestamp",1000,"Daily","AIC_ct",961.587375638653,NA,NA,NA,"CT",1,137
"Weekly",0.05,"SameTimestamp",1000,"Daily","BIC_ct",971.402886196617,NA,NA,NA,"CT",1,137
"Weekly",0.05,"SameTimestamp",1000,"Daily","error_var_dt",0.152491679157063,0.00682116634600402,0.139106237859482,0.165877120454645,"DT",1,137
"Weekly",0.05,"SameTimestamp",1000,"Daily","beta_dt",0.649124118039206,0.0240784138787981,0.601874105480527,0.696374130597884,"DT",1,137
"Weekly",0.05,"SameTimestamp",1000,"Daily","LogLik_dt",957.58737563865,NA,NA,NA,"DT",1,137
"Weekly",0.05,"SameTimestamp",1000,"Daily","AIC_dt",961.58737563865,NA,NA,NA,"DT",1,137
"Weekly",0.05,"SameTimestamp",1000,"Daily","BIC_dt",971.402886196614,NA,NA,NA,"DT",1,137
"Weekly",0.05,"SameTimestamp",1000,"Weekly","error_var_ct",1.47566700638338,0.315555096144523,0.856440909065049,2.09489310370171,"CT",1,137
"Weekly",0.05,"SameTimestamp",1000,"Weekly","beta_ct",-3.0038678334297,0.637548984700313,-4.25495512204833,-1.75278054481108,"CT",1,137
"Weekly",0.05,"SameTimestamp",1000,"Weekly","LogLik_ct",1431.47791881848,NA,NA,NA,"CT",1,137
"Weekly",0.05,"SameTimestamp",1000,"Weekly","AIC_ct",1435.47791881848,NA,NA,NA,"CT",1,137
"Weekly",0.05,"SameTimestamp",1000,"Weekly","BIC_ct",1445.29342937645,NA,NA,NA,"CT",1,137
"Weekly",0.05,"SameTimestamp",1000,"Weekly","error_var_dt",0.245023614979689,0.0109578121667519,0.223520671924517,0.266526558034861,"DT",1,137
"Weekly",0.05,"SameTimestamp",1000,"Weekly","beta_dt",0.0495948416262761,0.0315945730157461,-0.0124044237445461,0.111594106997098,"DT",1,137
"Weekly",0.05,"SameTimestamp",1000,"Weekly","LogLik_dt",1431.47791881846,NA,NA,NA,"DT",1,137
"Weekly",0.05,"SameTimestamp",1000,"Weekly","AIC_dt",1435.47791881846,NA,NA,NA,"DT",1,137
"Weekly",0.05,"SameTimestamp",1000,"Weekly","BIC_dt",1445.29342937643,NA,NA,NA,"DT",1,137
"Weekly",0.05,"SameTimestamp",1000,"Monthly","error_var_ct",1.84686004337178,0.597192407072712,0.674966044200208,3.01875404254336,"CT",1,137
"Weekly",0.05,"SameTimestamp",1000,"Monthly","beta_ct",-3.60268785345804,1.16000294760543,-5.879006971418,-1.32636873549808,"CT",1,137
"Weekly",0.05,"SameTimestamp",1000,"Monthly","LogLik_ct",1475.79414464191,NA,NA,NA,"CT",1,137
"Weekly",0.05,"SameTimestamp",1000,"Monthly","AIC_ct",1479.79414464191,NA,NA,NA,"CT",1,137
"Weekly",0.05,"SameTimestamp",1000,"Monthly","BIC_ct",1489.60965519988,NA,NA,NA,"CT",1,137
"Weekly",0.05,"SameTimestamp",1000,"Monthly","error_var_dt",0.256126587541685,0.0114543314284707,0.233649305334858,0.278603869748511,"DT",1,137
"Weekly",0.05,"SameTimestamp",1000,"Monthly","beta_dt",0.0272502234813706,0.0316754952164001,-0.0349078386863012,0.0894082856490424,"DT",1,137
"Weekly",0.05,"SameTimestamp",1000,"Monthly","LogLik_dt",1475.79414464192,NA,NA,NA,"DT",1,137
"Weekly",0.05,"SameTimestamp",1000,"Monthly","AIC_dt",1479.79414464192,NA,NA,NA,"DT",1,137
"Weekly",0.05,"SameTimestamp",1000,"Monthly","BIC_dt",1489.60965519989,NA,NA,NA,"DT",1,137
"Weekly",0.05,"SameTimestamp",1000,"Daily","error_var_ct",0.201632474438435,0.010705075697725,0.180625486033584,0.222639462843286,"CT",1,138
"Weekly",0.05,"SameTimestamp",1000,"Daily","beta_ct",-0.359791699345032,0.0324499964925072,-0.423469595634959,-0.296113803055105,"CT",1,138
"Weekly",0.05,"SameTimestamp",1000,"Daily","LogLik_ct",898.449577622064,NA,NA,NA,"CT",1,138
"Weekly",0.05,"SameTimestamp",1000,"Daily","AIC_ct",902.449577622064,NA,NA,NA,"CT",1,138
"Weekly",0.05,"SameTimestamp",1000,"Daily","BIC_ct",912.265088180029,NA,NA,NA,"CT",1,138
"Weekly",0.05,"SameTimestamp",1000,"Daily","error_var_dt",0.143758895148261,0.00642989303028233,0.131141264769405,0.156376525527117,"DT",1,138
"Weekly",0.05,"SameTimestamp",1000,"Daily","beta_dt",0.697821677852962,0.0226442003379784,0.653386078575685,0.74225727713024,"DT",1,138
"Weekly",0.05,"SameTimestamp",1000,"Daily","LogLik_dt",898.449577622064,NA,NA,NA,"DT",1,138
"Weekly",0.05,"SameTimestamp",1000,"Daily","AIC_dt",902.449577622064,NA,NA,NA,"DT",1,138
"Weekly",0.05,"SameTimestamp",1000,"Daily","BIC_dt",912.265088180029,NA,NA,NA,"DT",1,138
"Weekly",0.05,"SameTimestamp",1000,"Weekly","error_var_ct",1.45788219036524,0.268354075153192,0.931280501193108,1.98448387953738,"CT",1,138
"Weekly",0.05,"SameTimestamp",1000,"Weekly","beta_ct",-2.77513046575126,0.506515974565594,-3.7690865577042,-1.78117437379832,"CT",1,138
"Weekly",0.05,"SameTimestamp",1000,"Weekly","LogLik_ct",1497.12322739616,NA,NA,NA,"CT",1,138
"Weekly",0.05,"SameTimestamp",1000,"Weekly","AIC_ct",1501.12322739616,NA,NA,NA,"CT",1,138
"Weekly",0.05,"SameTimestamp",1000,"Weekly","BIC_ct",1510.93873795413,NA,NA,NA,"CT",1,138
"Weekly",0.05,"SameTimestamp",1000,"Weekly","error_var_dt",0.26164827896645,0.011701246484134,0.238686465696252,0.284610092236649,"DT",1,138
"Weekly",0.05,"SameTimestamp",1000,"Weekly","beta_dt",0.0623413367053119,0.0316083666418551,0.000315003562909776,0.124367669847714,"DT",1,138
"Weekly",0.05,"SameTimestamp",1000,"Weekly","LogLik_dt",1497.12322739616,NA,NA,NA,"DT",1,138
"Weekly",0.05,"SameTimestamp",1000,"Weekly","AIC_dt",1501.12322739616,NA,NA,NA,"DT",1,138
"Weekly",0.05,"SameTimestamp",1000,"Weekly","BIC_dt",1510.93873795413,NA,NA,NA,"DT",1,138
"Weekly",0.05,"SameTimestamp",1000,"Monthly","error_var_ct",9.4910204416415,33.2438954910168,-55.7447748792895,74.7268157625725,"CT",1,138
"Weekly",0.05,"SameTimestamp",1000,"Monthly","beta_ct",-18.583009689068,65.0911442449675,-146.313905856677,109.147886478541,"CT",1,138
"Weekly",0.05,"SameTimestamp",1000,"Monthly","LogLik_ct",1472.84283567173,NA,NA,NA,"CT",1,138
"Weekly",0.05,"SameTimestamp",1000,"Monthly","AIC_ct",1476.84283567173,NA,NA,NA,"CT",1,138
"Weekly",0.05,"SameTimestamp",1000,"Monthly","BIC_ct",1486.6583462297,NA,NA,NA,"CT",1,138
"Weekly",0.05,"SameTimestamp",1000,"Monthly","error_var_dt",0.254804799539488,0.0113952276120657,0.232443499061419,0.277166100017556,"DT",1,138
"Weekly",0.05,"SameTimestamp",1000,"Monthly","beta_dt",-0.0472597222064944,0.0316787679827325,-0.109424206651443,0.014904762238454,"DT",1,138
"Weekly",0.05,"SameTimestamp",1000,"Monthly","LogLik_dt",1470.61969409739,NA,NA,NA,"DT",1,138
"Weekly",0.05,"SameTimestamp",1000,"Monthly","AIC_dt",1474.61969409739,NA,NA,NA,"DT",1,138
"Weekly",0.05,"SameTimestamp",1000,"Monthly","BIC_dt",1484.43520465536,NA,NA,NA,"DT",1,138
"Weekly",0.05,"SameTimestamp",1000,"Daily","error_var_ct",0.218646316922799,0.0119012577884659,0.195292013653503,0.242000620192095,"CT",1,139
"Weekly",0.05,"SameTimestamp",1000,"Daily","beta_ct",-0.414366078161704,0.0359136468304961,-0.484840830872184,-0.343891325451224,"CT",1,139
"Weekly",0.05,"SameTimestamp",1000,"Daily","LogLik_ct",931.818319052364,NA,NA,NA,"CT",1,139
"Weekly",0.05,"SameTimestamp",1000,"Daily","AIC_ct",935.818319052364,NA,NA,NA,"CT",1,139
"Weekly",0.05,"SameTimestamp",1000,"Daily","BIC_ct",945.633829610328,NA,NA,NA,"CT",1,139
"Weekly",0.05,"SameTimestamp",1000,"Daily","error_var_dt",0.148642452945349,0.00664818636213502,0.135596457030314,0.161688448860384,"DT",1,139
"Weekly",0.05,"SameTimestamp",1000,"Daily","beta_dt",0.660759013051297,0.0237302209955057,0.614192272995169,0.707325753107426,"DT",1,139
"Weekly",0.05,"SameTimestamp",1000,"Daily","LogLik_dt",931.818319052368,NA,NA,NA,"DT",1,139
"Weekly",0.05,"SameTimestamp",1000,"Daily","AIC_dt",935.818319052368,NA,NA,NA,"DT",1,139
"Weekly",0.05,"SameTimestamp",1000,"Daily","BIC_dt",945.633829610332,NA,NA,NA,"DT",1,139
"Weekly",0.05,"SameTimestamp",1000,"Weekly","error_var_ct",1.28742370303539,0.219706778889389,0.856284504498258,1.71856290157253,"CT",1,139
"Weekly",0.05,"SameTimestamp",1000,"Weekly","beta_ct",-2.65554001650247,0.449159400053748,-3.53694306074848,-1.77413697225646,"CT",1,139
"Weekly",0.05,"SameTimestamp",1000,"Weekly","LogLik_ct",1415.77642015066,NA,NA,NA,"CT",1,139
"Weekly",0.05,"SameTimestamp",1000,"Weekly","AIC_ct",1419.77642015066,NA,NA,NA,"CT",1,139
"Weekly",0.05,"SameTimestamp",1000,"Weekly","BIC_ct",1429.59193070862,NA,NA,NA,"CT",1,139
"Weekly",0.05,"SameTimestamp",1000,"Weekly","error_var_dt",0.241206735620389,0.0107871040498624,0.220038779774403,0.262374691466375,"DT",1,139
"Weekly",0.05,"SameTimestamp",1000,"Weekly","beta_dt",0.0702609521889932,0.03153127969768,0.00838588976976738,0.132136014608219,"DT",1,139
"Weekly",0.05,"SameTimestamp",1000,"Weekly","LogLik_dt",1415.77642015066,NA,NA,NA,"DT",1,139
"Weekly",0.05,"SameTimestamp",1000,"Weekly","AIC_dt",1419.77642015066,NA,NA,NA,"DT",1,139
"Weekly",0.05,"SameTimestamp",1000,"Weekly","BIC_dt",1429.59193070863,NA,NA,NA,"DT",1,139
"Weekly",0.05,"SameTimestamp",1000,"Monthly","error_var_ct",1.94954874951862,0.686536584338965,0.602331179653198,3.29676631938405,"CT",1,139
"Weekly",0.05,"SameTimestamp",1000,"Monthly","beta_ct",-3.71395495453557,1.30295422059622,-6.27079294213925,-1.15711696693189,"CT",1,139
"Weekly",0.05,"SameTimestamp",1000,"Monthly","LogLik_ct",1499.63591593977,NA,NA,NA,"CT",1,139
"Weekly",0.05,"SameTimestamp",1000,"Monthly","AIC_ct",1503.63591593977,NA,NA,NA,"CT",1,139
"Weekly",0.05,"SameTimestamp",1000,"Monthly","BIC_ct",1513.45142649774,NA,NA,NA,"CT",1,139
"Weekly",0.05,"SameTimestamp",1000,"Monthly","error_var_dt",0.262306613215795,0.0117307215359378,0.239286959899533,0.285326266532058,"DT",1,139
"Weekly",0.05,"SameTimestamp",1000,"Monthly","beta_dt",0.0243808982297634,0.0316237223159242,-0.0376755679519769,0.0864373644115036,"DT",1,139
"Weekly",0.05,"SameTimestamp",1000,"Monthly","LogLik_dt",1499.63591593977,NA,NA,NA,"DT",1,139
"Weekly",0.05,"SameTimestamp",1000,"Monthly","AIC_dt",1503.63591593977,NA,NA,NA,"DT",1,139
"Weekly",0.05,"SameTimestamp",1000,"Monthly","BIC_dt",1513.45142649774,NA,NA,NA,"DT",1,139
"Weekly",0.05,"SameTimestamp",1000,"Daily","error_var_ct",0.198180734156123,0.0105491374716659,0.177479749426463,0.218881718885783,"CT",1,140
"Weekly",0.05,"SameTimestamp",1000,"Daily","beta_ct",-0.365014828777278,0.0328032667315556,-0.429385961063382,-0.300643696491173,"CT",1,140
"Weekly",0.05,"SameTimestamp",1000,"Daily","LogLik_ct",876.566207428879,NA,NA,NA,"CT",1,140
"Weekly",0.05,"SameTimestamp",1000,"Daily","AIC_ct",880.566207428879,NA,NA,NA,"CT",1,140
"Weekly",0.05,"SameTimestamp",1000,"Daily","BIC_ct",890.381717986843,NA,NA,NA,"CT",1,140
"Weekly",0.05,"SameTimestamp",1000,"Daily","error_var_dt",0.140649751078541,0.00629076622932566,0.128305134658393,0.15299436749869,"DT",1,140
"Weekly",0.05,"SameTimestamp",1000,"Daily","beta_dt",0.694186355776496,0.0227714024659349,0.649501142792365,0.738871568760627,"DT",1,140
"Weekly",0.05,"SameTimestamp",1000,"Daily","LogLik_dt",876.566207428878,NA,NA,NA,"DT",1,140
"Weekly",0.05,"SameTimestamp",1000,"Daily","AIC_dt",880.566207428878,NA,NA,NA,"DT",1,140
"Weekly",0.05,"SameTimestamp",1000,"Daily","BIC_dt",890.381717986842,NA,NA,NA,"DT",1,140
"Weekly",0.05,"SameTimestamp",1000,"Weekly","error_var_ct",1.36093057301659,0.243019091530622,0.884044712319124,1.83781643371406,"CT",1,140
"Weekly",0.05,"SameTimestamp",1000,"Weekly","beta_ct",-2.72796183708053,0.482890010684021,-3.67555577678647,-1.7803678973746,"CT",1,140
"Weekly",0.05,"SameTimestamp",1000,"Weekly","LogLik_ct",1445.06370185617,NA,NA,NA,"CT",1,140
"Weekly",0.05,"SameTimestamp",1000,"Weekly","AIC_ct",1449.06370185617,NA,NA,NA,"CT",1,140
"Weekly",0.05,"SameTimestamp",1000,"Weekly","BIC_ct",1458.87921241413,NA,NA,NA,"CT",1,140
"Weekly",0.05,"SameTimestamp",1000,"Weekly","error_var_dt",0.248375536070574,0.0111076825679687,0.226578496470035,0.270172575671113,"DT",1,140
"Weekly",0.05,"SameTimestamp",1000,"Weekly","beta_dt",0.0653524297556994,0.0315458473949749,0.0034487805747541,0.127256078936645,"DT",1,140
"Weekly",0.05,"SameTimestamp",1000,"Weekly","LogLik_dt",1445.06370185615,NA,NA,NA,"DT",1,140
"Weekly",0.05,"SameTimestamp",1000,"Weekly","AIC_dt",1449.06370185615,NA,NA,NA,"DT",1,140
"Weekly",0.05,"SameTimestamp",1000,"Weekly","BIC_dt",1458.87921241412,NA,NA,NA,"DT",1,140
"Weekly",0.05,"SameTimestamp",1000,"Monthly","error_var_ct",10.7936268101316,64.8314119301425,-116.427586485542,138.014840105806,"CT",1,140
"Weekly",0.05,"SameTimestamp",1000,"Monthly","beta_ct",-21.0122132228742,126.211156352331,-268.681297769345,226.656871323597,"CT",1,140
"Weekly",0.05,"SameTimestamp",1000,"Monthly","LogLik_ct",1478.58422868911,NA,NA,NA,"CT",1,140
"Weekly",0.05,"SameTimestamp",1000,"Monthly","AIC_ct",1482.58422868911,NA,NA,NA,"CT",1,140
"Weekly",0.05,"SameTimestamp",1000,"Monthly","BIC_ct",1492.39973924707,NA,NA,NA,"CT",1,140
"Weekly",0.05,"SameTimestamp",1000,"Monthly","error_var_dt",0.256804865794115,0.0114846506595327,0.234268086975275,0.279341644612955,"DT",1,140
"Weekly",0.05,"SameTimestamp",1000,"Monthly","beta_dt",-0.0120762057143911,0.0316107350817059,-0.0741071865388729,0.0499547751100908,"DT",1,140
"Weekly",0.05,"SameTimestamp",1000,"Monthly","LogLik_dt",1478.43829366314,NA,NA,NA,"DT",1,140
"Weekly",0.05,"SameTimestamp",1000,"Monthly","AIC_dt",1482.43829366314,NA,NA,NA,"DT",1,140
"Weekly",0.05,"SameTimestamp",1000,"Monthly","BIC_dt",1492.2538042211,NA,NA,NA,"DT",1,140
"Weekly",0.05,"SameTimestamp",1000,"Daily","error_var_ct",0.188688278264406,0.0100270984046558,0.169011711197657,0.208364845331154,"CT",1,141
"Weekly",0.05,"SameTimestamp",1000,"Daily","beta_ct",-0.36161424167213,0.0325725234693101,-0.425532577437093,-0.297695905907168,"CT",1,141
"Weekly",0.05,"SameTimestamp",1000,"Daily","LogLik_ct",830.53255115572,NA,NA,NA,"CT",1,141
"Weekly",0.05,"SameTimestamp",1000,"Daily","AIC_ct",834.53255115572,NA,NA,NA,"CT",1,141
"Weekly",0.05,"SameTimestamp",1000,"Daily","BIC_ct",844.348061713684,NA,NA,NA,"CT",1,141
"Weekly",0.05,"SameTimestamp",1000,"Daily","error_var_dt",0.134314226645822,0.00600758051055837,0.122525316628743,0.146103136662902,"DT",1,141
"Weekly",0.05,"SameTimestamp",1000,"Daily","beta_dt",0.696551024970121,0.0226884218821441,0.652028648028513,0.741073401911729,"DT",1,141
"Weekly",0.05,"SameTimestamp",1000,"Daily","LogLik_dt",830.53255115572,NA,NA,NA,"DT",1,141
"Weekly",0.05,"SameTimestamp",1000,"Daily","AIC_dt",834.53255115572,NA,NA,NA,"DT",1,141
"Weekly",0.05,"SameTimestamp",1000,"Daily","BIC_dt",844.348061713685,NA,NA,NA,"DT",1,141
"Weekly",0.05,"SameTimestamp",1000,"Weekly","error_var_ct",1.21637182406411,0.175048766949685,0.872866787628264,1.55987686049995,"CT",1,141
"Weekly",0.05,"SameTimestamp",1000,"Weekly","beta_ct",-2.37731280012104,0.339201418196703,-3.04294099932017,-1.71168460092191,"CT",1,141
"Weekly",0.05,"SameTimestamp",1000,"Weekly","LogLik_ct",1465.9836336389,NA,NA,NA,"CT",1,141
"Weekly",0.05,"SameTimestamp",1000,"Weekly","AIC_ct",1469.9836336389,NA,NA,NA,"CT",1,141
"Weekly",0.05,"SameTimestamp",1000,"Weekly","BIC_ct",1479.79914419687,NA,NA,NA,"CT",1,141
"Weekly",0.05,"SameTimestamp",1000,"Weekly","error_var_dt",0.253626004256483,0.0113425141958313,0.231368145375175,0.275883863137791,"DT",1,141
"Weekly",0.05,"SameTimestamp",1000,"Weekly","beta_dt",0.092799621668566,0.0314826248384,0.0310200365811774,0.154579206755955,"DT",1,141
"Weekly",0.05,"SameTimestamp",1000,"Weekly","LogLik_dt",1465.9836336389,NA,NA,NA,"DT",1,141
"Weekly",0.05,"SameTimestamp",1000,"Weekly","AIC_dt",1469.9836336389,NA,NA,NA,"DT",1,141
"Weekly",0.05,"SameTimestamp",1000,"Weekly","BIC_dt",1479.79914419687,NA,NA,NA,"DT",1,141
"Weekly",0.05,"SameTimestamp",1000,"Monthly","error_var_ct",1.3491838572417,0.232615222593482,0.89271391515138,1.80565379933203,"CT",1,141
"Weekly",0.05,"SameTimestamp",1000,"Monthly","beta_ct",-2.67152352299512,0.4565420024675,-3.56741373647584,-1.7756333095144,"CT",1,141
"Weekly",0.05,"SameTimestamp",1000,"Monthly","LogLik_ct",1456.78849133031,NA,NA,NA,"CT",1,141
"Weekly",0.05,"SameTimestamp",1000,"Monthly","AIC_ct",1460.78849133031,NA,NA,NA,"CT",1,141
"Weekly",0.05,"SameTimestamp",1000,"Monthly","BIC_ct",1470.60400188827,NA,NA,NA,"CT",1,141
"Weekly",0.05,"SameTimestamp",1000,"Monthly","error_var_dt",0.25130470137916,0.011238710125157,0.229250541282485,0.273358861475835,"DT",1,141
"Weekly",0.05,"SameTimestamp",1000,"Monthly","beta_dt",0.0691467818088711,0.0315555789349761,0.00722403604666488,0.131069527571077,"DT",1,141
"Weekly",0.05,"SameTimestamp",1000,"Monthly","LogLik_dt",1456.78849133029,NA,NA,NA,"DT",1,141
"Weekly",0.05,"SameTimestamp",1000,"Monthly","AIC_dt",1460.78849133029,NA,NA,NA,"DT",1,141
"Weekly",0.05,"SameTimestamp",1000,"Monthly","BIC_dt",1470.60400188825,NA,NA,NA,"DT",1,141
"Weekly",0.05,"SameTimestamp",1000,"Daily","error_var_ct",0.198376450832666,0.0107123847866088,0.177355119517053,0.219397782148279,"CT",1,142
"Weekly",0.05,"SameTimestamp",1000,"Daily","beta_ct",-0.39669004717756,0.0347961747266657,-0.464971940706961,-0.32840815364816,"CT",1,142
"Weekly",0.05,"SameTimestamp",1000,"Daily","LogLik_ct",849.895343237691,NA,NA,NA,"CT",1,142
"Weekly",0.05,"SameTimestamp",1000,"Daily","AIC_ct",853.895343237691,NA,NA,NA,"CT",1,142
"Weekly",0.05,"SameTimestamp",1000,"Daily","BIC_ct",863.710853795655,NA,NA,NA,"CT",1,142
"Weekly",0.05,"SameTimestamp",1000,"Daily","error_var_dt",0.136943363821866,0.00612510879960631,0.124923823450085,0.148962904193647,"DT",1,142
"Weekly",0.05,"SameTimestamp",1000,"Daily","beta_dt",0.672542462136292,0.0234019205421983,0.626619958889942,0.718464965382642,"DT",1,142
"Weekly",0.05,"SameTimestamp",1000,"Daily","LogLik_dt",849.895343237692,NA,NA,NA,"DT",1,142
"Weekly",0.05,"SameTimestamp",1000,"Daily","AIC_dt",853.895343237692,NA,NA,NA,"DT",1,142
"Weekly",0.05,"SameTimestamp",1000,"Daily","BIC_dt",863.710853795656,NA,NA,NA,"DT",1,142
"Weekly",0.05,"SameTimestamp",1000,"Weekly","error_var_ct",1.46253526777052,0.277425764071298,0.918131848905283,2.00693868663575,"CT",1,142
"Weekly",0.05,"SameTimestamp",1000,"Weekly","beta_ct",-2.82030127135685,0.530537585607526,-3.86139590944179,-1.77920663327192,"CT",1,142
"Weekly",0.05,"SameTimestamp",1000,"Weekly","LogLik_ct",1484.50094040547,NA,NA,NA,"CT",1,142
"Weekly",0.05,"SameTimestamp",1000,"Weekly","AIC_ct",1488.50094040547,NA,NA,NA,"CT",1,142
"Weekly",0.05,"SameTimestamp",1000,"Weekly","BIC_ct",1498.31645096343,NA,NA,NA,"CT",1,142
"Weekly",0.05,"SameTimestamp",1000,"Weekly","error_var_dt",0.258366416382258,0.0115545258764309,0.235692518694518,0.281040314069999,"DT",1,142
"Weekly",0.05,"SameTimestamp",1000,"Weekly","beta_dt",0.0595880100136679,0.0316060376341062,-0.00243375282580896,0.121609772853145,"DT",1,142
"Weekly",0.05,"SameTimestamp",1000,"Weekly","LogLik_dt",1484.50094040548,NA,NA,NA,"DT",1,142
"Weekly",0.05,"SameTimestamp",1000,"Weekly","AIC_dt",1488.50094040548,NA,NA,NA,"DT",1,142
"Weekly",0.05,"SameTimestamp",1000,"Weekly","BIC_dt",1498.31645096344,NA,NA,NA,"DT",1,142
"Weekly",0.05,"SameTimestamp",1000,"Monthly","error_var_ct",1.40768781485411,0.281534164721989,0.855222320832333,1.96015330887589,"CT",1,142
"Weekly",0.05,"SameTimestamp",1000,"Monthly","beta_ct",-2.90341633882293,0.576040136550561,-4.03380241090068,-1.77303026674519,"CT",1,142
"Weekly",0.05,"SameTimestamp",1000,"Monthly","LogLik_ct",1417.77932938895,NA,NA,NA,"CT",1,142
"Weekly",0.05,"SameTimestamp",1000,"Monthly","AIC_ct",1421.77932938895,NA,NA,NA,"CT",1,142
"Weekly",0.05,"SameTimestamp",1000,"Monthly","BIC_ct",1431.59483994692,NA,NA,NA,"CT",1,142
"Weekly",0.05,"SameTimestamp",1000,"Monthly","error_var_dt",0.241690296427674,0.0108087294181398,0.220479904276381,0.262900688578968,"DT",1,142
"Weekly",0.05,"SameTimestamp",1000,"Monthly","beta_dt",0.0548356240579243,0.0315701906541658,-0.00711579485188586,0.116787042967734,"DT",1,142
"Weekly",0.05,"SameTimestamp",1000,"Monthly","LogLik_dt",1417.77932938894,NA,NA,NA,"DT",1,142
"Weekly",0.05,"SameTimestamp",1000,"Monthly","AIC_dt",1421.77932938894,NA,NA,NA,"DT",1,142
"Weekly",0.05,"SameTimestamp",1000,"Monthly","BIC_dt",1431.59483994691,NA,NA,NA,"DT",1,142
"Weekly",0.05,"SameTimestamp",1000,"Daily","error_var_ct",0.21405589457356,0.0119693146353,0.190568040694003,0.237543748453117,"CT",1,143
"Weekly",0.05,"SameTimestamp",1000,"Daily","beta_ct",-0.473045165055375,0.0397145684140352,-0.550978614732391,-0.39511171537836,"CT",1,143
"Weekly",0.05,"SameTimestamp",1000,"Daily","LogLik_ct",860.530794321344,NA,NA,NA,"CT",1,143
"Weekly",0.05,"SameTimestamp",1000,"Daily","AIC_ct",864.530794321344,NA,NA,NA,"CT",1,143
"Weekly",0.05,"SameTimestamp",1000,"Daily","BIC_ct",874.346304879308,NA,NA,NA,"CT",1,143
"Weekly",0.05,"SameTimestamp",1000,"Daily","error_var_dt",0.138408987363882,0.00619064349400132,0.126260845700139,0.150557129027624,"DT",1,143
"Weekly",0.05,"SameTimestamp",1000,"Daily","beta_dt",0.623101933023167,0.0247460502923739,0.574541791438346,0.671662074607988,"DT",1,143
"Weekly",0.05,"SameTimestamp",1000,"Daily","LogLik_dt",860.530794321342,NA,NA,NA,"DT",1,143
"Weekly",0.05,"SameTimestamp",1000,"Daily","AIC_dt",864.530794321342,NA,NA,NA,"DT",1,143
"Weekly",0.05,"SameTimestamp",1000,"Daily","BIC_dt",874.346304879306,NA,NA,NA,"DT",1,143
"Weekly",0.05,"SameTimestamp",1000,"Weekly","error_var_ct",1.33458133296221,0.255264513229469,0.833665802703895,1.83549686322053,"CT",1,143
"Weekly",0.05,"SameTimestamp",1000,"Weekly","beta_ct",-2.83762910249224,0.538257391584865,-3.89387261754291,-1.78138558744158,"CT",1,143
"Weekly",0.05,"SameTimestamp",1000,"Weekly","LogLik_ct",1386.94364534222,NA,NA,NA,"CT",1,143
"Weekly",0.05,"SameTimestamp",1000,"Weekly","AIC_ct",1390.94364534222,NA,NA,NA,"CT",1,143
"Weekly",0.05,"SameTimestamp",1000,"Weekly","BIC_ct",1400.75915590018,NA,NA,NA,"CT",1,143
"Weekly",0.05,"SameTimestamp",1000,"Weekly","error_var_dt",0.234351276851119,0.0104805221721695,0.213784938605203,0.254917615097035,"DT",1,143
"Weekly",0.05,"SameTimestamp",1000,"Weekly","beta_dt",0.0585643496174669,0.0315615175594597,-0.0033700497396497,0.120498748974584,"DT",1,143
"Weekly",0.05,"SameTimestamp",1000,"Weekly","LogLik_dt",1386.94364534222,NA,NA,NA,"DT",1,143
"Weekly",0.05,"SameTimestamp",1000,"Weekly","AIC_dt",1390.94364534222,NA,NA,NA,"DT",1,143
"Weekly",0.05,"SameTimestamp",1000,"Weekly","BIC_dt",1400.75915590018,NA,NA,NA,"DT",1,143
"Weekly",0.05,"SameTimestamp",1000,"Monthly","error_var_ct",1.19884757855837,0.19528829936741,0.815625716681573,1.58206944043517,"CT",1,143
"Weekly",0.05,"SameTimestamp",1000,"Monthly","beta_ct",-2.58225737082915,0.416859791294168,-3.40027763051084,-1.76423711114747,"CT",1,143
"Weekly",0.05,"SameTimestamp",1000,"Monthly","LogLik_ct",1371.69561255424,NA,NA,NA,"CT",1,143
"Weekly",0.05,"SameTimestamp",1000,"Monthly","AIC_ct",1375.69561255424,NA,NA,NA,"CT",1,143
"Weekly",0.05,"SameTimestamp",1000,"Monthly","BIC_ct",1385.5111231122,NA,NA,NA,"CT",1,143
"Weekly",0.05,"SameTimestamp",1000,"Monthly","error_var_dt",0.230804879645238,0.0103219171151341,0.210549778301159,0.251059980989316,"DT",1,143
"Weekly",0.05,"SameTimestamp",1000,"Monthly","beta_dt",0.0756031693279929,0.0315228529116001,0.0137446431204174,0.137461695535568,"DT",1,143
"Weekly",0.05,"SameTimestamp",1000,"Monthly","LogLik_dt",1371.69561255424,NA,NA,NA,"DT",1,143
"Weekly",0.05,"SameTimestamp",1000,"Monthly","AIC_dt",1375.69561255424,NA,NA,NA,"DT",1,143
"Weekly",0.05,"SameTimestamp",1000,"Monthly","BIC_dt",1385.5111231122,NA,NA,NA,"DT",1,143
"Weekly",0.05,"SameTimestamp",1000,"Daily","error_var_ct",0.200510575862664,0.0106737107360939,0.179565136147791,0.221456015577538,"CT",1,144
"Weekly",0.05,"SameTimestamp",1000,"Daily","beta_ct",-0.365021515627221,0.0328018736562353,-0.429389914227182,-0.30065311702726,"CT",1,144
"Weekly",0.05,"SameTimestamp",1000,"Daily","LogLik_ct",888.402540046393,NA,NA,NA,"CT",1,144
"Weekly",0.05,"SameTimestamp",1000,"Daily","AIC_ct",892.402540046393,NA,NA,NA,"CT",1,144
"Weekly",0.05,"SameTimestamp",1000,"Daily","BIC_ct",902.218050604357,NA,NA,NA,"CT",1,144
"Weekly",0.05,"SameTimestamp",1000,"Daily","error_var_dt",0.142302390314324,0.00636521454014933,0.129811681064345,0.154793099564304,"DT",1,144
"Weekly",0.05,"SameTimestamp",1000,"Daily","beta_dt",0.694181704910852,0.0227705211764797,0.649498221315461,0.738865188506244,"DT",1,144
"Weekly",0.05,"SameTimestamp",1000,"Daily","LogLik_dt",888.402540046405,NA,NA,NA,"DT",1,144
"Weekly",0.05,"SameTimestamp",1000,"Daily","AIC_dt",892.402540046405,NA,NA,NA,"DT",1,144
"Weekly",0.05,"SameTimestamp",1000,"Daily","BIC_dt",902.218050604369,NA,NA,NA,"DT",1,144
"Weekly",0.05,"SameTimestamp",1000,"Weekly","error_var_ct",1.42910211571369,0.288222362321826,0.863512110161463,1.99469212126592,"CT",1,144
"Weekly",0.05,"SameTimestamp",1000,"Weekly","beta_ct",-2.91787081652347,0.583811414972449,-4.06350677195647,-1.77223486109047,"CT",1,144
"Weekly",0.05,"SameTimestamp",1000,"Weekly","LogLik_ct",1427.99730510717,NA,NA,NA,"CT",1,144
"Weekly",0.05,"SameTimestamp",1000,"Weekly","AIC_ct",1431.99730510717,NA,NA,NA,"CT",1,144
"Weekly",0.05,"SameTimestamp",1000,"Weekly","BIC_ct",1441.81281566514,NA,NA,NA,"CT",1,144
"Weekly",0.05,"SameTimestamp",1000,"Weekly","error_var_dt",0.244172347618596,0.0109197237441777,0.222744146963568,0.265600548273624,"DT",1,144
"Weekly",0.05,"SameTimestamp",1000,"Weekly","beta_dt",0.0540489631576584,0.0315669040449149,-0.0078960063103754,0.115993932625692,"DT",1,144
"Weekly",0.05,"SameTimestamp",1000,"Weekly","LogLik_dt",1427.99730510698,NA,NA,NA,"DT",1,144
"Weekly",0.05,"SameTimestamp",1000,"Weekly","AIC_dt",1431.99730510698,NA,NA,NA,"DT",1,144
"Weekly",0.05,"SameTimestamp",1000,"Weekly","BIC_dt",1441.81281566494,NA,NA,NA,"DT",1,144
"Weekly",0.05,"SameTimestamp",1000,"Monthly","error_var_ct",2.08948990374728,0.993818717433383,0.139280595270977,4.03969921222359,"CT",1,144
"Weekly",0.05,"SameTimestamp",1000,"Monthly","beta_ct",-4.13317669811237,1.96142643102754,-7.98216043788357,-0.284192958341176,"CT",1,144
"Weekly",0.05,"SameTimestamp",1000,"Monthly","LogLik_ct",1462.34660841344,NA,NA,NA,"CT",1,144
"Weekly",0.05,"SameTimestamp",1000,"Monthly","AIC_ct",1466.34660841344,NA,NA,NA,"CT",1,144
"Weekly",0.05,"SameTimestamp",1000,"Monthly","BIC_ct",1476.16211897141,NA,NA,NA,"CT",1,144
"Weekly",0.05,"SameTimestamp",1000,"Monthly","error_var_dt",0.252705484712237,0.0113013479702565,0.230528407924184,0.274882561500289,"DT",1,144
"Weekly",0.05,"SameTimestamp",1000,"Monthly","beta_dt",0.0160318349001345,0.031643425748112,-0.0460632960966142,0.0781269658968832,"DT",1,144
"Weekly",0.05,"SameTimestamp",1000,"Monthly","LogLik_dt",1462.34660841345,NA,NA,NA,"DT",1,144
"Weekly",0.05,"SameTimestamp",1000,"Monthly","AIC_dt",1466.34660841345,NA,NA,NA,"DT",1,144
"Weekly",0.05,"SameTimestamp",1000,"Monthly","BIC_dt",1476.16211897141,NA,NA,NA,"DT",1,144
"Weekly",0.05,"SameTimestamp",1000,"Daily","error_var_ct",0.224422085619365,0.0124797742125759,0.199932536962137,0.248911634276592,"CT",1,145
"Weekly",0.05,"SameTimestamp",1000,"Daily","beta_ct",-0.460721588466205,0.0389277190640021,-0.537110972912927,-0.384332204019482,"CT",1,145
"Weekly",0.05,"SameTimestamp",1000,"Daily","LogLik_ct",918.176703259854,NA,NA,NA,"CT",1,145
"Weekly",0.05,"SameTimestamp",1000,"Daily","AIC_ct",922.176703259854,NA,NA,NA,"CT",1,145
"Weekly",0.05,"SameTimestamp",1000,"Daily","BIC_ct",931.992213817818,NA,NA,NA,"CT",1,145
"Weekly",0.05,"SameTimestamp",1000,"Daily","error_var_dt",0.146633665174831,0.00655820793968027,0.13376423743461,0.159503092915052,"DT",1,145
"Weekly",0.05,"SameTimestamp",1000,"Daily","beta_dt",0.630828284127148,0.0245569858234133,0.582639151138564,0.679017417115732,"DT",1,145
"Weekly",0.05,"SameTimestamp",1000,"Daily","LogLik_dt",918.176703259856,NA,NA,NA,"DT",1,145
"Weekly",0.05,"SameTimestamp",1000,"Daily","AIC_dt",922.176703259856,NA,NA,NA,"DT",1,145
"Weekly",0.05,"SameTimestamp",1000,"Daily","BIC_dt",931.99221381782,NA,NA,NA,"DT",1,145
"Weekly",0.05,"SameTimestamp",1000,"Weekly","error_var_ct",1.34892810651514,0.223904249364618,0.909552047623847,1.78830416540643,"CT",1,145
"Weekly",0.05,"SameTimestamp",1000,"Weekly","beta_ct",-2.61332055943293,0.42988131064919,-3.45689345543672,-1.76974766342915,"CT",1,145
"Weekly",0.05,"SameTimestamp",1000,"Weekly","LogLik_ct",1478.03242254344,NA,NA,NA,"CT",1,145
"Weekly",0.05,"SameTimestamp",1000,"Weekly","AIC_ct",1482.03242254344,NA,NA,NA,"CT",1,145
"Weekly",0.05,"SameTimestamp",1000,"Weekly","BIC_ct",1491.84793310141,NA,NA,NA,"CT",1,145
"Weekly",0.05,"SameTimestamp",1000,"Weekly","error_var_dt",0.256700648996571,0.0114799888592116,0.234173018210688,0.279228279782454,"DT",1,145
"Weekly",0.05,"SameTimestamp",1000,"Weekly","beta_dt",0.0732907336237183,0.0315259923351417,0.011426046802636,0.135155420444801,"DT",1,145
"Weekly",0.05,"SameTimestamp",1000,"Weekly","LogLik_dt",1478.03242254343,NA,NA,NA,"DT",1,145
"Weekly",0.05,"SameTimestamp",1000,"Weekly","AIC_dt",1482.03242254343,NA,NA,NA,"DT",1,145
"Weekly",0.05,"SameTimestamp",1000,"Weekly","BIC_dt",1491.8479331014,NA,NA,NA,"DT",1,145
"Weekly",0.05,"SameTimestamp",1000,"Monthly","error_var_ct",2.18436146498932,1.34639860925836,-0.457729144328686,4.82645207430733,"CT",1,145
"Weekly",0.05,"SameTimestamp",1000,"Monthly","beta_ct",-4.46499526770979,2.74815024323536,-9.85779788999315,0.927807354573559,"CT",1,145
"Weekly",0.05,"SameTimestamp",1000,"Monthly","LogLik_ct",1429.65287981945,NA,NA,NA,"CT",1,145
"Weekly",0.05,"SameTimestamp",1000,"Monthly","AIC_ct",1433.65287981945,NA,NA,NA,"CT",1,145
"Weekly",0.05,"SameTimestamp",1000,"Monthly","BIC_ct",1443.46839037742,NA,NA,NA,"CT",1,145
"Weekly",0.05,"SameTimestamp",1000,"Monthly","error_var_dt",0.244577223106943,0.0109378410803846,0.223113470095036,0.26604097611885,"DT",1,145
"Weekly",0.05,"SameTimestamp",1000,"Monthly","beta_dt",0.0115046878416377,0.0316083991925627,-0.05052170917629,0.0735310848595654,"DT",1,145
"Weekly",0.05,"SameTimestamp",1000,"Monthly","LogLik_dt",1429.65287981945,NA,NA,NA,"DT",1,145
"Weekly",0.05,"SameTimestamp",1000,"Monthly","AIC_dt",1433.65287981945,NA,NA,NA,"DT",1,145
"Weekly",0.05,"SameTimestamp",1000,"Monthly","BIC_dt",1443.46839037742,NA,NA,NA,"DT",1,145
"Weekly",0.05,"SameTimestamp",1000,"Daily","error_var_ct",0.22216784298727,0.0123090423956145,0.198013328046807,0.246322357927734,"CT",1,146
"Weekly",0.05,"SameTimestamp",1000,"Daily","beta_ct",-0.452907542245926,0.0384079709976885,-0.528277004749937,-0.377538079741915,"CT",1,146
"Weekly",0.05,"SameTimestamp",1000,"Daily","LogLik_ct",914.722645025459,NA,NA,NA,"CT",1,146
"Weekly",0.05,"SameTimestamp",1000,"Daily","AIC_ct",918.722645025459,NA,NA,NA,"CT",1,146
"Weekly",0.05,"SameTimestamp",1000,"Daily","BIC_ct",928.538155583424,NA,NA,NA,"CT",1,146
"Weekly",0.05,"SameTimestamp",1000,"Daily","error_var_dt",0.146127916547773,0.00653559175870961,0.13330286942333,0.158952963672216,"DT",1,146
"Weekly",0.05,"SameTimestamp",1000,"Daily","beta_dt",0.635776922019821,0.0244191103031935,0.587858347552854,0.683695496486789,"DT",1,146
"Weekly",0.05,"SameTimestamp",1000,"Daily","LogLik_dt",914.72264502546,NA,NA,NA,"DT",1,146
"Weekly",0.05,"SameTimestamp",1000,"Daily","AIC_dt",918.72264502546,NA,NA,NA,"DT",1,146
"Weekly",0.05,"SameTimestamp",1000,"Daily","BIC_dt",928.538155583424,NA,NA,NA,"DT",1,146
"Weekly",0.05,"SameTimestamp",1000,"Weekly","error_var_ct",1.45837871225038,0.279795667970329,0.909324738346273,2.00743268615448,"CT",1,146
"Weekly",0.05,"SameTimestamp",1000,"Weekly","beta_ct",-2.83972337001949,0.540299686035085,-3.89997455928437,-1.7794721807546,"CT",1,146
"Weekly",0.05,"SameTimestamp",1000,"Weekly","LogLik_ct",1474.92728615007,NA,NA,NA,"CT",1,146
"Weekly",0.05,"SameTimestamp",1000,"Weekly","AIC_ct",1478.92728615007,NA,NA,NA,"CT",1,146
"Weekly",0.05,"SameTimestamp",1000,"Weekly","BIC_ct",1488.74279670804,NA,NA,NA,"CT",1,146
"Weekly",0.05,"SameTimestamp",1000,"Weekly","error_var_dt",0.255904814407199,0.0114444285387283,0.233446965027927,0.27836266378647,"DT",1,146
"Weekly",0.05,"SameTimestamp",1000,"Weekly","beta_dt",0.0584418528054823,0.0315560463766999,-0.00348181023588646,0.120365515846851,"DT",1,146
"Weekly",0.05,"SameTimestamp",1000,"Weekly","LogLik_dt",1474.92728615008,NA,NA,NA,"DT",1,146
"Weekly",0.05,"SameTimestamp",1000,"Weekly","AIC_dt",1478.92728615008,NA,NA,NA,"DT",1,146
"Weekly",0.05,"SameTimestamp",1000,"Weekly","BIC_dt",1488.74279670804,NA,NA,NA,"DT",1,146
"Weekly",0.05,"SameTimestamp",1000,"Monthly","error_var_ct",1.56862307561897,0.297864432503371,0.984112058929423,2.15313409230851,"CT",1,146
"Weekly",0.05,"SameTimestamp",1000,"Monthly","beta_ct",-2.82179797409567,0.531357843162356,-3.86450223563679,-1.77909371255455,"CT",1,146
"Weekly",0.05,"SameTimestamp",1000,"Monthly","LogLik_ct",1554.0072719398,NA,NA,NA,"CT",1,146
"Weekly",0.05,"SameTimestamp",1000,"Monthly","AIC_ct",1558.0072719398,NA,NA,NA,"CT",1,146
"Weekly",0.05,"SameTimestamp",1000,"Monthly","BIC_ct",1567.82278249777,NA,NA,NA,"CT",1,146
"Weekly",0.05,"SameTimestamp",1000,"Monthly","error_var_dt",0.276963427798036,0.0123861710942063,0.252657560198073,0.301269295398,"DT",1,146
"Weekly",0.05,"SameTimestamp",1000,"Monthly","beta_dt",0.0594987614895328,0.0315608132215555,-0.00243425571778828,0.121431778696854,"DT",1,146
"Weekly",0.05,"SameTimestamp",1000,"Monthly","LogLik_dt",1554.00727193977,NA,NA,NA,"DT",1,146
"Weekly",0.05,"SameTimestamp",1000,"Monthly","AIC_dt",1558.00727193977,NA,NA,NA,"DT",1,146
"Weekly",0.05,"SameTimestamp",1000,"Monthly","BIC_dt",1567.82278249773,NA,NA,NA,"DT",1,146
"Weekly",0.05,"SameTimestamp",1000,"Daily","error_var_ct",0.21336826557706,0.0116713129341197,0.190465192081882,0.236271339072238,"CT",1,147
"Weekly",0.05,"SameTimestamp",1000,"Daily","beta_ct",-0.425210172917233,0.0366056488481768,-0.497042868231018,-0.353377477603447,"CT",1,147
"Weekly",0.05,"SameTimestamp",1000,"Daily","LogLik_ct",898.017786526402,NA,NA,NA,"CT",1,147
"Weekly",0.05,"SameTimestamp",1000,"Daily","AIC_ct",902.017786526402,NA,NA,NA,"CT",1,147
"Weekly",0.05,"SameTimestamp",1000,"Daily","BIC_ct",911.833297084366,NA,NA,NA,"CT",1,147
"Weekly",0.05,"SameTimestamp",1000,"Daily","error_var_dt",0.143705179635658,0.00642728533444277,0.131092666440259,0.156317692831058,"DT",1,147
"Weekly",0.05,"SameTimestamp",1000,"Daily","beta_dt",0.65363239610046,0.0239267114438342,0.606680075158567,0.700584717042352,"DT",1,147
"Weekly",0.05,"SameTimestamp",1000,"Daily","LogLik_dt",898.017786526402,NA,NA,NA,"DT",1,147
"Weekly",0.05,"SameTimestamp",1000,"Daily","AIC_dt",902.017786526402,NA,NA,NA,"DT",1,147
"Weekly",0.05,"SameTimestamp",1000,"Daily","BIC_dt",911.833297084366,NA,NA,NA,"DT",1,147
"Weekly",0.05,"SameTimestamp",1000,"Weekly","error_var_ct",1.27364817394434,0.194446252998084,0.892078692565945,1.65521765532274,"CT",1,147
"Weekly",0.05,"SameTimestamp",1000,"Weekly","beta_ct",-2.47591647992647,0.374637917324291,-3.21108310625134,-1.7407498536016,"CT",1,147
"Weekly",0.05,"SameTimestamp",1000,"Weekly","LogLik_ct",1472.90912691659,NA,NA,NA,"CT",1,147
"Weekly",0.05,"SameTimestamp",1000,"Weekly","AIC_ct",1476.90912691659,NA,NA,NA,"CT",1,147
"Weekly",0.05,"SameTimestamp",1000,"Weekly","BIC_ct",1486.72463747455,NA,NA,NA,"CT",1,147
"Weekly",0.05,"SameTimestamp",1000,"Weekly","error_var_dt",0.255388851139487,0.0114213287034091,0.232976331469823,0.277801370809151,"DT",1,147
"Weekly",0.05,"SameTimestamp",1000,"Weekly","beta_dt",0.0840858970904586,0.0315143689901069,0.0222440192135879,0.145927774967329,"DT",1,147
"Weekly",0.05,"SameTimestamp",1000,"Weekly","LogLik_dt",1472.90912691659,NA,NA,NA,"DT",1,147
"Weekly",0.05,"SameTimestamp",1000,"Weekly","AIC_dt",1476.90912691659,NA,NA,NA,"DT",1,147
"Weekly",0.05,"SameTimestamp",1000,"Weekly","BIC_dt",1486.72463747455,NA,NA,NA,"DT",1,147
"Weekly",0.05,"SameTimestamp",1000,"Monthly","error_var_ct",10.7072294626498,442.919400569246,-858.450819930588,879.865278855887,"CT",1,147
"Weekly",0.05,"SameTimestamp",1000,"Monthly","beta_ct",-21.3621775909373,883.68431181576,-1755.45043778019,1712.72608259832,"CT",1,147
"Weekly",0.05,"SameTimestamp",1000,"Monthly","LogLik_ct",1454.02919461212,NA,NA,NA,"CT",1,147
"Weekly",0.05,"SameTimestamp",1000,"Monthly","AIC_ct",1458.02919461212,NA,NA,NA,"CT",1,147
"Weekly",0.05,"SameTimestamp",1000,"Monthly","BIC_ct",1467.84470517009,NA,NA,NA,"CT",1,147
"Weekly",0.05,"SameTimestamp",1000,"Monthly","error_var_dt",0.250408116650942,0.0111985691382999,0.228432726781519,0.272383506520364,"DT",1,147
"Weekly",0.05,"SameTimestamp",1000,"Monthly","beta_dt",-0.0285402589507429,0.0316006592669603,-0.0905514676101782,0.0334709497086925,"DT",1,147
"Weekly",0.05,"SameTimestamp",1000,"Monthly","LogLik_dt",1453.2138465224,NA,NA,NA,"DT",1,147
"Weekly",0.05,"SameTimestamp",1000,"Monthly","AIC_dt",1457.2138465224,NA,NA,NA,"DT",1,147
"Weekly",0.05,"SameTimestamp",1000,"Monthly","BIC_dt",1467.02935708036,NA,NA,NA,"DT",1,147
"Weekly",0.05,"SameTimestamp",1000,"Daily","error_var_ct",0.221861916400598,0.0122705390574146,0.197782958065426,0.245940874735769,"CT",1,148
"Weekly",0.05,"SameTimestamp",1000,"Daily","beta_ct",-0.448000421356685,0.0381109107891381,-0.522786951004099,-0.37321389170927,"CT",1,148
"Weekly",0.05,"SameTimestamp",1000,"Daily","LogLik_ct",918.082581815082,NA,NA,NA,"CT",1,148
"Weekly",0.05,"SameTimestamp",1000,"Daily","AIC_ct",922.082581815082,NA,NA,NA,"CT",1,148
"Weekly",0.05,"SameTimestamp",1000,"Daily","BIC_ct",931.898092373046,NA,NA,NA,"CT",1,148
"Weekly",0.05,"SameTimestamp",1000,"Daily","error_var_dt",0.146537970574277,0.0065560890165935,0.133672700879639,0.159403240268915,"DT",1,148
"Weekly",0.05,"SameTimestamp",1000,"Daily","beta_dt",0.638904385576884,0.0243492326437956,0.591122934771829,0.686685836381938,"DT",1,148
"Weekly",0.05,"SameTimestamp",1000,"Daily","LogLik_dt",918.082581815078,NA,NA,NA,"DT",1,148
"Weekly",0.05,"SameTimestamp",1000,"Daily","AIC_dt",922.082581815078,NA,NA,NA,"DT",1,148
"Weekly",0.05,"SameTimestamp",1000,"Daily","BIC_dt",931.898092373042,NA,NA,NA,"DT",1,148
"Weekly",0.05,"SameTimestamp",1000,"Weekly","error_var_ct",1.74375760164831,0.456946243849965,0.847074129504688,2.64044107379193,"CT",1,148
"Weekly",0.05,"SameTimestamp",1000,"Weekly","beta_ct",-3.30704636768726,0.861593077235061,-4.9977841349151,-1.61630860045941,"CT",1,148
"Weekly",0.05,"SameTimestamp",1000,"Weekly","LogLik_ct",1503.37616802668,NA,NA,NA,"CT",1,148
"Weekly",0.05,"SameTimestamp",1000,"Weekly","AIC_ct",1507.37616802668,NA,NA,NA,"CT",1,148
"Weekly",0.05,"SameTimestamp",1000,"Weekly","BIC_ct",1517.19167858464,NA,NA,NA,"CT",1,148
"Weekly",0.05,"SameTimestamp",1000,"Weekly","error_var_dt",0.263289122083245,0.011774648241286,0.240183269676385,0.286394974490104,"DT",1,148
"Weekly",0.05,"SameTimestamp",1000,"Weekly","beta_dt",0.0366241636806988,0.0316245528325038,-0.025433932256183,0.0986822596175805,"DT",1,148
"Weekly",0.05,"SameTimestamp",1000,"Weekly","LogLik_dt",1503.37616802668,NA,NA,NA,"DT",1,148
"Weekly",0.05,"SameTimestamp",1000,"Weekly","AIC_dt",1507.37616802668,NA,NA,NA,"DT",1,148
"Weekly",0.05,"SameTimestamp",1000,"Weekly","BIC_dt",1517.19167858464,NA,NA,NA,"DT",1,148
"Weekly",0.05,"SameTimestamp",1000,"Monthly","error_var_ct",9.94286286868872,61.5191869046546,-110.778641814979,130.664367552357,"CT",1,148
"Weekly",0.05,"SameTimestamp",1000,"Monthly","beta_ct",-20.4875852205831,126.763712761044,-269.240972802232,228.265802361066,"CT",1,148
"Weekly",0.05,"SameTimestamp",1000,"Monthly","LogLik_ct",1421.76681306118,NA,NA,NA,"CT",1,148
"Weekly",0.05,"SameTimestamp",1000,"Monthly","AIC_ct",1425.76681306118,NA,NA,NA,"CT",1,148
"Weekly",0.05,"SameTimestamp",1000,"Monthly","BIC_ct",1435.58232361915,NA,NA,NA,"CT",1,148
"Weekly",0.05,"SameTimestamp",1000,"Monthly","error_var_dt",0.242388207520932,0.0108399351162091,0.221116579208772,0.263659835833091,"DT",1,148
"Weekly",0.05,"SameTimestamp",1000,"Monthly","beta_dt",-0.0332786669845932,0.0316797702465179,-0.0954451182109369,0.0288877842417505,"DT",1,148
"Weekly",0.05,"SameTimestamp",1000,"Monthly","LogLik_dt",1420.66396381974,NA,NA,NA,"DT",1,148
"Weekly",0.05,"SameTimestamp",1000,"Monthly","AIC_dt",1424.66396381974,NA,NA,NA,"DT",1,148
"Weekly",0.05,"SameTimestamp",1000,"Monthly","BIC_dt",1434.4794743777,NA,NA,NA,"DT",1,148
"Weekly",0.05,"SameTimestamp",1000,"Daily","error_var_ct",0.221276903173936,0.0121611902266438,0.197412524322828,0.245141282025043,"CT",1,149
"Weekly",0.05,"SameTimestamp",1000,"Daily","beta_ct",-0.435524692209326,0.0372689746875952,-0.508659057741124,-0.362390326677528,"CT",1,149
"Weekly",0.05,"SameTimestamp",1000,"Daily","LogLik_ct",925.580127582367,NA,NA,NA,"CT",1,149
"Weekly",0.05,"SameTimestamp",1000,"Daily","AIC_ct",929.580127582367,NA,NA,NA,"CT",1,149
"Weekly",0.05,"SameTimestamp",1000,"Daily","BIC_ct",939.395638140331,NA,NA,NA,"CT",1,149
"Weekly",0.05,"SameTimestamp",1000,"Daily","error_var_dt",0.147718177520945,0.00660684461990441,0.134753308122359,0.160683046919531,"DT",1,149
"Weekly",0.05,"SameTimestamp",1000,"Daily","beta_dt",0.646925134595981,0.0241102883016328,0.599612573611695,0.694237695580267,"DT",1,149
"Weekly",0.05,"SameTimestamp",1000,"Daily","LogLik_dt",925.580127582367,NA,NA,NA,"DT",1,149
"Weekly",0.05,"SameTimestamp",1000,"Daily","AIC_dt",929.580127582367,NA,NA,NA,"DT",1,149
"Weekly",0.05,"SameTimestamp",1000,"Daily","BIC_dt",939.395638140331,NA,NA,NA,"DT",1,149
"Weekly",0.05,"SameTimestamp",1000,"Weekly","error_var_ct",1.86008658179898,0.728436242884321,0.430647674496722,3.28952548910124,"CT",1,149
"Weekly",0.05,"SameTimestamp",1000,"Weekly","beta_ct",-3.86031641114884,1.50692851354229,-6.81742112528453,-0.903211697013155,"CT",1,149
"Weekly",0.05,"SameTimestamp",1000,"Weekly","LogLik_ct",1414.15999828023,NA,NA,NA,"CT",1,149
"Weekly",0.05,"SameTimestamp",1000,"Weekly","AIC_ct",1418.15999828023,NA,NA,NA,"CT",1,149
"Weekly",0.05,"SameTimestamp",1000,"Weekly","BIC_ct",1427.9755088382,NA,NA,NA,"CT",1,149
"Weekly",0.05,"SameTimestamp",1000,"Weekly","error_var_dt",0.240817209804733,0.01076967846531,0.219683448864321,0.261950970745146,"DT",1,149
"Weekly",0.05,"SameTimestamp",1000,"Weekly","beta_dt",0.0210611945913166,0.0316010282581825,-0.0409507381540147,0.0830731273366478,"DT",1,149
"Weekly",0.05,"SameTimestamp",1000,"Weekly","LogLik_dt",1414.15999828021,NA,NA,NA,"DT",1,149
"Weekly",0.05,"SameTimestamp",1000,"Weekly","AIC_dt",1418.15999828021,NA,NA,NA,"DT",1,149
"Weekly",0.05,"SameTimestamp",1000,"Weekly","BIC_dt",1427.97550883817,NA,NA,NA,"DT",1,149
"Weekly",0.05,"SameTimestamp",1000,"Monthly","error_var_ct",11.264222476685,38.1899719669349,-63.6774520096964,86.2058969630664,"CT",1,149
"Weekly",0.05,"SameTimestamp",1000,"Monthly","beta_ct",-21.0023364969626,71.2074455656803,-160.735489776316,118.730816782391,"CT",1,149
"Weekly",0.05,"SameTimestamp",1000,"Monthly","LogLik_ct",1521.72789489576,NA,NA,NA,"CT",1,149
"Weekly",0.05,"SameTimestamp",1000,"Monthly","AIC_ct",1525.72789489576,NA,NA,NA,"CT",1,149
"Weekly",0.05,"SameTimestamp",1000,"Monthly","BIC_ct",1535.54340545372,NA,NA,NA,"CT",1,149
"Weekly",0.05,"SameTimestamp",1000,"Monthly","error_var_dt",0.268063440118753,0.0119881493631461,0.244538626116667,0.291588254120839,"DT",1,149
"Weekly",0.05,"SameTimestamp",1000,"Monthly","beta_dt",-0.0195484148783422,0.0316087182823168,-0.0815754380585645,0.0424786083018802,"DT",1,149
"Weekly",0.05,"SameTimestamp",1000,"Monthly","LogLik_dt",1521.34549001028,NA,NA,NA,"DT",1,149
"Weekly",0.05,"SameTimestamp",1000,"Monthly","AIC_dt",1525.34549001028,NA,NA,NA,"DT",1,149
"Weekly",0.05,"SameTimestamp",1000,"Monthly","BIC_dt",1535.16100056825,NA,NA,NA,"DT",1,149
"Weekly",0.05,"SameTimestamp",1000,"Daily","error_var_ct",0.219571758446336,0.0121069489020105,0.195813819466353,0.24332969742632,"CT",1,150
"Weekly",0.05,"SameTimestamp",1000,"Daily","beta_ct",-0.442696711254576,0.037728255279855,-0.516732341041631,-0.368661081467521,"CT",1,150
"Weekly",0.05,"SameTimestamp",1000,"Daily","LogLik_ct",911.744709093567,NA,NA,NA,"CT",1,150
"Weekly",0.05,"SameTimestamp",1000,"Daily","AIC_ct",915.744709093567,NA,NA,NA,"CT",1,150
"Weekly",0.05,"SameTimestamp",1000,"Daily","BIC_ct",925.560219651531,NA,NA,NA,"CT",1,150
"Weekly",0.05,"SameTimestamp",1000,"Daily","error_var_dt",0.145683283538355,0.0065159710672452,0.132896738863566,0.158469828213145,"DT",1,150
"Weekly",0.05,"SameTimestamp",1000,"Daily","beta_dt",0.642301972459123,0.0242328955916995,0.594748814397945,0.689855130520301,"DT",1,150
"Weekly",0.05,"SameTimestamp",1000,"Daily","LogLik_dt",911.744709093568,NA,NA,NA,"DT",1,150
"Weekly",0.05,"SameTimestamp",1000,"Daily","AIC_dt",915.744709093568,NA,NA,NA,"DT",1,150
"Weekly",0.05,"SameTimestamp",1000,"Daily","BIC_dt",925.560219651532,NA,NA,NA,"DT",1,150
"Weekly",0.05,"SameTimestamp",1000,"Weekly","error_var_ct",10.7445188390731,107.878001420731,-200.948699310274,222.437736988421,"CT",1,150
"Weekly",0.05,"SameTimestamp",1000,"Weekly","beta_ct",-21.6611170752579,217.479362721748,-448.429369817366,405.10713566685,"CT",1,150
"Weekly",0.05,"SameTimestamp",1000,"Weekly","LogLik_ct",1443.60804509411,NA,NA,NA,"CT",1,150
"Weekly",0.05,"SameTimestamp",1000,"Weekly","AIC_ct",1447.60804509411,NA,NA,NA,"CT",1,150
"Weekly",0.05,"SameTimestamp",1000,"Weekly","BIC_ct",1457.42355565207,NA,NA,NA,"CT",1,150
"Weekly",0.05,"SameTimestamp",1000,"Weekly","error_var_dt",0.24792112959515,0.011087379889957,0.226163930733118,0.269678328457181,"DT",1,150
"Weekly",0.05,"SameTimestamp",1000,"Weekly","beta_dt",-0.0193732900349102,0.031609628713955,-0.0814020997907167,0.0426555197208963,"DT",1,150
"Weekly",0.05,"SameTimestamp",1000,"Weekly","LogLik_dt",1443.23247615773,NA,NA,NA,"DT",1,150
"Weekly",0.05,"SameTimestamp",1000,"Weekly","AIC_dt",1447.23247615773,NA,NA,NA,"DT",1,150
"Weekly",0.05,"SameTimestamp",1000,"Weekly","BIC_dt",1457.04798671569,NA,NA,NA,"DT",1,150
"Weekly",0.05,"SameTimestamp",1000,"Monthly","error_var_ct",9.56929791581314,70.7940372188101,-129.352608008137,148.491203839764,"CT",1,150
"Weekly",0.05,"SameTimestamp",1000,"Monthly","beta_ct",-19.2573967423753,142.466154042635,-298.824298515273,260.309505030522,"CT",1,150
"Weekly",0.05,"SameTimestamp",1000,"Monthly","LogLik_ct",1445.39596131235,NA,NA,NA,"CT",1,150
"Weekly",0.05,"SameTimestamp",1000,"Monthly","AIC_ct",1449.39596131235,NA,NA,NA,"CT",1,150
"Weekly",0.05,"SameTimestamp",1000,"Monthly","BIC_ct",1459.21147187031,NA,NA,NA,"CT",1,150
"Weekly",0.05,"SameTimestamp",1000,"Monthly","error_var_dt",0.247668479079519,0.0110760672562905,0.225933479440639,0.2694034787184,"DT",1,150
"Weekly",0.05,"SameTimestamp",1000,"Monthly","beta_dt",-0.0563911401070853,0.0315836196981197,-0.118368911354664,0.00558663114049384,"DT",1,150
"Weekly",0.05,"SameTimestamp",1000,"Monthly","LogLik_dt",1442.21324641617,NA,NA,NA,"DT",1,150
"Weekly",0.05,"SameTimestamp",1000,"Monthly","AIC_dt",1446.21324641617,NA,NA,NA,"DT",1,150
"Weekly",0.05,"SameTimestamp",1000,"Monthly","BIC_dt",1456.02875697413,NA,NA,NA,"DT",1,150
"Weekly",0.05,"SameTimestamp",1000,"Daily","error_var_ct",0.220977249690491,0.0119999315820104,0.197429314979869,0.244525184401113,"CT",1,151
"Weekly",0.05,"SameTimestamp",1000,"Daily","beta_ct",-0.406883738598206,0.0355194250868501,-0.476584894574618,-0.337182582621794,"CT",1,151
"Weekly",0.05,"SameTimestamp",1000,"Daily","LogLik_ct",949.523127104716,NA,NA,NA,"CT",1,151
"Weekly",0.05,"SameTimestamp",1000,"Daily","AIC_ct",953.523127104716,NA,NA,NA,"CT",1,151
"Weekly",0.05,"SameTimestamp",1000,"Daily","BIC_ct",963.338637662681,NA,NA,NA,"CT",1,151
"Weekly",0.05,"SameTimestamp",1000,"Daily","error_var_dt",0.151202158071878,0.00676513488557478,0.137926669498853,0.164477646644904,"DT",1,151
"Weekly",0.05,"SameTimestamp",1000,"Daily","beta_dt",0.665721625830112,0.023646096683008,0.619319966200045,0.712123285460178,"DT",1,151
"Weekly",0.05,"SameTimestamp",1000,"Daily","LogLik_dt",949.523127104714,NA,NA,NA,"DT",1,151
"Weekly",0.05,"SameTimestamp",1000,"Daily","AIC_dt",953.523127104714,NA,NA,NA,"DT",1,151
"Weekly",0.05,"SameTimestamp",1000,"Daily","BIC_dt",963.338637662679,NA,NA,NA,"DT",1,151
"Weekly",0.05,"SameTimestamp",1000,"Weekly","error_var_ct",1.85152130158431,0.639907686663952,0.595805439922419,3.1072371632462,"CT",1,151
"Weekly",0.05,"SameTimestamp",1000,"Weekly","beta_ct",-3.69108072918462,1.27076561076515,-6.18475374975932,-1.19740770860993,"CT",1,151
"Weekly",0.05,"SameTimestamp",1000,"Weekly","LogLik_ct",1454.19677595101,NA,NA,NA,"CT",1,151
"Weekly",0.05,"SameTimestamp",1000,"Weekly","AIC_ct",1458.19677595101,NA,NA,NA,"CT",1,151
"Weekly",0.05,"SameTimestamp",1000,"Weekly","BIC_ct",1468.01228650897,NA,NA,NA,"CT",1,151
"Weekly",0.05,"SameTimestamp",1000,"Weekly","error_var_dt",0.25065412107253,0.0112096077528817,0.228657069698315,0.272651172446744,"DT",1,151
"Weekly",0.05,"SameTimestamp",1000,"Weekly","beta_dt",0.024945014450401,0.0316800755506349,-0.037222035886143,0.0871120647869449,"DT",1,151
"Weekly",0.05,"SameTimestamp",1000,"Weekly","LogLik_dt",1454.19677595101,NA,NA,NA,"DT",1,151
"Weekly",0.05,"SameTimestamp",1000,"Weekly","AIC_dt",1458.19677595101,NA,NA,NA,"DT",1,151
"Weekly",0.05,"SameTimestamp",1000,"Weekly","BIC_dt",1468.01228650897,NA,NA,NA,"DT",1,151
"Weekly",0.05,"SameTimestamp",1000,"Monthly","error_var_ct",11.1074654113533,290.929634071712,-559.795125298094,582.010056120801,"CT",1,151
"Weekly",0.05,"SameTimestamp",1000,"Monthly","beta_ct",-21.2263183287534,555.966936698246,-1112.22196585906,1069.76932920156,"CT",1,151
"Weekly",0.05,"SameTimestamp",1000,"Monthly","LogLik_ct",1497.10553437774,NA,NA,NA,"CT",1,151
"Weekly",0.05,"SameTimestamp",1000,"Monthly","AIC_ct",1501.10553437774,NA,NA,NA,"CT",1,151
"Weekly",0.05,"SameTimestamp",1000,"Monthly","BIC_ct",1510.9210449357,NA,NA,NA,"CT",1,151
"Weekly",0.05,"SameTimestamp",1000,"Monthly","error_var_dt",0.26152149228768,0.0116956016223942,0.23857075615028,0.284472228425081,"DT",1,151
"Weekly",0.05,"SameTimestamp",1000,"Monthly","beta_dt",-0.0216072565504708,0.0316290212537352,-0.0836741210449645,0.040459607944023,"DT",1,151
"Weekly",0.05,"SameTimestamp",1000,"Monthly","LogLik_dt",1496.63895068112,NA,NA,NA,"DT",1,151
"Weekly",0.05,"SameTimestamp",1000,"Monthly","AIC_dt",1500.63895068112,NA,NA,NA,"DT",1,151
"Weekly",0.05,"SameTimestamp",1000,"Monthly","BIC_dt",1510.45446123908,NA,NA,NA,"DT",1,151
"Weekly",0.05,"SameTimestamp",1000,"Daily","error_var_ct",0.227889254119991,0.0130169409277409,0.202345602224676,0.253432906015305,"CT",1,152
"Weekly",0.05,"SameTimestamp",1000,"Daily","beta_ct",-0.520294088543639,0.0428040901444027,-0.604290227453217,-0.436297949634062,"CT",1,152
"Weekly",0.05,"SameTimestamp",1000,"Daily","LogLik_ct",883.612359779126,NA,NA,NA,"CT",1,152
"Weekly",0.05,"SameTimestamp",1000,"Daily","AIC_ct",887.612359779126,NA,NA,NA,"CT",1,152
"Weekly",0.05,"SameTimestamp",1000,"Daily","BIC_ct",897.427870337091,NA,NA,NA,"CT",1,152
"Weekly",0.05,"SameTimestamp",1000,"Daily","error_var_dt",0.141639215660197,0.00633518163530769,0.129207441153099,0.154070990167295,"DT",1,152
"Weekly",0.05,"SameTimestamp",1000,"Daily","beta_dt",0.594345732571612,0.0254403238152531,0.544423190920062,0.644268274223162,"DT",1,152
"Weekly",0.05,"SameTimestamp",1000,"Daily","LogLik_dt",883.612359779125,NA,NA,NA,"DT",1,152
"Weekly",0.05,"SameTimestamp",1000,"Daily","AIC_dt",887.612359779125,NA,NA,NA,"DT",1,152
"Weekly",0.05,"SameTimestamp",1000,"Daily","BIC_dt",897.427870337089,NA,NA,NA,"DT",1,152
"Weekly",0.05,"SameTimestamp",1000,"Weekly","error_var_ct",2.16795624097291,1.63128248890908,-1.03317313888116,5.36908562082698,"CT",1,152
"Weekly",0.05,"SameTimestamp",1000,"Weekly","beta_ct",-4.70797418349822,3.53878153693329,-11.6522634919294,2.23631512493291,"CT",1,152
"Weekly",0.05,"SameTimestamp",1000,"Weekly","LogLik_ct",1369.17569224432,NA,NA,NA,"CT",1,152
"Weekly",0.05,"SameTimestamp",1000,"Weekly","AIC_ct",1373.17569224432,NA,NA,NA,"CT",1,152
"Weekly",0.05,"SameTimestamp",1000,"Weekly","BIC_ct",1382.99120280229,NA,NA,NA,"CT",1,152
"Weekly",0.05,"SameTimestamp",1000,"Weekly","error_var_dt",0.230224260941559,0.0102959421801084,0.210020131227604,0.250428390655515,"DT",1,152
"Weekly",0.05,"SameTimestamp",1000,"Weekly","beta_dt",0.00902301957161927,0.0316853762883188,-0.053154432609639,0.0712004717528776,"DT",1,152
"Weekly",0.05,"SameTimestamp",1000,"Weekly","LogLik_dt",1369.17569224432,NA,NA,NA,"DT",1,152
"Weekly",0.05,"SameTimestamp",1000,"Weekly","AIC_dt",1373.17569224432,NA,NA,NA,"DT",1,152
"Weekly",0.05,"SameTimestamp",1000,"Weekly","BIC_dt",1382.99120280229,NA,NA,NA,"DT",1,152
"Weekly",0.05,"SameTimestamp",1000,"Monthly","error_var_ct",11.2785598369448,52.7997976464781,-92.3325465444652,114.889666218355,"CT",1,152
"Weekly",0.05,"SameTimestamp",1000,"Monthly","beta_ct",-23.7758160500887,111.305547222455,-242.195041277481,194.643409177304,"CT",1,152
"Weekly",0.05,"SameTimestamp",1000,"Monthly","LogLik_ct",1398.96692172885,NA,NA,NA,"CT",1,152
"Weekly",0.05,"SameTimestamp",1000,"Monthly","AIC_ct",1402.96692172885,NA,NA,NA,"CT",1,152
"Weekly",0.05,"SameTimestamp",1000,"Monthly","BIC_ct",1412.78243228681,NA,NA,NA,"CT",1,152
"Weekly",0.05,"SameTimestamp",1000,"Monthly","error_var_dt",0.236588948466427,0.0105805935349946,0.215826236274368,0.257351660658486,"DT",1,152
"Weekly",0.05,"SameTimestamp",1000,"Monthly","beta_dt",-0.0501518649142797,0.0315711570406239,-0.112105180202004,0.0118014503734445,"DT",1,152
"Weekly",0.05,"SameTimestamp",1000,"Monthly","LogLik_dt",1396.44661810692,NA,NA,NA,"DT",1,152
"Weekly",0.05,"SameTimestamp",1000,"Monthly","AIC_dt",1400.44661810692,NA,NA,NA,"DT",1,152
"Weekly",0.05,"SameTimestamp",1000,"Monthly","BIC_dt",1410.26212866488,NA,NA,NA,"DT",1,152
"Weekly",0.05,"SameTimestamp",1000,"Daily","error_var_ct",0.216085883332208,0.0121663096239083,0.192211458487778,0.239960308176637,"CT",1,153
"Weekly",0.05,"SameTimestamp",1000,"Daily","beta_ct",-0.48855758064801,0.0406921241248671,-0.568409326100075,-0.408705835195944,"CT",1,153
"Weekly",0.05,"SameTimestamp",1000,"Daily","LogLik_ct",857.204784855378,NA,NA,NA,"CT",1,153
"Weekly",0.05,"SameTimestamp",1000,"Daily","AIC_ct",861.204784855378,NA,NA,NA,"CT",1,153
"Weekly",0.05,"SameTimestamp",1000,"Daily","BIC_ct",871.020295413342,NA,NA,NA,"CT",1,153
"Weekly",0.05,"SameTimestamp",1000,"Daily","error_var_dt",0.137908160490189,0.00616934270289383,0.125801818201289,0.150014502779089,"DT",1,153
"Weekly",0.05,"SameTimestamp",1000,"Daily","beta_dt",0.613510692082816,0.0249646432094274,0.564521597074069,0.662499787091563,"DT",1,153
"Weekly",0.05,"SameTimestamp",1000,"Daily","LogLik_dt",857.204784855376,NA,NA,NA,"DT",1,153
"Weekly",0.05,"SameTimestamp",1000,"Daily","AIC_dt",861.204784855376,NA,NA,NA,"DT",1,153
"Weekly",0.05,"SameTimestamp",1000,"Daily","BIC_dt",871.02029541334,NA,NA,NA,"DT",1,153
"Weekly",0.05,"SameTimestamp",1000,"Weekly","error_var_ct",1.22574792906808,0.184419593942096,0.863854152605367,1.58764170553079,"CT",1,153
"Weekly",0.05,"SameTimestamp",1000,"Weekly","beta_ct",-2.45335416822341,0.365855132156199,-3.17128599197442,-1.73542234447239,"CT",1,153
"Weekly",0.05,"SameTimestamp",1000,"Weekly","LogLik_ct",1443.40709516131,NA,NA,NA,"CT",1,153
"Weekly",0.05,"SameTimestamp",1000,"Weekly","AIC_ct",1447.40709516131,NA,NA,NA,"CT",1,153
"Weekly",0.05,"SameTimestamp",1000,"Weekly","BIC_ct",1457.22260571928,NA,NA,NA,"CT",1,153
"Weekly",0.05,"SameTimestamp",1000,"Weekly","error_var_dt",0.247962828935832,0.0110892987967638,0.226201864527981,0.269723793343683,"DT",1,153
"Weekly",0.05,"SameTimestamp",1000,"Weekly","beta_dt",0.086004640587016,0.031517218896438,0.0241571702275751,0.147852110946457,"DT",1,153
"Weekly",0.05,"SameTimestamp",1000,"Weekly","LogLik_dt",1443.40709516131,NA,NA,NA,"DT",1,153
"Weekly",0.05,"SameTimestamp",1000,"Weekly","AIC_dt",1447.40709516131,NA,NA,NA,"DT",1,153
"Weekly",0.05,"SameTimestamp",1000,"Weekly","BIC_dt",1457.22260571928,NA,NA,NA,"DT",1,153
"Weekly",0.05,"SameTimestamp",1000,"Monthly","error_var_ct",1.86889723833356,0.752089480281908,0.393042658897952,3.34475181776917,"CT",1,153
"Weekly",0.05,"SameTimestamp",1000,"Monthly","beta_ct",-3.90301365474437,1.56591129374106,-6.97586258355988,-0.830164725928853,"CT",1,153
"Weekly",0.05,"SameTimestamp",1000,"Monthly","LogLik_ct",1407.9221232982,NA,NA,NA,"CT",1,153
"Weekly",0.05,"SameTimestamp",1000,"Monthly","AIC_ct",1411.9221232982,NA,NA,NA,"CT",1,153
"Weekly",0.05,"SameTimestamp",1000,"Monthly","BIC_ct",1421.73763385616,NA,NA,NA,"CT",1,153
"Weekly",0.05,"SameTimestamp",1000,"Monthly","error_var_dt",0.239319613747538,0.0107026998516064,0.218317287558376,0.2603219399367,"DT",1,153
"Weekly",0.05,"SameTimestamp",1000,"Monthly","beta_dt",0.020180855356795,0.0316188958409953,-0.0418661396445697,0.0822278503581596,"DT",1,153
"Weekly",0.05,"SameTimestamp",1000,"Monthly","LogLik_dt",1407.92212329812,NA,NA,NA,"DT",1,153
"Weekly",0.05,"SameTimestamp",1000,"Monthly","AIC_dt",1411.92212329812,NA,NA,NA,"DT",1,153
"Weekly",0.05,"SameTimestamp",1000,"Monthly","BIC_dt",1421.73763385608,NA,NA,NA,"DT",1,153
"Weekly",0.05,"SameTimestamp",1000,"Daily","error_var_ct",0.185638401503323,0.00985598040949086,0.16629762596592,0.204979177040727,"CT",1,154
"Weekly",0.05,"SameTimestamp",1000,"Daily","beta_ct",-0.359673948850278,0.0324479316173812,-0.423347793155048,-0.296000104545508,"CT",1,154
"Weekly",0.05,"SameTimestamp",1000,"Daily","LogLik_ct",815.915394655859,NA,NA,NA,"CT",1,154
"Weekly",0.05,"SameTimestamp",1000,"Daily","AIC_ct",819.915394655859,NA,NA,NA,"CT",1,154
"Weekly",0.05,"SameTimestamp",1000,"Daily","BIC_ct",829.730905213823,NA,NA,NA,"CT",1,154
"Weekly",0.05,"SameTimestamp",1000,"Daily","error_var_dt",0.132369259929752,0.00592048972978349,0.120751251555366,0.143987268304137,"DT",1,154
"Weekly",0.05,"SameTimestamp",1000,"Daily","beta_dt",0.697903880783425,0.022645578174027,0.653465577724622,0.742342183842227,"DT",1,154
"Weekly",0.05,"SameTimestamp",1000,"Daily","LogLik_dt",815.915394655858,NA,NA,NA,"DT",1,154
"Weekly",0.05,"SameTimestamp",1000,"Daily","AIC_dt",819.915394655858,NA,NA,NA,"DT",1,154
"Weekly",0.05,"SameTimestamp",1000,"Daily","BIC_dt",829.730905213822,NA,NA,NA,"DT",1,154
"Weekly",0.05,"SameTimestamp",1000,"Weekly","error_var_ct",1.12608792703797,0.163505703589731,0.805234294945826,1.44694155913012,"CT",1,154
"Weekly",0.05,"SameTimestamp",1000,"Weekly","beta_ct",-2.39049062008852,0.344131417260071,-3.06579314911813,-1.7151880910589,"CT",1,154
"Weekly",0.05,"SameTimestamp",1000,"Weekly","LogLik_ct",1383.55825847914,NA,NA,NA,"CT",1,154
"Weekly",0.05,"SameTimestamp",1000,"Weekly","AIC_ct",1387.55825847914,NA,NA,NA,"CT",1,154
"Weekly",0.05,"SameTimestamp",1000,"Weekly","BIC_ct",1397.3737690371,NA,NA,NA,"CT",1,154
"Weekly",0.05,"SameTimestamp",1000,"Weekly","error_var_dt",0.233559284231157,0.0104451027746775,0.213062450853159,0.254056117609155,"DT",1,154
"Weekly",0.05,"SameTimestamp",1000,"Weekly","beta_dt",0.0915847368510828,0.0315165368522522,0.0297386048936026,0.153430868808563,"DT",1,154
"Weekly",0.05,"SameTimestamp",1000,"Weekly","LogLik_dt",1383.55825847914,NA,NA,NA,"DT",1,154
"Weekly",0.05,"SameTimestamp",1000,"Weekly","AIC_dt",1387.55825847914,NA,NA,NA,"DT",1,154
"Weekly",0.05,"SameTimestamp",1000,"Weekly","BIC_dt",1397.3737690371,NA,NA,NA,"DT",1,154
"Weekly",0.05,"SameTimestamp",1000,"Monthly","error_var_ct",1.54302999544373,0.315853966469653,0.923217413206299,2.16284257768117,"CT",1,154
"Weekly",0.05,"SameTimestamp",1000,"Monthly","beta_ct",-2.93988046231014,0.597092714091482,-4.11157883004857,-1.76818209457172,"CT",1,154
"Weekly",0.05,"SameTimestamp",1000,"Monthly","LogLik_ct",1497.30968979382,NA,NA,NA,"CT",1,154
"Weekly",0.05,"SameTimestamp",1000,"Monthly","AIC_ct",1501.30968979382,NA,NA,NA,"CT",1,154
"Weekly",0.05,"SameTimestamp",1000,"Monthly","BIC_ct",1511.12520035179,NA,NA,NA,"CT",1,154
"Weekly",0.05,"SameTimestamp",1000,"Monthly","error_var_dt",0.261697085748988,0.0117034263486696,0.23873099484542,0.284663176652556,"DT",1,154
"Weekly",0.05,"SameTimestamp",1000,"Monthly","beta_dt",0.0528719188313733,0.0315890260069232,-0.00911646142725379,0.11486029909,"DT",1,154
"Weekly",0.05,"SameTimestamp",1000,"Monthly","LogLik_dt",1497.30968979382,NA,NA,NA,"DT",1,154
"Weekly",0.05,"SameTimestamp",1000,"Monthly","AIC_dt",1501.30968979382,NA,NA,NA,"DT",1,154
"Weekly",0.05,"SameTimestamp",1000,"Monthly","BIC_dt",1511.12520035179,NA,NA,NA,"DT",1,154
"Weekly",0.05,"SameTimestamp",1000,"Daily","error_var_ct",0.209056717109741,0.0112618161612655,0.186957215135408,0.231156219084075,"CT",1,155
"Weekly",0.05,"SameTimestamp",1000,"Daily","beta_ct",-0.391442693668898,0.0344486164362034,-0.459042559982059,-0.323842827355737,"CT",1,155
"Weekly",0.05,"SameTimestamp",1000,"Daily","LogLik_ct",907.126215901152,NA,NA,NA,"CT",1,155
"Weekly",0.05,"SameTimestamp",1000,"Daily","AIC_ct",911.126215901152,NA,NA,NA,"CT",1,155
"Weekly",0.05,"SameTimestamp",1000,"Daily","BIC_ct",920.941726459116,NA,NA,NA,"CT",1,155
"Weekly",0.05,"SameTimestamp",1000,"Daily","error_var_dt",0.144976480534489,0.00648523421676666,0.132250251982615,0.157702709086363,"DT",1,155
"Weekly",0.05,"SameTimestamp",1000,"Daily","beta_dt",0.676080803008139,0.0232897255221831,0.630378464434239,0.721783141582039,"DT",1,155
"Weekly",0.05,"SameTimestamp",1000,"Daily","LogLik_dt",907.126215901153,NA,NA,NA,"DT",1,155
"Weekly",0.05,"SameTimestamp",1000,"Daily","AIC_dt",911.126215901153,NA,NA,NA,"DT",1,155
"Weekly",0.05,"SameTimestamp",1000,"Daily","BIC_dt",920.941726459117,NA,NA,NA,"DT",1,155
"Weekly",0.05,"SameTimestamp",1000,"Weekly","error_var_ct",1.55626198161642,0.309957297972117,0.948020662418377,2.16450330081446,"CT",1,155
"Weekly",0.05,"SameTimestamp",1000,"Weekly","beta_ct",-2.89620142744503,0.57220162559314,-4.01905503945885,-1.77334781543121,"CT",1,155
"Weekly",0.05,"SameTimestamp",1000,"Weekly","LogLik_ct",1520.56335241432,NA,NA,NA,"CT",1,155
"Weekly",0.05,"SameTimestamp",1000,"Weekly","AIC_ct",1524.56335241432,NA,NA,NA,"CT",1,155
"Weekly",0.05,"SameTimestamp",1000,"Weekly","BIC_ct",1534.37886297229,NA,NA,NA,"CT",1,155
"Weekly",0.05,"SameTimestamp",1000,"Weekly","error_var_dt",0.267853377153489,0.0119787896221037,0.244346930137037,0.29135982416994,"DT",1,155
"Weekly",0.05,"SameTimestamp",1000,"Weekly","beta_dt",0.0552325459738478,0.031569811668636,-0.00671812923784625,0.117183221185542,"DT",1,155
"Weekly",0.05,"SameTimestamp",1000,"Weekly","LogLik_dt",1520.5633524143,NA,NA,NA,"DT",1,155
"Weekly",0.05,"SameTimestamp",1000,"Weekly","AIC_dt",1524.5633524143,NA,NA,NA,"DT",1,155
"Weekly",0.05,"SameTimestamp",1000,"Weekly","BIC_dt",1534.37886297226,NA,NA,NA,"DT",1,155
"Weekly",0.05,"SameTimestamp",1000,"Monthly","error_var_ct",2.93720839094769,5.17331113910887,-7.21458223460023,13.0889990164956,"CT",1,155
"Weekly",0.05,"SameTimestamp",1000,"Monthly","beta_ct",-5.77386841253885,10.1673224864889,-25.7256026751412,14.1778658500635,"CT",1,155
"Weekly",0.05,"SameTimestamp",1000,"Monthly","LogLik_ct",1468.83772531777,NA,NA,NA,"CT",1,155
"Weekly",0.05,"SameTimestamp",1000,"Monthly","AIC_ct",1472.83772531777,NA,NA,NA,"CT",1,155
"Weekly",0.05,"SameTimestamp",1000,"Monthly","BIC_ct",1482.65323587574,NA,NA,NA,"CT",1,155
"Weekly",0.05,"SameTimestamp",1000,"Monthly","error_var_dt",0.254351192579903,0.0113749281557634,0.232029726518256,0.27667265864155,"DT",1,155
"Weekly",0.05,"SameTimestamp",1000,"Monthly","beta_dt",0.00310761406773536,0.0316220871334713,-0.0589456433315734,0.0651608714670441,"DT",1,155
"Weekly",0.05,"SameTimestamp",1000,"Monthly","LogLik_dt",1468.83772531775,NA,NA,NA,"DT",1,155
"Weekly",0.05,"SameTimestamp",1000,"Monthly","AIC_dt",1472.83772531775,NA,NA,NA,"DT",1,155
"Weekly",0.05,"SameTimestamp",1000,"Monthly","BIC_dt",1482.65323587571,NA,NA,NA,"DT",1,155
"Weekly",0.05,"SameTimestamp",1000,"Daily","error_var_ct",0.204793326340309,0.0112148371070361,0.182786013200069,0.226800639480548,"CT",1,156
"Weekly",0.05,"SameTimestamp",1000,"Daily","beta_ct",-0.427619856458577,0.0367603362757684,-0.499756100956838,-0.355483611960316,"CT",1,156
"Weekly",0.05,"SameTimestamp",1000,"Daily","LogLik_ct",854.958361158297,NA,NA,NA,"CT",1,156
"Weekly",0.05,"SameTimestamp",1000,"Daily","AIC_ct",858.958361158297,NA,NA,NA,"CT",1,156
"Weekly",0.05,"SameTimestamp",1000,"Daily","BIC_ct",868.773871716261,NA,NA,NA,"CT",1,156
"Weekly",0.05,"SameTimestamp",1000,"Daily","error_var_dt",0.137644497609542,0.00615632195039397,0.125563706452134,0.149725288766949,"DT",1,156
"Weekly",0.05,"SameTimestamp",1000,"Daily","beta_dt",0.652059222183877,0.0239697817222728,0.605022382751383,0.699096061616372,"DT",1,156
"Weekly",0.05,"SameTimestamp",1000,"Daily","LogLik_dt",854.958361158295,NA,NA,NA,"DT",1,156
"Weekly",0.05,"SameTimestamp",1000,"Daily","AIC_dt",858.958361158295,NA,NA,NA,"DT",1,156
"Weekly",0.05,"SameTimestamp",1000,"Daily","BIC_dt",868.773871716259,NA,NA,NA,"DT",1,156
"Weekly",0.05,"SameTimestamp",1000,"Weekly","error_var_ct",1.5288731942769,0.321228186301881,0.898514570433729,2.15923181812006,"CT",1,156
"Weekly",0.05,"SameTimestamp",1000,"Weekly","beta_ct",-2.97624309564901,0.620575188094475,-4.194022039838,-1.75846415146003,"CT",1,156
"Weekly",0.05,"SameTimestamp",1000,"Weekly","LogLik_ct",1475.99646826021,NA,NA,NA,"CT",1,156
"Weekly",0.05,"SameTimestamp",1000,"Weekly","AIC_ct",1479.99646826021,NA,NA,NA,"CT",1,156
"Weekly",0.05,"SameTimestamp",1000,"Weekly","BIC_ct",1489.81197881817,NA,NA,NA,"CT",1,156
"Weekly",0.05,"SameTimestamp",1000,"Weekly","error_var_dt",0.256178535187473,0.0114566672040004,0.233696669397041,0.278660400977906,"DT",1,156
"Weekly",0.05,"SameTimestamp",1000,"Weekly","beta_dt",0.050984064006629,0.0315803558580824,-0.0109873024800912,0.112955430493349,"DT",1,156
"Weekly",0.05,"SameTimestamp",1000,"Weekly","LogLik_dt",1475.99646826021,NA,NA,NA,"DT",1,156
"Weekly",0.05,"SameTimestamp",1000,"Weekly","AIC_dt",1479.99646826021,NA,NA,NA,"DT",1,156
"Weekly",0.05,"SameTimestamp",1000,"Weekly","BIC_dt",1489.81197881817,NA,NA,NA,"DT",1,156
"Weekly",0.05,"SameTimestamp",1000,"Monthly","error_var_ct",1.60496025710407,0.412111600413034,0.796257557951657,2.41366295625648,"CT",1,156
"Weekly",0.05,"SameTimestamp",1000,"Monthly","beta_ct",-3.27564024270114,0.8360806268163,-4.9163139314246,-1.63496655397767,"CT",1,156
"Weekly",0.05,"SameTimestamp",1000,"Monthly","LogLik_ct",1429.88631648085,NA,NA,NA,"CT",1,156
"Weekly",0.05,"SameTimestamp",1000,"Monthly","AIC_ct",1433.88631648085,NA,NA,NA,"CT",1,156
"Weekly",0.05,"SameTimestamp",1000,"Monthly","BIC_ct",1443.70182703882,NA,NA,NA,"CT",1,156
"Weekly",0.05,"SameTimestamp",1000,"Monthly","error_var_dt",0.244634300625659,0.0109403772344077,0.223165570819598,0.266103030431721,"DT",1,156
"Weekly",0.05,"SameTimestamp",1000,"Monthly","beta_dt",0.0377926562420382,0.0315861435249675,-0.0241900676095976,0.099775380093674,"DT",1,156
"Weekly",0.05,"SameTimestamp",1000,"Monthly","LogLik_dt",1429.88631648085,NA,NA,NA,"DT",1,156
"Weekly",0.05,"SameTimestamp",1000,"Monthly","AIC_dt",1433.88631648085,NA,NA,NA,"DT",1,156
"Weekly",0.05,"SameTimestamp",1000,"Monthly","BIC_dt",1443.70182703882,NA,NA,NA,"DT",1,156
"Weekly",0.05,"SameTimestamp",1000,"Daily","error_var_ct",0.222686197616004,0.0120074978489335,0.199123415324103,0.246248979907905,"CT",1,157
"Weekly",0.05,"SameTimestamp",1000,"Daily","beta_ct",-0.392637352098925,0.0345867355726375,-0.46050825499132,-0.324766449206529,"CT",1,157
"Weekly",0.05,"SameTimestamp",1000,"Daily","LogLik_ct",968.941294299904,NA,NA,NA,"CT",1,157
"Weekly",0.05,"SameTimestamp",1000,"Daily","AIC_ct",972.941294299904,NA,NA,NA,"CT",1,157
"Weekly",0.05,"SameTimestamp",1000,"Daily","BIC_ct",982.756804857868,NA,NA,NA,"CT",1,157
"Weekly",0.05,"SameTimestamp",1000,"Daily","error_var_dt",0.154267712659277,0.00689969038980048,0.140728180561769,0.167807244756785,"DT",1,157
"Weekly",0.05,"SameTimestamp",1000,"Daily","beta_dt",0.675273583585953,0.0233553625089012,0.629442442987868,0.721104724184037,"DT",1,157
"Weekly",0.05,"SameTimestamp",1000,"Daily","LogLik_dt",968.941294299903,NA,NA,NA,"DT",1,157
"Weekly",0.05,"SameTimestamp",1000,"Daily","AIC_dt",972.941294299903,NA,NA,NA,"DT",1,157
"Weekly",0.05,"SameTimestamp",1000,"Daily","BIC_dt",982.756804857867,NA,NA,NA,"DT",1,157
"Weekly",0.05,"SameTimestamp",1000,"Weekly","error_var_ct",1.26657802202505,0.197641015441303,0.878739333450364,1.65441671059973,"CT",1,157
"Weekly",0.05,"SameTimestamp",1000,"Weekly","beta_ct",-2.51217809392049,0.388485570109675,-3.27451851048383,-1.74983767735714,"CT",1,157
"Weekly",0.05,"SameTimestamp",1000,"Weekly","LogLik_ct",1453.30096252037,NA,NA,NA,"CT",1,157
"Weekly",0.05,"SameTimestamp",1000,"Weekly","AIC_ct",1457.30096252037,NA,NA,NA,"CT",1,157
"Weekly",0.05,"SameTimestamp",1000,"Weekly","BIC_ct",1467.11647307834,NA,NA,NA,"CT",1,157
"Weekly",0.05,"SameTimestamp",1000,"Weekly","error_var_dt",0.250429928190597,0.0111995838009587,0.228452547208986,0.272407309172209,"DT",1,157
"Weekly",0.05,"SameTimestamp",1000,"Weekly","beta_dt",0.0810914661904445,0.031506493967397,0.0192650417783999,0.142917890602489,"DT",1,157
"Weekly",0.05,"SameTimestamp",1000,"Weekly","LogLik_dt",1453.30096252037,NA,NA,NA,"DT",1,157
"Weekly",0.05,"SameTimestamp",1000,"Weekly","AIC_dt",1457.30096252037,NA,NA,NA,"DT",1,157
"Weekly",0.05,"SameTimestamp",1000,"Weekly","BIC_dt",1467.11647307833,NA,NA,NA,"DT",1,157
"Weekly",0.05,"SameTimestamp",1000,"Monthly","error_var_ct",1.44898928836293,0.310019868958907,0.840625183672184,2.05735339305367,"CT",1,157
"Weekly",0.05,"SameTimestamp",1000,"Monthly","beta_ct",-3.00399806632437,0.637965784230585,-4.25590325695012,-1.75209287569863,"CT",1,157
"Weekly",0.05,"SameTimestamp",1000,"Monthly","LogLik_ct",1413.19033278774,NA,NA,NA,"CT",1,157
"Weekly",0.05,"SameTimestamp",1000,"Monthly","AIC_ct",1417.19033278774,NA,NA,NA,"CT",1,157
"Weekly",0.05,"SameTimestamp",1000,"Monthly","BIC_ct",1427.0058433457,NA,NA,NA,"CT",1,157
"Weekly",0.05,"SameTimestamp",1000,"Monthly","error_var_dt",0.240583815227376,0.0107592284951409,0.21947056067182,0.261697069782932,"DT",1,157
"Weekly",0.05,"SameTimestamp",1000,"Monthly","beta_dt",0.0495886348401707,0.0316212872117351,-0.0124630528414534,0.111640322521795,"DT",1,157
"Weekly",0.05,"SameTimestamp",1000,"Monthly","LogLik_dt",1413.19033278764,NA,NA,NA,"DT",1,157
"Weekly",0.05,"SameTimestamp",1000,"Monthly","AIC_dt",1417.19033278764,NA,NA,NA,"DT",1,157
"Weekly",0.05,"SameTimestamp",1000,"Monthly","BIC_dt",1427.00584334561,NA,NA,NA,"DT",1,157
"Weekly",0.05,"SameTimestamp",1000,"Daily","error_var_ct",0.203829395376921,0.0111224701135429,0.182003337597792,0.225655453156049,"CT",1,158
"Weekly",0.05,"SameTimestamp",1000,"Daily","beta_ct",-0.419832380531019,0.0362611361576594,-0.490989025128361,-0.348675735933676,"CT",1,158
"Weekly",0.05,"SameTimestamp",1000,"Daily","LogLik_ct",856.949666589568,NA,NA,NA,"CT",1,158
"Weekly",0.05,"SameTimestamp",1000,"Daily","AIC_ct",860.949666589568,NA,NA,NA,"CT",1,158
"Weekly",0.05,"SameTimestamp",1000,"Daily","BIC_ct",870.765177147533,NA,NA,NA,"CT",1,158
"Weekly",0.05,"SameTimestamp",1000,"Daily","error_var_dt",0.13791765786712,0.00616857068482675,0.125812830539444,0.150022485194795,"DT",1,158
"Weekly",0.05,"SameTimestamp",1000,"Daily","beta_dt",0.65715696686306,0.0238292869061214,0.610395825898953,0.703918107827167,"DT",1,158
"Weekly",0.05,"SameTimestamp",1000,"Daily","LogLik_dt",856.949666589568,NA,NA,NA,"DT",1,158
"Weekly",0.05,"SameTimestamp",1000,"Daily","AIC_dt",860.949666589568,NA,NA,NA,"DT",1,158
"Weekly",0.05,"SameTimestamp",1000,"Daily","BIC_dt",870.765177147532,NA,NA,NA,"DT",1,158
"Weekly",0.05,"SameTimestamp",1000,"Weekly","error_var_ct",1.30168004918152,0.222795969566335,0.864478811050885,1.73888128731214,"CT",1,158
"Weekly",0.05,"SameTimestamp",1000,"Weekly","beta_ct",-2.66049747400981,0.451358312296228,-3.54621552968455,-1.77477941833507,"CT",1,158
"Weekly",0.05,"SameTimestamp",1000,"Weekly","LogLik_ct",1424.97306301645,NA,NA,NA,"CT",1,158
"Weekly",0.05,"SameTimestamp",1000,"Weekly","AIC_ct",1428.97306301645,NA,NA,NA,"CT",1,158
"Weekly",0.05,"SameTimestamp",1000,"Weekly","BIC_ct",1438.78857357442,NA,NA,NA,"CT",1,158
"Weekly",0.05,"SameTimestamp",1000,"Weekly","error_var_dt",0.243435246161394,0.0108867629281528,0.222071725803787,0.264798766519,"DT",1,158
"Weekly",0.05,"SameTimestamp",1000,"Weekly","beta_dt",0.0699135130840546,0.0315536921910691,0.00799446975315263,0.131832556414956,"DT",1,158
"Weekly",0.05,"SameTimestamp",1000,"Weekly","LogLik_dt",1424.97306301646,NA,NA,NA,"DT",1,158
"Weekly",0.05,"SameTimestamp",1000,"Weekly","AIC_dt",1428.97306301646,NA,NA,NA,"DT",1,158
"Weekly",0.05,"SameTimestamp",1000,"Weekly","BIC_dt",1438.78857357442,NA,NA,NA,"DT",1,158
"Weekly",0.05,"SameTimestamp",1000,"Monthly","error_var_ct",8.29727817811751,99.4847065498931,-186.925449429285,203.52000578552,"CT",1,158
"Weekly",0.05,"SameTimestamp",1000,"Monthly","beta_ct",-17.8116559304614,213.562132677876,-436.892975068892,401.269663207969,"CT",1,158
"Weekly",0.05,"SameTimestamp",1000,"Monthly","LogLik_ct",1380.80626039807,NA,NA,NA,"CT",1,158
"Weekly",0.05,"SameTimestamp",1000,"Monthly","AIC_ct",1384.80626039807,NA,NA,NA,"CT",1,158
"Weekly",0.05,"SameTimestamp",1000,"Monthly","BIC_ct",1394.62177095604,NA,NA,NA,"CT",1,158
"Weekly",0.05,"SameTimestamp",1000,"Monthly","error_var_dt",0.232917362291593,0.010416368690342,0.212476914930238,0.253357809652947,"DT",1,158
"Weekly",0.05,"SameTimestamp",1000,"Monthly","beta_dt",-0.000867478897060991,0.0316074013590972,-0.0628919178273832,0.0611569600332612,"DT",1,158
"Weekly",0.05,"SameTimestamp",1000,"Monthly","LogLik_dt",1380.80550715138,NA,NA,NA,"DT",1,158
"Weekly",0.05,"SameTimestamp",1000,"Monthly","AIC_dt",1384.80550715138,NA,NA,NA,"DT",1,158
"Weekly",0.05,"SameTimestamp",1000,"Monthly","BIC_dt",1394.62101770934,NA,NA,NA,"DT",1,158
"Weekly",0.05,"SameTimestamp",1000,"Daily","error_var_ct",0.245605093652396,0.013781829565154,0.218560470891406,0.272649716413386,"CT",1,159
"Weekly",0.05,"SameTimestamp",1000,"Daily","beta_ct",-0.480766997981834,0.0402091200277319,-0.559670925617892,-0.401863070345776,"CT",1,159
"Weekly",0.05,"SameTimestamp",1000,"Daily","LogLik_ct",991.675068656899,NA,NA,NA,"CT",1,159
"Weekly",0.05,"SameTimestamp",1000,"Daily","AIC_ct",995.675068656899,NA,NA,NA,"CT",1,159
"Weekly",0.05,"SameTimestamp",1000,"Daily","BIC_ct",1005.49057921486,NA,NA,NA,"CT",1,159
"Weekly",0.05,"SameTimestamp",1000,"Daily","error_var_dt",0.157777874497191,0.0070577258031343,0.143928223331944,0.171627525662439,"DT",1,159
"Weekly",0.05,"SameTimestamp",1000,"Daily","beta_dt",0.618308958196203,0.0248617280206353,0.569521817684434,0.667096098707973,"DT",1,159
"Weekly",0.05,"SameTimestamp",1000,"Daily","LogLik_dt",991.675068656898,NA,NA,NA,"DT",1,159
"Weekly",0.05,"SameTimestamp",1000,"Daily","AIC_dt",995.675068656898,NA,NA,NA,"DT",1,159
"Weekly",0.05,"SameTimestamp",1000,"Daily","BIC_dt",1005.49057921486,NA,NA,NA,"DT",1,159
"Weekly",0.05,"SameTimestamp",1000,"Weekly","error_var_ct",1.43156861871811,0.291937039904267,0.858689156173186,2.00444808126303,"CT",1,159
"Weekly",0.05,"SameTimestamp",1000,"Weekly","beta_ct",-2.93381438156676,0.593596499049191,-4.09865198989272,-1.76897677324079,"CT",1,159
"Weekly",0.05,"SameTimestamp",1000,"Weekly","LogLik_ct",1424.36576942833,NA,NA,NA,"CT",1,159
"Weekly",0.05,"SameTimestamp",1000,"Weekly","AIC_ct",1428.36576942833,NA,NA,NA,"CT",1,159
"Weekly",0.05,"SameTimestamp",1000,"Weekly","BIC_ct",1438.1812799863,NA,NA,NA,"CT",1,159
"Weekly",0.05,"SameTimestamp",1000,"Weekly","error_var_dt",0.243287004531479,0.0108801633696708,0.221936434745398,0.26463757431756,"DT",1,159
"Weekly",0.05,"SameTimestamp",1000,"Weekly","beta_dt",0.0531937478134447,0.0315737504265773,-0.00876465657688735,0.115152152203777,"DT",1,159
"Weekly",0.05,"SameTimestamp",1000,"Weekly","LogLik_dt",1424.36576942833,NA,NA,NA,"DT",1,159
"Weekly",0.05,"SameTimestamp",1000,"Weekly","AIC_dt",1428.36576942833,NA,NA,NA,"DT",1,159
"Weekly",0.05,"SameTimestamp",1000,"Weekly","BIC_dt",1438.1812799863,NA,NA,NA,"DT",1,159
"Weekly",0.05,"SameTimestamp",1000,"Monthly","error_var_ct",2.32472033349211,1.861394750184,-1.32796732963905,5.97740799662327,"CT",1,159
"Weekly",0.05,"SameTimestamp",1000,"Monthly","beta_ct",-4.82675873658659,3.86139432127687,-12.4041237197094,2.75060624653617,"CT",1,159
"Weekly",0.05,"SameTimestamp",1000,"Monthly","LogLik_ct",1414.09061048001,NA,NA,NA,"CT",1,159
"Weekly",0.05,"SameTimestamp",1000,"Monthly","AIC_ct",1418.09061048001,NA,NA,NA,"CT",1,159
"Weekly",0.05,"SameTimestamp",1000,"Monthly","BIC_ct",1427.90612103797,NA,NA,NA,"CT",1,159
"Weekly",0.05,"SameTimestamp",1000,"Monthly","error_var_dt",0.240800498135681,0.0107689293339008,0.21966820724511,0.261932789026252,"DT",1,159
"Weekly",0.05,"SameTimestamp",1000,"Monthly","beta_dt",0.00801253875305057,0.0316184651436222,-0.0540336110740268,0.0700586885801279,"DT",1,159
"Weekly",0.05,"SameTimestamp",1000,"Monthly","LogLik_dt",1414.09061047995,NA,NA,NA,"DT",1,159
"Weekly",0.05,"SameTimestamp",1000,"Monthly","AIC_dt",1418.09061047995,NA,NA,NA,"DT",1,159
"Weekly",0.05,"SameTimestamp",1000,"Monthly","BIC_dt",1427.90612103792,NA,NA,NA,"DT",1,159
"Weekly",0.05,"SameTimestamp",1000,"Daily","error_var_ct",0.209000720031705,0.0117567381927975,0.185930013212934,0.232071426850476,"CT",1,160
"Weekly",0.05,"SameTimestamp",1000,"Daily","beta_ct",-0.486681158963062,0.0405841293314649,-0.566320982011508,-0.407041335914615,"CT",1,160
"Weekly",0.05,"SameTimestamp",1000,"Daily","LogLik_ct",825.089946781694,NA,NA,NA,"CT",1,160
"Weekly",0.05,"SameTimestamp",1000,"Daily","AIC_ct",829.089946781694,NA,NA,NA,"CT",1,160
"Weekly",0.05,"SameTimestamp",1000,"Daily","BIC_ct",838.905457339658,NA,NA,NA,"CT",1,160
"Weekly",0.05,"SameTimestamp",1000,"Daily","error_var_dt",0.133596746018802,0.00597521684861346,0.121871344480355,0.145322147557248,"DT",1,160
"Weekly",0.05,"SameTimestamp",1000,"Daily","beta_dt",0.614662938627451,0.0249456598214485,0.565711095462821,0.66361478179208,"DT",1,160
"Weekly",0.05,"SameTimestamp",1000,"Daily","LogLik_dt",825.08994678169,NA,NA,NA,"DT",1,160
"Weekly",0.05,"SameTimestamp",1000,"Daily","AIC_dt",829.08994678169,NA,NA,NA,"DT",1,160
"Weekly",0.05,"SameTimestamp",1000,"Daily","BIC_dt",838.905457339655,NA,NA,NA,"DT",1,160
"Weekly",0.05,"SameTimestamp",1000,"Weekly","error_var_ct",10.6401430411104,45.6273944094491,-78.8962761648319,100.176562247053,"CT",1,160
"Weekly",0.05,"SameTimestamp",1000,"Weekly","beta_ct",-22.0768673081242,94.6706924063614,-207.852866826023,163.699132209774,"CT",1,160
"Weekly",0.05,"SameTimestamp",1000,"Weekly","LogLik_ct",1414.83001532509,NA,NA,NA,"CT",1,160
"Weekly",0.05,"SameTimestamp",1000,"Weekly","AIC_ct",1418.83001532509,NA,NA,NA,"CT",1,160
"Weekly",0.05,"SameTimestamp",1000,"Weekly","BIC_ct",1428.64552588306,NA,NA,NA,"CT",1,160
"Weekly",0.05,"SameTimestamp",1000,"Weekly","error_var_dt",0.240977620822371,0.0107768474386319,0.21982979192544,0.262125449719303,"DT",1,160
"Weekly",0.05,"SameTimestamp",1000,"Weekly","beta_dt",-0.00204256819862177,0.0316420837487846,-0.064135065737644,0.0600499293404005,"DT",1,160
"Weekly",0.05,"SameTimestamp",1000,"Weekly","LogLik_dt",1414.82584851984,NA,NA,NA,"DT",1,160
"Weekly",0.05,"SameTimestamp",1000,"Weekly","AIC_dt",1418.82584851984,NA,NA,NA,"DT",1,160
"Weekly",0.05,"SameTimestamp",1000,"Weekly","BIC_dt",1428.64135907781,NA,NA,NA,"DT",1,160
"Weekly",0.05,"SameTimestamp",1000,"Monthly","error_var_ct",2.36823284065978,1.91387919296897,-1.38744709568373,6.12391277700329,"CT",1,160
"Weekly",0.05,"SameTimestamp",1000,"Monthly","beta_ct",-4.8084784462819,3.88247884989533,-12.4272184239135,2.81026153134967,"CT",1,160
"Weekly",0.05,"SameTimestamp",1000,"Monthly","LogLik_ct",1436.426826925,NA,NA,NA,"CT",1,160
"Weekly",0.05,"SameTimestamp",1000,"Monthly","AIC_ct",1440.426826925,NA,NA,NA,"CT",1,160
"Weekly",0.05,"SameTimestamp",1000,"Monthly","BIC_ct",1450.24233748296,NA,NA,NA,"CT",1,160
"Weekly",0.05,"SameTimestamp",1000,"Monthly","error_var_dt",0.246239599964225,0.0110121596014887,0.224630008813926,0.267849191114524,"DT",1,160
"Weekly",0.05,"SameTimestamp",1000,"Monthly","beta_dt",0.00816030238937445,0.0316478719007988,-0.0539435534665509,0.0702641582452998,"DT",1,160
"Weekly",0.05,"SameTimestamp",1000,"Monthly","LogLik_dt",1436.42682692498,NA,NA,NA,"DT",1,160
"Weekly",0.05,"SameTimestamp",1000,"Monthly","AIC_dt",1440.42682692498,NA,NA,NA,"DT",1,160
"Weekly",0.05,"SameTimestamp",1000,"Monthly","BIC_dt",1450.24233748294,NA,NA,NA,"DT",1,160
"Weekly",0.05,"SameTimestamp",1000,"Daily","error_var_ct",0.213844648810722,0.0117997638882978,0.190689510988191,0.236999786633253,"CT",1,161
"Weekly",0.05,"SameTimestamp",1000,"Daily","beta_ct",-0.444285227765427,0.0378243224546761,-0.518509373924017,-0.370061081606836,"CT",1,161
"Weekly",0.05,"SameTimestamp",1000,"Daily","LogLik_ct",884.073955493273,NA,NA,NA,"CT",1,161
"Weekly",0.05,"SameTimestamp",1000,"Daily","AIC_ct",888.073955493273,NA,NA,NA,"CT",1,161
"Weekly",0.05,"SameTimestamp",1000,"Daily","BIC_ct",897.889466051237,NA,NA,NA,"CT",1,161
"Weekly",0.05,"SameTimestamp",1000,"Daily","error_var_dt",0.141691021861467,0.00633783041477917,0.129254049550896,0.154127994172038,"DT",1,161
"Weekly",0.05,"SameTimestamp",1000,"Daily","beta_dt",0.641282169513774,0.0242561936204796,0.593683292820214,0.688881046207333,"DT",1,161
"Weekly",0.05,"SameTimestamp",1000,"Daily","LogLik_dt",884.073955493104,NA,NA,NA,"DT",1,161
"Weekly",0.05,"SameTimestamp",1000,"Daily","AIC_dt",888.073955493104,NA,NA,NA,"DT",1,161
"Weekly",0.05,"SameTimestamp",1000,"Daily","BIC_dt",897.889466051068,NA,NA,NA,"DT",1,161
"Weekly",0.05,"SameTimestamp",1000,"Weekly","error_var_ct",2.05905619240343,0.846805936187199,0.397335809947498,3.72077657485936,"CT",1,161
"Weekly",0.05,"SameTimestamp",1000,"Weekly","beta_ct",-3.93557548907612,1.61386329732443,-7.10252250852723,-0.768628469625018,"CT",1,161
"Weekly",0.05,"SameTimestamp",1000,"Weekly","LogLik_ct",1496.5389187166,NA,NA,NA,"CT",1,161
"Weekly",0.05,"SameTimestamp",1000,"Weekly","AIC_ct",1500.5389187166,NA,NA,NA,"CT",1,161
"Weekly",0.05,"SameTimestamp",1000,"Weekly","BIC_ct",1510.35442927456,NA,NA,NA,"CT",1,161
"Weekly",0.05,"SameTimestamp",1000,"Weekly","error_var_dt",0.261495478239914,0.0116944323793649,0.238547036553805,0.284443919926024,"DT",1,161
"Weekly",0.05,"SameTimestamp",1000,"Weekly","beta_dt",0.0195343862454083,0.0316314802670016,-0.0425373036669183,0.081606076157735,"DT",1,161
"Weekly",0.05,"SameTimestamp",1000,"Weekly","LogLik_dt",1496.53891871659,NA,NA,NA,"DT",1,161
"Weekly",0.05,"SameTimestamp",1000,"Weekly","AIC_dt",1500.53891871659,NA,NA,NA,"DT",1,161
"Weekly",0.05,"SameTimestamp",1000,"Weekly","BIC_dt",1510.35442927456,NA,NA,NA,"DT",1,161
"Weekly",0.05,"SameTimestamp",1000,"Monthly","error_var_ct",2.10674105596683,0.915250732309908,0.310708775200105,3.90277333673355,"CT",1,161
"Weekly",0.05,"SameTimestamp",1000,"Monthly","beta_ct",-3.9952278314794,1.73103268022444,-7.39210091007149,-0.598354752887301,"CT",1,161
"Weekly",0.05,"SameTimestamp",1000,"Monthly","LogLik_ct",1504.43284052535,NA,NA,NA,"CT",1,161
"Weekly",0.05,"SameTimestamp",1000,"Monthly","AIC_ct",1508.43284052535,NA,NA,NA,"CT",1,161
"Weekly",0.05,"SameTimestamp",1000,"Monthly","BIC_ct",1518.24835108332,NA,NA,NA,"CT",1,161
"Weekly",0.05,"SameTimestamp",1000,"Monthly","error_var_dt",0.263567875753925,0.011787110430045,0.240437568307031,0.286698183200819,"DT",1,161
"Weekly",0.05,"SameTimestamp",1000,"Monthly","beta_dt",0.0184031811630755,0.0316293312041834,-0.0436642915592957,0.0804706538854468,"DT",1,161
"Weekly",0.05,"SameTimestamp",1000,"Monthly","LogLik_dt",1504.43284052534,NA,NA,NA,"DT",1,161
"Weekly",0.05,"SameTimestamp",1000,"Monthly","AIC_dt",1508.43284052534,NA,NA,NA,"DT",1,161
"Weekly",0.05,"SameTimestamp",1000,"Monthly","BIC_dt",1518.24835108331,NA,NA,NA,"DT",1,161
"Weekly",0.05,"SameTimestamp",1000,"Daily","error_var_ct",0.220714768012672,0.0120980395919539,0.196974312119996,0.244455223905348,"CT",1,162
"Weekly",0.05,"SameTimestamp",1000,"Daily","beta_ct",-0.429766276027555,0.0368956957338106,-0.502168141680292,-0.357364410374818,"CT",1,162
"Weekly",0.05,"SameTimestamp",1000,"Daily","LogLik_ct",927.964495967934,NA,NA,NA,"CT",1,162
"Weekly",0.05,"SameTimestamp",1000,"Daily","AIC_ct",931.964495967934,NA,NA,NA,"CT",1,162
"Weekly",0.05,"SameTimestamp",1000,"Daily","BIC_ct",941.780006525898,NA,NA,NA,"CT",1,162
"Weekly",0.05,"SameTimestamp",1000,"Daily","error_var_dt",0.148072312185494,0.00662264414562975,0.135076438760118,0.161068185610869,"DT",1,162
"Weekly",0.05,"SameTimestamp",1000,"Daily","beta_dt",0.650661150773631,0.0240067714135865,0.603551725024284,0.697770576522978,"DT",1,162
"Weekly",0.05,"SameTimestamp",1000,"Daily","LogLik_dt",927.964495967936,NA,NA,NA,"DT",1,162
"Weekly",0.05,"SameTimestamp",1000,"Daily","AIC_dt",931.964495967936,NA,NA,NA,"DT",1,162
"Weekly",0.05,"SameTimestamp",1000,"Daily","BIC_dt",941.7800065259,NA,NA,NA,"DT",1,162
"Weekly",0.05,"SameTimestamp",1000,"Weekly","error_var_ct",1.53593634531417,0.368896932660329,0.812035477557825,2.25983721307053,"CT",1,162
"Weekly",0.05,"SameTimestamp",1000,"Weekly","beta_ct",-3.17293931099879,0.757192081339138,-4.65880692390287,-1.68707169809471,"CT",1,162
"Weekly",0.05,"SameTimestamp",1000,"Weekly","LogLik_ct",1417.45371135777,NA,NA,NA,"CT",1,162
"Weekly",0.05,"SameTimestamp",1000,"Weekly","AIC_ct",1421.45371135777,NA,NA,NA,"CT",1,162
"Weekly",0.05,"SameTimestamp",1000,"Weekly","BIC_ct",1431.26922191573,NA,NA,NA,"CT",1,162
"Weekly",0.05,"SameTimestamp",1000,"Weekly","error_var_dt",0.24161168631593,0.0108052099578234,0.220408200539158,0.262815172092701,"DT",1,162
"Weekly",0.05,"SameTimestamp",1000,"Weekly","beta_dt",0.0418801208880005,0.0316977077525653,-0.0203215298074727,0.104081771583474,"DT",1,162
"Weekly",0.05,"SameTimestamp",1000,"Weekly","LogLik_dt",1417.45371135443,NA,NA,NA,"DT",1,162
"Weekly",0.05,"SameTimestamp",1000,"Weekly","AIC_dt",1421.45371135443,NA,NA,NA,"DT",1,162
"Weekly",0.05,"SameTimestamp",1000,"Weekly","BIC_dt",1431.26922191239,NA,NA,NA,"DT",1,162
"Weekly",0.05,"SameTimestamp",1000,"Monthly","error_var_ct",9.38707594886681,35.7104640093081,-60.6889631710434,79.463115068777,"CT",1,162
"Weekly",0.05,"SameTimestamp",1000,"Monthly","beta_ct",-18.8631321501346,71.7594805061663,-159.679565167186,121.953300866916,"CT",1,162
"Weekly",0.05,"SameTimestamp",1000,"Monthly","LogLik_ct",1446.85030441756,NA,NA,NA,"CT",1,162
"Weekly",0.05,"SameTimestamp",1000,"Monthly","AIC_ct",1450.85030441756,NA,NA,NA,"CT",1,162
"Weekly",0.05,"SameTimestamp",1000,"Monthly","BIC_ct",1460.66581497553,NA,NA,NA,"CT",1,162
"Weekly",0.05,"SameTimestamp",1000,"Monthly","error_var_dt",0.248802283683754,0.01112677140708,0.226967785308219,0.270636782059289,"DT",1,162
"Weekly",0.05,"SameTimestamp",1000,"Monthly","beta_dt",-0.00836054610422334,0.0316070101919934,-0.0703842174320505,0.0536631252236039,"DT",1,162
"Weekly",0.05,"SameTimestamp",1000,"Monthly","LogLik_dt",1446.78033934042,NA,NA,NA,"DT",1,162
"Weekly",0.05,"SameTimestamp",1000,"Monthly","AIC_dt",1450.78033934042,NA,NA,NA,"DT",1,162
"Weekly",0.05,"SameTimestamp",1000,"Monthly","BIC_dt",1460.59584989838,NA,NA,NA,"DT",1,162
"Weekly",0.05,"SameTimestamp",1000,"Daily","error_var_ct",0.200537999468632,0.0108355774624068,0.17927492235083,0.221801076586435,"CT",1,163
"Weekly",0.05,"SameTimestamp",1000,"Daily","beta_ct",-0.398166590913575,0.0348834580918896,-0.46661976400166,-0.32971341782549,"CT",1,163
"Weekly",0.05,"SameTimestamp",1000,"Daily","LogLik_ct",859.412557108194,NA,NA,NA,"CT",1,163
"Weekly",0.05,"SameTimestamp",1000,"Daily","AIC_ct",863.412557108194,NA,NA,NA,"CT",1,163
"Weekly",0.05,"SameTimestamp",1000,"Daily","BIC_ct",873.228067666158,NA,NA,NA,"CT",1,163
"Weekly",0.05,"SameTimestamp",1000,"Daily","error_var_dt",0.138258032064517,0.00618378598186955,0.126123347164828,0.150392716964206,"DT",1,163
"Weekly",0.05,"SameTimestamp",1000,"Daily","beta_dt",0.671550144606001,0.0234260524584526,0.62558028635729,0.717520002854712,"DT",1,163
"Weekly",0.05,"SameTimestamp",1000,"Daily","LogLik_dt",859.412557108195,NA,NA,NA,"DT",1,163
"Weekly",0.05,"SameTimestamp",1000,"Daily","AIC_dt",863.412557108195,NA,NA,NA,"DT",1,163
"Weekly",0.05,"SameTimestamp",1000,"Daily","BIC_dt",873.228067666159,NA,NA,NA,"DT",1,163
"Weekly",0.05,"SameTimestamp",1000,"Weekly","error_var_ct",1.10027200974662,0.157079279610459,0.792029200578953,1.40851481891428,"CT",1,163
"Weekly",0.05,"SameTimestamp",1000,"Weekly","beta_ct",-2.36453354049229,0.334694469269122,-3.02131757767554,-1.70774950330904,"CT",1,163
"Weekly",0.05,"SameTimestamp",1000,"Weekly","LogLik_ct",1370.83311700183,NA,NA,NA,"CT",1,163
"Weekly",0.05,"SameTimestamp",1000,"Weekly","AIC_ct",1374.83311700183,NA,NA,NA,"CT",1,163
"Weekly",0.05,"SameTimestamp",1000,"Weekly","BIC_ct",1384.64862755979,NA,NA,NA,"CT",1,163
"Weekly",0.05,"SameTimestamp",1000,"Weekly","error_var_dt",0.230606031737143,0.010313023258891,0.210368383154749,0.250843680319536,"DT",1,163
"Weekly",0.05,"SameTimestamp",1000,"Weekly","beta_dt",0.0939931137487337,0.0314689132113092,0.0322404355230472,0.15574579197442,"DT",1,163
"Weekly",0.05,"SameTimestamp",1000,"Weekly","LogLik_dt",1370.83311700183,NA,NA,NA,"DT",1,163
"Weekly",0.05,"SameTimestamp",1000,"Weekly","AIC_dt",1374.83311700183,NA,NA,NA,"DT",1,163
"Weekly",0.05,"SameTimestamp",1000,"Weekly","BIC_dt",1384.6486275598,NA,NA,NA,"DT",1,163
"Weekly",0.05,"SameTimestamp",1000,"Monthly","error_var_ct",8.60749288866839,83.5354210722688,-155.317328514735,172.532314292071,"CT",1,163
"Weekly",0.05,"SameTimestamp",1000,"Monthly","beta_ct",-18.0720974333616,175.392844665946,-362.252331018664,326.108136151941,"CT",1,163
"Weekly",0.05,"SameTimestamp",1000,"Monthly","LogLik_ct",1403.00106298016,NA,NA,NA,"CT",1,163
"Weekly",0.05,"SameTimestamp",1000,"Monthly","AIC_ct",1407.00106298016,NA,NA,NA,"CT",1,163
"Weekly",0.05,"SameTimestamp",1000,"Monthly","BIC_ct",1416.81657353813,NA,NA,NA,"CT",1,163
"Weekly",0.05,"SameTimestamp",1000,"Monthly","error_var_dt",0.238033063323226,0.0106451672933775,0.217143635521496,0.258922491124956,"DT",1,163
"Weekly",0.05,"SameTimestamp",1000,"Monthly","beta_dt",-0.0216645752261179,0.0316088119811141,-0.0836917822751522,0.0403626318229164,"DT",1,163
"Weekly",0.05,"SameTimestamp",1000,"Monthly","LogLik_dt",1402.53139868567,NA,NA,NA,"DT",1,163
"Weekly",0.05,"SameTimestamp",1000,"Monthly","AIC_dt",1406.53139868567,NA,NA,NA,"DT",1,163
"Weekly",0.05,"SameTimestamp",1000,"Monthly","BIC_dt",1416.34690924364,NA,NA,NA,"DT",1,163
"Weekly",0.05,"SameTimestamp",1000,"Daily","error_var_ct",0.211836950632035,0.0114100397324089,0.189446583751346,0.234227317512723,"CT",1,164
"Weekly",0.05,"SameTimestamp",1000,"Daily","beta_ct",-0.391313264895346,0.0344475489262099,-0.458911036391927,-0.323715493398765,"CT",1,164
"Weekly",0.05,"SameTimestamp",1000,"Daily","LogLik_ct",920.157796844738,NA,NA,NA,"CT",1,164
"Weekly",0.05,"SameTimestamp",1000,"Daily","AIC_ct",924.157796844738,NA,NA,NA,"CT",1,164
"Weekly",0.05,"SameTimestamp",1000,"Daily","BIC_ct",933.973307402702,NA,NA,NA,"CT",1,164
"Weekly",0.05,"SameTimestamp",1000,"Daily","error_var_dt",0.146921083377628,0.00657115089438989,0.134026257171559,0.159815909583697,"DT",1,164
"Weekly",0.05,"SameTimestamp",1000,"Daily","beta_dt",0.676168331845785,0.0232924031179176,0.630460738921132,0.721875924770437,"DT",1,164
"Weekly",0.05,"SameTimestamp",1000,"Daily","LogLik_dt",920.157796844737,NA,NA,NA,"DT",1,164
"Weekly",0.05,"SameTimestamp",1000,"Daily","AIC_dt",924.157796844737,NA,NA,NA,"DT",1,164
"Weekly",0.05,"SameTimestamp",1000,"Daily","BIC_dt",933.973307402701,NA,NA,NA,"DT",1,164
"Weekly",0.05,"SameTimestamp",1000,"Weekly","error_var_ct",1.34987303978312,0.22769435591296,0.903059506691525,1.79668657287472,"CT",1,164
"Weekly",0.05,"SameTimestamp",1000,"Weekly","beta_ct",-2.63772005709483,0.440949223601558,-3.50301195122823,-1.77242816296143,"CT",1,164
"Weekly",0.05,"SameTimestamp",1000,"Weekly","LogLik_ct",1469.69652015477,NA,NA,NA,"CT",1,164
"Weekly",0.05,"SameTimestamp",1000,"Weekly","AIC_ct",1473.69652015477,NA,NA,NA,"CT",1,164
"Weekly",0.05,"SameTimestamp",1000,"Weekly","BIC_ct",1483.51203071273,NA,NA,NA,"CT",1,164
"Weekly",0.05,"SameTimestamp",1000,"Weekly","error_var_dt",0.254569718944621,0.011384713450919,0.232229050815873,0.27691038707337,"DT",1,164
"Weekly",0.05,"SameTimestamp",1000,"Weekly","beta_dt",0.0715241096871488,0.0315267912903444,0.00965785504504831,0.133390364329249,"DT",1,164
"Weekly",0.05,"SameTimestamp",1000,"Weekly","LogLik_dt",1469.69652015475,NA,NA,NA,"DT",1,164
"Weekly",0.05,"SameTimestamp",1000,"Weekly","AIC_dt",1473.69652015475,NA,NA,NA,"DT",1,164
"Weekly",0.05,"SameTimestamp",1000,"Weekly","BIC_dt",1483.51203071271,NA,NA,NA,"DT",1,164
"Weekly",0.05,"SameTimestamp",1000,"Monthly","error_var_ct",1.70634882949219,0.536718082994598,0.65312595984566,2.75957169913872,"CT",1,164
"Weekly",0.05,"SameTimestamp",1000,"Monthly","beta_ct",-3.56076865293438,1.1149671015605,-5.7487121701623,-1.37282513570647,"CT",1,164
"Weekly",0.05,"SameTimestamp",1000,"Monthly","LogLik_ct",1408.30168809968,NA,NA,NA,"CT",1,164
"Weekly",0.05,"SameTimestamp",1000,"Monthly","AIC_ct",1412.30168809968,NA,NA,NA,"CT",1,164
"Weekly",0.05,"SameTimestamp",1000,"Monthly","BIC_ct",1422.11719865764,NA,NA,NA,"CT",1,164
"Weekly",0.05,"SameTimestamp",1000,"Monthly","error_var_dt",0.239410559238101,0.0107067792520128,0.218400227882095,0.260420890594107,"DT",1,164
"Weekly",0.05,"SameTimestamp",1000,"Monthly","beta_dt",0.0284173404697372,0.0315962278226356,-0.0335851721933154,0.0904198531327897,"DT",1,164
"Weekly",0.05,"SameTimestamp",1000,"Monthly","LogLik_dt",1408.30168809952,NA,NA,NA,"DT",1,164
"Weekly",0.05,"SameTimestamp",1000,"Monthly","AIC_dt",1412.30168809952,NA,NA,NA,"DT",1,164
"Weekly",0.05,"SameTimestamp",1000,"Monthly","BIC_dt",1422.11719865749,NA,NA,NA,"DT",1,164
"Weekly",0.05,"SameTimestamp",1000,"Daily","error_var_ct",0.217688222423855,0.012022929812397,0.194095157386955,0.241281287460755,"CT",1,165
"Weekly",0.05,"SameTimestamp",1000,"Daily","beta_ct",-0.445794267925055,0.0379541460916399,-0.520273172080075,-0.371315363770035,"CT",1,165
"Weekly",0.05,"SameTimestamp",1000,"Daily","LogLik_ct",900.485894734167,NA,NA,NA,"CT",1,165
"Weekly",0.05,"SameTimestamp",1000,"Daily","AIC_ct",904.485894734167,NA,NA,NA,"CT",1,165
"Weekly",0.05,"SameTimestamp",1000,"Daily","BIC_ct",914.301405292131,NA,NA,NA,"CT",1,165
"Weekly",0.05,"SameTimestamp",1000,"Daily","error_var_dt",0.144052068443037,0.00644301595310486,0.131408686439872,0.156695450446203,"DT",1,165
"Weekly",0.05,"SameTimestamp",1000,"Daily","beta_dt",0.640315530949848,0.0243026878223465,0.592625416866933,0.688005645032763,"DT",1,165
"Weekly",0.05,"SameTimestamp",1000,"Daily","LogLik_dt",900.48589473416,NA,NA,NA,"DT",1,165
"Weekly",0.05,"SameTimestamp",1000,"Daily","AIC_dt",904.48589473416,NA,NA,NA,"DT",1,165
"Weekly",0.05,"SameTimestamp",1000,"Daily","BIC_dt",914.301405292124,NA,NA,NA,"DT",1,165
"Weekly",0.05,"SameTimestamp",1000,"Weekly","error_var_ct",1.24459980806873,0.190170057512838,0.871421672208281,1.61777794392918,"CT",1,165
"Weekly",0.05,"SameTimestamp",1000,"Weekly","beta_ct",-2.47755246804222,0.375183957169627,-3.21379060969528,-1.74131432638916,"CT",1,165
"Weekly",0.05,"SameTimestamp",1000,"Weekly","LogLik_ct",1449.20144943739,NA,NA,NA,"CT",1,165
"Weekly",0.05,"SameTimestamp",1000,"Weekly","AIC_ct",1453.20144943739,NA,NA,NA,"CT",1,165
"Weekly",0.05,"SameTimestamp",1000,"Weekly","BIC_ct",1463.01695999536,NA,NA,NA,"CT",1,165
"Weekly",0.05,"SameTimestamp",1000,"Weekly","error_var_dt",0.249405114645625,0.0111537483008786,0.22751767845711,0.27129255083414,"DT",1,165
"Weekly",0.05,"SameTimestamp",1000,"Weekly","beta_dt",0.0839484810410059,0.0315007661420177,0.0221332965645512,0.145763665517461,"DT",1,165
"Weekly",0.05,"SameTimestamp",1000,"Weekly","LogLik_dt",1449.20144943738,NA,NA,NA,"DT",1,165
"Weekly",0.05,"SameTimestamp",1000,"Weekly","AIC_dt",1453.20144943738,NA,NA,NA,"DT",1,165
"Weekly",0.05,"SameTimestamp",1000,"Weekly","BIC_dt",1463.01695999534,NA,NA,NA,"DT",1,165
"Weekly",0.05,"SameTimestamp",1000,"Monthly","error_var_ct",12.1790301162762,58.7924136144051,-103.191620775381,127.549681007934,"CT",1,165
"Weekly",0.05,"SameTimestamp",1000,"Monthly","beta_ct",-22.7055505108581,109.607858934334,-237.79333566341,192.382234641694,"CT",1,165
"Weekly",0.05,"SameTimestamp",1000,"Monthly","LogLik_ct",1521.83627475106,NA,NA,NA,"CT",1,165
"Weekly",0.05,"SameTimestamp",1000,"Monthly","AIC_ct",1525.83627475106,NA,NA,NA,"CT",1,165
"Weekly",0.05,"SameTimestamp",1000,"Monthly","BIC_ct",1535.65178530903,NA,NA,NA,"CT",1,165
"Weekly",0.05,"SameTimestamp",1000,"Monthly","error_var_dt",0.267845183244881,0.0119784061739041,0.244339488683817,0.291350877805946,"DT",1,165
"Weekly",0.05,"SameTimestamp",1000,"Monthly","beta_dt",-0.0361132414323891,0.0316000926298435,-0.0981233381576655,0.0258968552928872,"DT",1,165
"Weekly",0.05,"SameTimestamp",1000,"Monthly","LogLik_dt",1520.53111574247,NA,NA,NA,"DT",1,165
"Weekly",0.05,"SameTimestamp",1000,"Monthly","AIC_dt",1524.53111574247,NA,NA,NA,"DT",1,165
"Weekly",0.05,"SameTimestamp",1000,"Monthly","BIC_dt",1534.34662630043,NA,NA,NA,"DT",1,165
"Weekly",0.05,"SameTimestamp",1000,"Daily","error_var_ct",0.209709905715498,0.0115708961915083,0.187003883918716,0.23241592751228,"CT",1,166
"Weekly",0.05,"SameTimestamp",1000,"Daily","beta_ct",-0.442193761322082,0.0377801460323013,-0.516331218360596,-0.368056304283569,"CT",1,166
"Weekly",0.05,"SameTimestamp",1000,"Daily","LogLik_ct",866.473640800421,NA,NA,NA,"CT",1,166
"Weekly",0.05,"SameTimestamp",1000,"Daily","AIC_ct",870.473640800421,NA,NA,NA,"CT",1,166
"Weekly",0.05,"SameTimestamp",1000,"Daily","BIC_ct",880.289151358385,NA,NA,NA,"CT",1,166
"Weekly",0.05,"SameTimestamp",1000,"Daily","error_var_dt",0.139199873816149,0.00622688673166587,0.126980610630722,0.151419137001576,"DT",1,166
"Weekly",0.05,"SameTimestamp",1000,"Daily","beta_dt",0.642625105522663,0.0242785519823835,0.594982354141757,0.69026785690357,"DT",1,166
"Weekly",0.05,"SameTimestamp",1000,"Daily","LogLik_dt",866.47364080042,NA,NA,NA,"DT",1,166
"Weekly",0.05,"SameTimestamp",1000,"Daily","AIC_dt",870.47364080042,NA,NA,NA,"DT",1,166
"Weekly",0.05,"SameTimestamp",1000,"Daily","BIC_dt",880.289151358384,NA,NA,NA,"DT",1,166
"Weekly",0.05,"SameTimestamp",1000,"Weekly","error_var_ct",1.01072884615366,0.113314714310512,0.788366953829465,1.23309073847786,"CT",1,166
"Weekly",0.05,"SameTimestamp",1000,"Weekly","beta_ct",-1.93571594373848,0.216843310728592,-2.36123604679699,-1.51019584067998,"CT",1,166
"Weekly",0.05,"SameTimestamp",1000,"Weekly","LogLik_ct",1473.8896303844,NA,NA,NA,"CT",1,166
"Weekly",0.05,"SameTimestamp",1000,"Weekly","AIC_ct",1477.8896303844,NA,NA,NA,"CT",1,166
"Weekly",0.05,"SameTimestamp",1000,"Weekly","BIC_ct",1487.70514094236,NA,NA,NA,"CT",1,166
"Weekly",0.05,"SameTimestamp",1000,"Weekly","error_var_dt",0.255635869705874,0.0114325329661199,0.233201363473621,0.278070375938128,"DT",1,166
"Weekly",0.05,"SameTimestamp",1000,"Weekly","beta_dt",0.144320903707176,0.0312924232817998,0.0829145585675378,0.205727248846813,"DT",1,166
"Weekly",0.05,"SameTimestamp",1000,"Weekly","LogLik_dt",1473.8896303844,NA,NA,NA,"DT",1,166
"Weekly",0.05,"SameTimestamp",1000,"Weekly","AIC_dt",1477.8896303844,NA,NA,NA,"DT",1,166
"Weekly",0.05,"SameTimestamp",1000,"Weekly","BIC_dt",1487.70514094236,NA,NA,NA,"DT",1,166
"Weekly",0.05,"SameTimestamp",1000,"Monthly","error_var_ct",11.4808979011743,48.7545364385218,-84.1920343197122,107.153830122061,"CT",1,166
"Weekly",0.05,"SameTimestamp",1000,"Monthly","beta_ct",-21.4266596091057,90.989551719333,-199.979012894828,157.125693676617,"CT",1,166
"Weekly",0.05,"SameTimestamp",1000,"Monthly","LogLik_ct",1520.77866454265,NA,NA,NA,"CT",1,166
"Weekly",0.05,"SameTimestamp",1000,"Monthly","AIC_ct",1524.77866454265,NA,NA,NA,"CT",1,166
"Weekly",0.05,"SameTimestamp",1000,"Monthly","BIC_ct",1534.59417510062,NA,NA,NA,"CT",1,166
"Weekly",0.05,"SameTimestamp",1000,"Monthly","error_var_dt",0.26778477758063,0.0119757005219857,0.244284392426064,0.291285162735196,"DT",1,166
"Weekly",0.05,"SameTimestamp",1000,"Monthly","beta_dt",-0.0217442970198086,0.0316131760314199,-0.0837800678153087,0.0402914737756914,"DT",1,166
"Weekly",0.05,"SameTimestamp",1000,"Monthly","LogLik_dt",1520.30567870167,NA,NA,NA,"DT",1,166
"Weekly",0.05,"SameTimestamp",1000,"Monthly","AIC_dt",1524.30567870167,NA,NA,NA,"DT",1,166
"Weekly",0.05,"SameTimestamp",1000,"Monthly","BIC_dt",1534.12118925964,NA,NA,NA,"DT",1,166
"Weekly",0.05,"SameTimestamp",1000,"Daily","error_var_ct",0.215989626722323,0.0119637097867366,0.192512771456144,0.239466481988501,"CT",1,167
"Weekly",0.05,"SameTimestamp",1000,"Daily","beta_ct",-0.449443255094988,0.038329100899814,-0.524657947723632,-0.374228562466344,"CT",1,167
"Weekly",0.05,"SameTimestamp",1000,"Daily","LogLik_ct",889.474780655617,NA,NA,NA,"CT",1,167
"Weekly",0.05,"SameTimestamp",1000,"Daily","AIC_ct",893.474780655617,NA,NA,NA,"CT",1,167
"Weekly",0.05,"SameTimestamp",1000,"Daily","BIC_ct",903.290291213581,NA,NA,NA,"CT",1,167
"Weekly",0.05,"SameTimestamp",1000,"Daily","error_var_dt",0.142484007969487,0.00637263318774958,0.129978740817395,0.15498927512158,"DT",1,167
"Weekly",0.05,"SameTimestamp",1000,"Daily","beta_dt",0.637983212630884,0.0244533452425066,0.589997457604572,0.685968967657195,"DT",1,167
"Weekly",0.05,"SameTimestamp",1000,"Daily","LogLik_dt",889.474780655616,NA,NA,NA,"DT",1,167
"Weekly",0.05,"SameTimestamp",1000,"Daily","AIC_dt",893.474780655616,NA,NA,NA,"DT",1,167
"Weekly",0.05,"SameTimestamp",1000,"Daily","BIC_dt",903.290291213581,NA,NA,NA,"DT",1,167
"Weekly",0.05,"SameTimestamp",1000,"Weekly","error_var_ct",1.31447125455019,0.229747428843426,0.863628896211346,1.76531361288902,"CT",1,167
"Weekly",0.05,"SameTimestamp",1000,"Weekly","beta_ct",-2.6929313695867,0.466543966602817,-3.60844882817517,-1.77741391099822,"CT",1,167
"Weekly",0.05,"SameTimestamp",1000,"Weekly","LogLik_ct",1422.9426978072,NA,NA,NA,"CT",1,167
"Weekly",0.05,"SameTimestamp",1000,"Weekly","AIC_ct",1426.9426978072,NA,NA,NA,"CT",1,167
"Weekly",0.05,"SameTimestamp",1000,"Weekly","BIC_ct",1436.75820836517,NA,NA,NA,"CT",1,167
"Weekly",0.05,"SameTimestamp",1000,"Weekly","error_var_dt",0.24294157645398,0.0108646729712379,0.221621404082122,0.264261748825839,"DT",1,167
"Weekly",0.05,"SameTimestamp",1000,"Weekly","beta_dt",0.0676823466261646,0.0315427342676258,0.00578480645668025,0.129579886795649,"DT",1,167
"Weekly",0.05,"SameTimestamp",1000,"Weekly","LogLik_dt",1422.94269780721,NA,NA,NA,"DT",1,167
"Weekly",0.05,"SameTimestamp",1000,"Weekly","AIC_dt",1426.94269780721,NA,NA,NA,"DT",1,167
"Weekly",0.05,"SameTimestamp",1000,"Weekly","BIC_dt",1436.75820836518,NA,NA,NA,"DT",1,167
"Weekly",0.05,"SameTimestamp",1000,"Monthly","error_var_ct",2.24763153221117,1.98930846743719,-1.65606621725972,6.15132928168206,"CT",1,167
"Weekly",0.05,"SameTimestamp",1000,"Monthly","beta_ct",-4.941084386752,4.36994510245944,-13.5163984423741,3.63422966887012,"CT",1,167
"Weekly",0.05,"SameTimestamp",1000,"Monthly","LogLik_ct",1356.97101316947,NA,NA,NA,"CT",1,167
"Weekly",0.05,"SameTimestamp",1000,"Monthly","AIC_ct",1360.97101316947,NA,NA,NA,"CT",1,167
"Weekly",0.05,"SameTimestamp",1000,"Monthly","BIC_ct",1370.78652372744,NA,NA,NA,"CT",1,167
"Weekly",0.05,"SameTimestamp",1000,"Monthly","error_var_dt",0.227431530400762,0.0101710477869737,0.207472485835431,0.247390574966093,"DT",1,167
"Weekly",0.05,"SameTimestamp",1000,"Monthly","beta_dt",0.00714681080905245,0.031630862453202,-0.0549236667431105,0.0692172883612154,"DT",1,167
"Weekly",0.05,"SameTimestamp",1000,"Monthly","LogLik_dt",1356.97101316947,NA,NA,NA,"DT",1,167
"Weekly",0.05,"SameTimestamp",1000,"Monthly","AIC_dt",1360.97101316947,NA,NA,NA,"DT",1,167
"Weekly",0.05,"SameTimestamp",1000,"Monthly","BIC_dt",1370.78652372744,NA,NA,NA,"DT",1,167
"Weekly",0.05,"SameTimestamp",1000,"Daily","error_var_ct",0.201789256006223,0.0108259154082256,0.180545139114941,0.223033372897505,"CT",1,168
"Weekly",0.05,"SameTimestamp",1000,"Daily","beta_ct",-0.382566327380253,0.0338932882517186,-0.449076451494315,-0.316056203266191,"CT",1,168
"Weekly",0.05,"SameTimestamp",1000,"Daily","LogLik_ct",879.257368486064,NA,NA,NA,"CT",1,168
"Weekly",0.05,"SameTimestamp",1000,"Daily","AIC_ct",883.257368486064,NA,NA,NA,"CT",1,168
"Weekly",0.05,"SameTimestamp",1000,"Daily","BIC_ct",893.072879044028,NA,NA,NA,"CT",1,168
"Weekly",0.05,"SameTimestamp",1000,"Daily","error_var_dt",0.141024335476176,0.00630762986679418,0.128646626881177,0.153402044071174,"DT",1,168
"Weekly",0.05,"SameTimestamp",1000,"Daily","beta_dt",0.682108647212025,0.0231188484845193,0.636741627327148,0.727475667096901,"DT",1,168
"Weekly",0.05,"SameTimestamp",1000,"Daily","LogLik_dt",879.257368486062,NA,NA,NA,"DT",1,168
"Weekly",0.05,"SameTimestamp",1000,"Daily","AIC_dt",883.257368486062,NA,NA,NA,"DT",1,168
"Weekly",0.05,"SameTimestamp",1000,"Daily","BIC_dt",893.072879044027,NA,NA,NA,"DT",1,168
"Weekly",0.05,"SameTimestamp",1000,"Weekly","error_var_ct",1.38834345198142,0.237862663141986,0.921576252228452,1.85511065173438,"CT",1,168
"Weekly",0.05,"SameTimestamp",1000,"Weekly","beta_ct",-2.66388076530129,0.452359308461149,-3.55156311487021,-1.77619841573237,"CT",1,168
"Weekly",0.05,"SameTimestamp",1000,"Weekly","LogLik_ct",1488.19097439531,NA,NA,NA,"CT",1,168
"Weekly",0.05,"SameTimestamp",1000,"Weekly","AIC_ct",1492.19097439531,NA,NA,NA,"CT",1,168
"Weekly",0.05,"SameTimestamp",1000,"Weekly","BIC_ct",1502.00648495328,NA,NA,NA,"CT",1,168
"Weekly",0.05,"SameTimestamp",1000,"Weekly","error_var_dt",0.25932151574284,0.011597215503944,0.236563846530684,0.282079184954995,"DT",1,168
"Weekly",0.05,"SameTimestamp",1000,"Weekly","beta_dt",0.0696773214970334,0.0315540186884122,0.00775763746763525,0.131597005526432,"DT",1,168
"Weekly",0.05,"SameTimestamp",1000,"Weekly","LogLik_dt",1488.19097439532,NA,NA,NA,"DT",1,168
"Weekly",0.05,"SameTimestamp",1000,"Weekly","AIC_dt",1492.19097439532,NA,NA,NA,"DT",1,168
"Weekly",0.05,"SameTimestamp",1000,"Weekly","BIC_dt",1502.00648495328,NA,NA,NA,"DT",1,168
"Weekly",0.05,"SameTimestamp",1000,"Monthly","error_var_ct",9.42312819516099,55.5562765268615,-99.5971244186982,118.44338080902,"CT",1,168
"Weekly",0.05,"SameTimestamp",1000,"Monthly","beta_ct",-17.8375591704789,105.165053243411,-224.207053087215,188.531934746257,"CT",1,168
"Weekly",0.05,"SameTimestamp",1000,"Monthly","LogLik_ct",1506.59587859779,NA,NA,NA,"CT",1,168
"Weekly",0.05,"SameTimestamp",1000,"Monthly","AIC_ct",1510.59587859779,NA,NA,NA,"CT",1,168
"Weekly",0.05,"SameTimestamp",1000,"Monthly","BIC_ct",1520.41138915576,NA,NA,NA,"CT",1,168
"Weekly",0.05,"SameTimestamp",1000,"Monthly","error_var_dt",0.264138586887047,0.0118126370585941,0.24095818753935,0.287318986234745,"DT",1,168
"Weekly",0.05,"SameTimestamp",1000,"Monthly","beta_dt",-0.000420356109984762,0.0316601838808622,-0.0625483722455509,0.0617076600255814,"DT",1,168
"Weekly",0.05,"SameTimestamp",1000,"Monthly","LogLik_dt",1506.59570229144,NA,NA,NA,"DT",1,168
"Weekly",0.05,"SameTimestamp",1000,"Monthly","AIC_dt",1510.59570229144,NA,NA,NA,"DT",1,168
"Weekly",0.05,"SameTimestamp",1000,"Monthly","BIC_dt",1520.4112128494,NA,NA,NA,"DT",1,168
"Weekly",0.05,"SameTimestamp",1000,"Daily","error_var_ct",0.202938261280888,0.0110537383319829,0.181247078562809,0.224629443998968,"CT",1,169
"Weekly",0.05,"SameTimestamp",1000,"Daily","beta_ct",-0.415241924349417,0.0359876447260387,-0.485861886022219,-0.344621962676614,"CT",1,169
"Weekly",0.05,"SameTimestamp",1000,"Daily","LogLik_ct",856.734077102743,NA,NA,NA,"CT",1,169
"Weekly",0.05,"SameTimestamp",1000,"Daily","AIC_ct",860.734077102743,NA,NA,NA,"CT",1,169
"Weekly",0.05,"SameTimestamp",1000,"Daily","BIC_ct",870.549587660707,NA,NA,NA,"CT",1,169
"Weekly",0.05,"SameTimestamp",1000,"Daily","error_var_dt",0.137859392908656,0.0061666790670839,0.125758277576403,0.149960508240909,"DT",1,169
"Weekly",0.05,"SameTimestamp",1000,"Daily","beta_dt",0.6601804600909,0.0237582182923661,0.613558779844985,0.706802140336815,"DT",1,169
"Weekly",0.05,"SameTimestamp",1000,"Daily","LogLik_dt",856.734077102721,NA,NA,NA,"DT",1,169
"Weekly",0.05,"SameTimestamp",1000,"Daily","AIC_dt",860.734077102721,NA,NA,NA,"DT",1,169
"Weekly",0.05,"SameTimestamp",1000,"Daily","BIC_dt",870.549587660685,NA,NA,NA,"DT",1,169
"Weekly",0.05,"SameTimestamp",1000,"Weekly","error_var_ct",1.59839370620963,0.417850404334691,0.778429527844554,2.41835788457472,"CT",1,169
"Weekly",0.05,"SameTimestamp",1000,"Weekly","beta_ct",-3.30332519188932,0.858517531064824,-4.98802769467242,-1.61862268910621,"CT",1,169
"Weekly",0.05,"SameTimestamp",1000,"Weekly","LogLik_ct",1417.4478364152,NA,NA,NA,"CT",1,169
"Weekly",0.05,"SameTimestamp",1000,"Weekly","AIC_ct",1421.4478364152,NA,NA,NA,"CT",1,169
"Weekly",0.05,"SameTimestamp",1000,"Weekly","BIC_ct",1431.26334697317,NA,NA,NA,"CT",1,169
"Weekly",0.05,"SameTimestamp",1000,"Weekly","error_var_dt",0.241610103971574,0.0108051258125843,0.220406783316294,0.262813424626855,"DT",1,169
"Weekly",0.05,"SameTimestamp",1000,"Weekly","beta_dt",0.03676071970952,0.0315941052616334,-0.0252376277691265,0.0987590671881665,"DT",1,169
"Weekly",0.05,"SameTimestamp",1000,"Weekly","LogLik_dt",1417.44783641519,NA,NA,NA,"DT",1,169
"Weekly",0.05,"SameTimestamp",1000,"Weekly","AIC_dt",1421.44783641519,NA,NA,NA,"DT",1,169
"Weekly",0.05,"SameTimestamp",1000,"Weekly","BIC_dt",1431.26334697316,NA,NA,NA,"DT",1,169
"Weekly",0.05,"SameTimestamp",1000,"Monthly","error_var_ct",10.3289364569313,71.0877653673512,-129.16936369204,149.827236605903,"CT",1,169
"Weekly",0.05,"SameTimestamp",1000,"Monthly","beta_ct",-21.6525415792403,149.020408020749,-314.081112079052,270.776028920572,"CT",1,169
"Weekly",0.05,"SameTimestamp",1000,"Monthly","LogLik_ct",1404.55605873898,NA,NA,NA,"CT",1,169
"Weekly",0.05,"SameTimestamp",1000,"Monthly","AIC_ct",1408.55605873898,NA,NA,NA,"CT",1,169
"Weekly",0.05,"SameTimestamp",1000,"Monthly","BIC_ct",1418.37156929694,NA,NA,NA,"CT",1,169
"Weekly",0.05,"SameTimestamp",1000,"Monthly","error_var_dt",0.238459615675287,0.0106642532300628,0.217532734794105,0.259386496556468,"DT",1,169
"Weekly",0.05,"SameTimestamp",1000,"Monthly","beta_dt",-0.0152993006885372,0.0316125538215302,-0.077333850497254,0.0467352491201797,"DT",1,169
"Weekly",0.05,"SameTimestamp",1000,"Monthly","LogLik_dt",1404.32187016963,NA,NA,NA,"DT",1,169
"Weekly",0.05,"SameTimestamp",1000,"Monthly","AIC_dt",1408.32187016963,NA,NA,NA,"DT",1,169
"Weekly",0.05,"SameTimestamp",1000,"Monthly","BIC_dt",1418.1373807276,NA,NA,NA,"DT",1,169
"Weekly",0.05,"SameTimestamp",1000,"Daily","error_var_ct",0.20530255599707,0.0111878002708191,0.183348298297161,0.227256813696978,"CT",1,170
"Weekly",0.05,"SameTimestamp",1000,"Daily","beta_ct",-0.416694890310886,0.0360694377604134,-0.487475357651581,-0.345914422970191,"CT",1,170
"Weekly",0.05,"SameTimestamp",1000,"Daily","LogLik_ct",866.874622562997,NA,NA,NA,"CT",1,170
"Weekly",0.05,"SameTimestamp",1000,"Daily","AIC_ct",870.874622562997,NA,NA,NA,"CT",1,170
"Weekly",0.05,"SameTimestamp",1000,"Daily","BIC_ct",880.690133120961,NA,NA,NA,"CT",1,170
"Weekly",0.05,"SameTimestamp",1000,"Daily","error_var_dt",0.139290848405832,0.00623005091557184,0.127065376018667,0.151516320792997,"DT",1,170
"Weekly",0.05,"SameTimestamp",1000,"Daily","beta_dt",0.659222087128736,0.0237778091008827,0.612561963073644,0.705882211183828,"DT",1,170
"Weekly",0.05,"SameTimestamp",1000,"Daily","LogLik_dt",866.874622562629,NA,NA,NA,"DT",1,170
"Weekly",0.05,"SameTimestamp",1000,"Daily","AIC_dt",870.874622562629,NA,NA,NA,"DT",1,170
"Weekly",0.05,"SameTimestamp",1000,"Daily","BIC_dt",880.690133120593,NA,NA,NA,"DT",1,170
"Weekly",0.05,"SameTimestamp",1000,"Weekly","error_var_ct",1.60505101947761,0.335372706376302,0.946936051112872,2.26316598784235,"CT",1,170
"Weekly",0.05,"SameTimestamp",1000,"Weekly","beta_ct",-2.97230886466802,0.616311131838162,-4.1817202846224,-1.76289744471364,"CT",1,170
"Weekly",0.05,"SameTimestamp",1000,"Weekly","LogLik_ct",1525.92329273415,NA,NA,NA,"CT",1,170
"Weekly",0.05,"SameTimestamp",1000,"Weekly","AIC_ct",1529.92329273415,NA,NA,NA,"CT",1,170
"Weekly",0.05,"SameTimestamp",1000,"Weekly","BIC_ct",1539.73880329212,NA,NA,NA,"CT",1,170
"Weekly",0.05,"SameTimestamp",1000,"Weekly","error_var_dt",0.269293335423253,0.0120431618205282,0.245660568326114,0.292926102520392,"DT",1,170
"Weekly",0.05,"SameTimestamp",1000,"Weekly","beta_dt",0.0511850009715498,0.0315709027641202,-0.0107678153394537,0.113137817282553,"DT",1,170
"Weekly",0.05,"SameTimestamp",1000,"Weekly","LogLik_dt",1525.92329273416,NA,NA,NA,"DT",1,170
"Weekly",0.05,"SameTimestamp",1000,"Weekly","AIC_dt",1529.92329273416,NA,NA,NA,"DT",1,170
"Weekly",0.05,"SameTimestamp",1000,"Weekly","BIC_dt",1539.73880329212,NA,NA,NA,"DT",1,170
"Weekly",0.05,"SameTimestamp",1000,"Monthly","error_var_ct",13.092842977677,115.504136133451,-213.565437354088,239.751123309442,"CT",1,170
"Weekly",0.05,"SameTimestamp",1000,"Monthly","beta_ct",-23.648039034206,208.62350853437,-433.038103010322,385.74202494191,"CT",1,170
"Weekly",0.05,"SameTimestamp",1000,"Monthly","LogLik_ct",1553.51422612345,NA,NA,NA,"CT",1,170
"Weekly",0.05,"SameTimestamp",1000,"Monthly","AIC_ct",1557.51422612345,NA,NA,NA,"CT",1,170
"Weekly",0.05,"SameTimestamp",1000,"Monthly","BIC_ct",1567.32973668141,NA,NA,NA,"CT",1,170
"Weekly",0.05,"SameTimestamp",1000,"Monthly","error_var_dt",0.276589986010686,0.0123694772896369,0.252316877315836,0.300863094705535,"DT",1,170
"Weekly",0.05,"SameTimestamp",1000,"Monthly","beta_dt",-0.0292671299912388,0.031622813301051,-0.0913218123775684,0.0327875523950909,"DT",1,170
"Weekly",0.05,"SameTimestamp",1000,"Monthly","LogLik_dt",1552.65803345419,NA,NA,NA,"DT",1,170
"Weekly",0.05,"SameTimestamp",1000,"Monthly","AIC_dt",1556.65803345419,NA,NA,NA,"DT",1,170
"Weekly",0.05,"SameTimestamp",1000,"Monthly","BIC_dt",1566.47354401216,NA,NA,NA,"DT",1,170
"Weekly",0.05,"SameTimestamp",1000,"Daily","error_var_ct",0.219952066690153,0.0121574922258066,0.19609494457061,0.243809188809697,"CT",1,171
"Weekly",0.05,"SameTimestamp",1000,"Daily","beta_ct",-0.447378242760132,0.038063832122465,-0.522072388100061,-0.372684097420203,"CT",1,171
"Weekly",0.05,"SameTimestamp",1000,"Daily","LogLik_ct",909.467486154903,NA,NA,NA,"CT",1,171
"Weekly",0.05,"SameTimestamp",1000,"Daily","AIC_ct",913.467486154903,NA,NA,NA,"CT",1,171
"Weekly",0.05,"SameTimestamp",1000,"Daily","BIC_ct",923.282996712868,NA,NA,NA,"CT",1,171
"Weekly",0.05,"SameTimestamp",1000,"Daily","error_var_dt",0.145353614440425,0.00650118206569131,0.132596090801351,0.158111138079499,"DT",1,171
"Weekly",0.05,"SameTimestamp",1000,"Daily","beta_dt",0.639302050963671,0.0243339340980292,0.591550621092854,0.687053480834488,"DT",1,171
"Weekly",0.05,"SameTimestamp",1000,"Daily","LogLik_dt",909.467486154903,NA,NA,NA,"DT",1,171
"Weekly",0.05,"SameTimestamp",1000,"Daily","AIC_dt",913.467486154903,NA,NA,NA,"DT",1,171
"Weekly",0.05,"SameTimestamp",1000,"Daily","BIC_dt",923.282996712867,NA,NA,NA,"DT",1,171
"Weekly",0.05,"SameTimestamp",1000,"Weekly","error_var_ct",1.40172217997166,0.244300968600676,0.922320841802812,1.88112351814052,"CT",1,171
"Weekly",0.05,"SameTimestamp",1000,"Weekly","beta_ct",-2.68659315916285,0.464177763804377,-3.59746732552679,-1.77571899279891,"CT",1,171
"Weekly",0.05,"SameTimestamp",1000,"Weekly","LogLik_ct",1489.50805427238,NA,NA,NA,"CT",1,171
"Weekly",0.05,"SameTimestamp",1000,"Weekly","AIC_ct",1493.50805427238,NA,NA,NA,"CT",1,171
"Weekly",0.05,"SameTimestamp",1000,"Weekly","BIC_ct",1503.32356483034,NA,NA,NA,"CT",1,171
"Weekly",0.05,"SameTimestamp",1000,"Weekly","error_var_dt",0.259663282606038,0.0116124832671191,0.236875652865527,0.282450912346548,"DT",1,171
"Weekly",0.05,"SameTimestamp",1000,"Weekly","beta_dt",0.0681126296325251,0.0316112582961336,0.00608062208392411,0.130144637181126,"DT",1,171
"Weekly",0.05,"SameTimestamp",1000,"Weekly","LogLik_dt",1489.50805427238,NA,NA,NA,"DT",1,171
"Weekly",0.05,"SameTimestamp",1000,"Weekly","AIC_dt",1493.50805427238,NA,NA,NA,"DT",1,171
"Weekly",0.05,"SameTimestamp",1000,"Weekly","BIC_dt",1503.32356483034,NA,NA,NA,"DT",1,171
"Weekly",0.05,"SameTimestamp",1000,"Monthly","error_var_ct",2.67684757726204,3.28207057974446,-3.76368778740109,9.11738294192518,"CT",1,171
"Weekly",0.05,"SameTimestamp",1000,"Monthly","beta_ct",-5.36241326831875,6.57228759867489,-18.2594700736292,7.53464353699174,"CT",1,171
"Weekly",0.05,"SameTimestamp",1000,"Monthly","LogLik_ct",1449.93361923593,NA,NA,NA,"CT",1,171
"Weekly",0.05,"SameTimestamp",1000,"Monthly","AIC_ct",1453.93361923593,NA,NA,NA,"CT",1,171
"Weekly",0.05,"SameTimestamp",1000,"Monthly","BIC_ct",1463.7491297939,NA,NA,NA,"CT",1,171
"Weekly",0.05,"SameTimestamp",1000,"Monthly","error_var_dt",0.249588067876117,0.0111619310805468,0.227684574299269,0.271491561452965,"DT",1,171
"Weekly",0.05,"SameTimestamp",1000,"Monthly","beta_dt",0.00468955275637946,0.0316175572567721,-0.0573548154888509,0.0667339210016099,"DT",1,171
"Weekly",0.05,"SameTimestamp",1000,"Monthly","LogLik_dt",1449.93361923593,NA,NA,NA,"DT",1,171
"Weekly",0.05,"SameTimestamp",1000,"Monthly","AIC_dt",1453.93361923593,NA,NA,NA,"DT",1,171
"Weekly",0.05,"SameTimestamp",1000,"Monthly","BIC_dt",1463.7491297939,NA,NA,NA,"DT",1,171
"Weekly",0.05,"SameTimestamp",1000,"Daily","error_var_ct",0.249417686635425,0.0138337986557682,0.222271082896927,0.276564290373923,"CT",1,172
"Weekly",0.05,"SameTimestamp",1000,"Daily","beta_ct",-0.455807271676187,0.0385692825020975,-0.531493282049487,-0.380121261302886,"CT",1,172
"Weekly",0.05,"SameTimestamp",1000,"Daily","LogLik_ct",1027.97725054684,NA,NA,NA,"CT",1,172
"Weekly",0.05,"SameTimestamp",1000,"Daily","AIC_ct",1031.97725054684,NA,NA,NA,"CT",1,172
"Weekly",0.05,"SameTimestamp",1000,"Daily","BIC_ct",1041.79276110481,NA,NA,NA,"CT",1,172
"Weekly",0.05,"SameTimestamp",1000,"Daily","error_var_dt",0.163647005878831,0.00731925291952202,0.1492841498324,0.178009861925262,"DT",1,172
"Weekly",0.05,"SameTimestamp",1000,"Daily","beta_dt",0.633935999701954,0.024450389601127,0.58595604464623,0.681915954757677,"DT",1,172
"Weekly",0.05,"SameTimestamp",1000,"Daily","LogLik_dt",1027.97725054684,NA,NA,NA,"DT",1,172
"Weekly",0.05,"SameTimestamp",1000,"Daily","AIC_dt",1031.97725054684,NA,NA,NA,"DT",1,172
"Weekly",0.05,"SameTimestamp",1000,"Daily","BIC_dt",1041.7927611048,NA,NA,NA,"DT",1,172
"Weekly",0.05,"SameTimestamp",1000,"Weekly","error_var_ct",1.36807009407999,0.250394141573901,0.876711884459547,1.85942830370044,"CT",1,172
"Weekly",0.05,"SameTimestamp",1000,"Weekly","beta_ct",-2.76696058994839,0.502100578393857,-3.7522521774362,-1.78166900246058,"CT",1,172
"Weekly",0.05,"SameTimestamp",1000,"Weekly","LogLik_ct",1436.42365492952,NA,NA,NA,"CT",1,172
"Weekly",0.05,"SameTimestamp",1000,"Weekly","AIC_ct",1440.42365492952,NA,NA,NA,"CT",1,172
"Weekly",0.05,"SameTimestamp",1000,"Weekly","BIC_ct",1450.23916548748,NA,NA,NA,"CT",1,172
"Weekly",0.05,"SameTimestamp",1000,"Weekly","error_var_dt",0.24623871743355,0.0110121375476998,0.224629169560263,0.267848265306837,"DT",1,172
"Weekly",0.05,"SameTimestamp",1000,"Weekly","beta_dt",0.0628528570140999,0.0315627380248998,0.000916062689953388,0.124789651338246,"DT",1,172
"Weekly",0.05,"SameTimestamp",1000,"Weekly","LogLik_dt",1436.42365492953,NA,NA,NA,"DT",1,172
"Weekly",0.05,"SameTimestamp",1000,"Weekly","AIC_dt",1440.42365492953,NA,NA,NA,"DT",1,172
"Weekly",0.05,"SameTimestamp",1000,"Weekly","BIC_dt",1450.23916548749,NA,NA,NA,"DT",1,172
"Weekly",0.05,"SameTimestamp",1000,"Monthly","error_var_ct",10.6773530331095,95.2926328608753,-176.319104544629,197.673810610848,"CT",1,172
"Weekly",0.05,"SameTimestamp",1000,"Monthly","beta_ct",-20.8824318658831,186.369983817762,-386.603534604462,344.838670872696,"CT",1,172
"Weekly",0.05,"SameTimestamp",1000,"Monthly","LogLik_ct",1473.94923040136,NA,NA,NA,"CT",1,172
"Weekly",0.05,"SameTimestamp",1000,"Monthly","AIC_ct",1477.94923040136,NA,NA,NA,"CT",1,172
"Weekly",0.05,"SameTimestamp",1000,"Monthly","BIC_ct",1487.76474095932,NA,NA,NA,"CT",1,172
"Weekly",0.05,"SameTimestamp",1000,"Monthly","error_var_dt",0.255617707660467,0.0114315681811941,0.233185094663378,0.278050320657556,"DT",1,172
"Weekly",0.05,"SameTimestamp",1000,"Monthly","beta_dt",-0.012014715170913,0.0316098173699911,-0.074043895133832,0.050014464792006,"DT",1,172
"Weekly",0.05,"SameTimestamp",1000,"Monthly","LogLik_dt",1473.80476995077,NA,NA,NA,"DT",1,172
"Weekly",0.05,"SameTimestamp",1000,"Monthly","AIC_dt",1477.80476995077,NA,NA,NA,"DT",1,172
"Weekly",0.05,"SameTimestamp",1000,"Monthly","BIC_dt",1487.62028050873,NA,NA,NA,"DT",1,172
"Weekly",0.05,"SameTimestamp",1000,"Daily","error_var_ct",0.246625847323698,0.0138994763805819,0.219350361619059,0.273901333028338,"CT",1,173
"Weekly",0.05,"SameTimestamp",1000,"Daily","beta_ct",-0.490531967089285,0.0408463705255748,-0.570686396281536,-0.410377537897033,"CT",1,173
"Weekly",0.05,"SameTimestamp",1000,"Daily","LogLik_ct",987.503527206878,NA,NA,NA,"CT",1,173
"Weekly",0.05,"SameTimestamp",1000,"Daily","AIC_ct",991.503527206878,NA,NA,NA,"CT",1,173
"Weekly",0.05,"SameTimestamp",1000,"Daily","BIC_ct",1001.31903776484,NA,NA,NA,"CT",1,173
"Weekly",0.05,"SameTimestamp",1000,"Daily","error_var_dt",0.157138438453425,0.00702864045536584,0.143345862602783,0.170931014304067,"DT",1,173
"Weekly",0.05,"SameTimestamp",1000,"Daily","beta_dt",0.612300585204993,0.0250100520159155,0.563222382720661,0.661378787689326,"DT",1,173
"Weekly",0.05,"SameTimestamp",1000,"Daily","LogLik_dt",987.503527206877,NA,NA,NA,"DT",1,173
"Weekly",0.05,"SameTimestamp",1000,"Daily","AIC_dt",991.503527206877,NA,NA,NA,"DT",1,173
"Weekly",0.05,"SameTimestamp",1000,"Daily","BIC_dt",1001.31903776484,NA,NA,NA,"DT",1,173
"Weekly",0.05,"SameTimestamp",1000,"Weekly","error_var_ct",1.77320473785894,0.575168189479414,0.644529721595315,2.90187975412256,"CT",1,173
"Weekly",0.05,"SameTimestamp",1000,"Weekly","beta_ct",-3.60634778072158,1.16478368872377,-5.89204833381338,-1.32064722762979,"CT",1,173
"Weekly",0.05,"SameTimestamp",1000,"Weekly","LogLik_ct",1434.08570689885,NA,NA,NA,"CT",1,173
"Weekly",0.05,"SameTimestamp",1000,"Weekly","AIC_ct",1438.08570689885,NA,NA,NA,"CT",1,173
"Weekly",0.05,"SameTimestamp",1000,"Weekly","BIC_ct",1447.90121745682,NA,NA,NA,"CT",1,173
"Weekly",0.05,"SameTimestamp",1000,"Weekly","error_var_dt",0.245663716618208,0.0109864134363082,0.224104648174024,0.267222785062392,"DT",1,173
"Weekly",0.05,"SameTimestamp",1000,"Weekly","beta_dt",0.0271508150462801,0.0316072199733916,-0.0348732679437833,0.0891748980363435,"DT",1,173
"Weekly",0.05,"SameTimestamp",1000,"Weekly","LogLik_dt",1434.08570689885,NA,NA,NA,"DT",1,173
"Weekly",0.05,"SameTimestamp",1000,"Weekly","AIC_dt",1438.08570689885,NA,NA,NA,"DT",1,173
"Weekly",0.05,"SameTimestamp",1000,"Weekly","BIC_dt",1447.90121745682,NA,NA,NA,"DT",1,173
"Weekly",0.05,"SameTimestamp",1000,"Monthly","error_var_ct",9.26331103552456,103.73818675063,-194.306186999304,212.832809070353,"CT",1,173
"Weekly",0.05,"SameTimestamp",1000,"Monthly","beta_ct",-19.4852829070485,218.214871815272,-447.696853887682,408.726288073585,"CT",1,173
"Weekly",0.05,"SameTimestamp",1000,"Monthly","LogLik_ct",1401.13479853451,NA,NA,NA,"CT",1,173
"Weekly",0.05,"SameTimestamp",1000,"Monthly","AIC_ct",1405.13479853451,NA,NA,NA,"CT",1,173
"Weekly",0.05,"SameTimestamp",1000,"Monthly","BIC_ct",1414.95030909247,NA,NA,NA,"CT",1,173
"Weekly",0.05,"SameTimestamp",1000,"Monthly","error_var_dt",0.237341001740254,0.0106142142969252,0.216512314213132,0.258169689267377,"DT",1,173
"Weekly",0.05,"SameTimestamp",1000,"Monthly","beta_dt",-0.0389673516143693,0.0316534102782639,-0.101082075644839,0.0231473724161003,"DT",1,173
"Weekly",0.05,"SameTimestamp",1000,"Monthly","LogLik_dt",1399.62044450469,NA,NA,NA,"DT",1,173
"Weekly",0.05,"SameTimestamp",1000,"Monthly","AIC_dt",1403.62044450469,NA,NA,NA,"DT",1,173
"Weekly",0.05,"SameTimestamp",1000,"Monthly","BIC_dt",1413.43595506266,NA,NA,NA,"DT",1,173
"Weekly",0.05,"SameTimestamp",1000,"Daily","error_var_ct",0.206902523499283,0.0113095269269072,0.184709396824954,0.229095650173611,"CT",1,174
"Weekly",0.05,"SameTimestamp",1000,"Daily","beta_ct",-0.423327082113724,0.036487870566848,-0.494928656503185,-0.351725507724262,"CT",1,174
"Weekly",0.05,"SameTimestamp",1000,"Daily","LogLik_ct",869.097275236368,NA,NA,NA,"CT",1,174
"Weekly",0.05,"SameTimestamp",1000,"Daily","AIC_ct",873.097275236368,NA,NA,NA,"CT",1,174
"Weekly",0.05,"SameTimestamp",1000,"Daily","BIC_ct",882.912785794333,NA,NA,NA,"CT",1,174
"Weekly",0.05,"SameTimestamp",1000,"Daily","error_var_dt",0.139576332210593,0.00624344002193691,0.127324585856751,0.151828078564436,"DT",1,174
"Weekly",0.05,"SameTimestamp",1000,"Daily","beta_dt",0.654864357797384,0.0238946920028821,0.607974869855818,0.701753845738949,"DT",1,174
"Weekly",0.05,"SameTimestamp",1000,"Daily","LogLik_dt",869.097275236322,NA,NA,NA,"DT",1,174
"Weekly",0.05,"SameTimestamp",1000,"Daily","AIC_dt",873.097275236322,NA,NA,NA,"DT",1,174
"Weekly",0.05,"SameTimestamp",1000,"Daily","BIC_dt",882.912785794286,NA,NA,NA,"DT",1,174
"Weekly",0.05,"SameTimestamp",1000,"Weekly","error_var_ct",1.57590436097726,0.391662017620548,0.807330677325135,2.34447804462938,"CT",1,174
"Weekly",0.05,"SameTimestamp",1000,"Weekly","beta_ct",-3.22790831176415,0.797216322923788,-4.79231705811022,-1.66349956541807,"CT",1,174
"Weekly",0.05,"SameTimestamp",1000,"Weekly","LogLik_ct",1426.15297775048,NA,NA,NA,"CT",1,174
"Weekly",0.05,"SameTimestamp",1000,"Weekly","AIC_ct",1430.15297775048,NA,NA,NA,"CT",1,174
"Weekly",0.05,"SameTimestamp",1000,"Weekly","BIC_ct",1439.96848830845,NA,NA,NA,"CT",1,174
"Weekly",0.05,"SameTimestamp",1000,"Weekly","error_var_dt",0.243722513051413,0.0108996182095472,0.222333766272732,0.265111259830095,"DT",1,174
"Weekly",0.05,"SameTimestamp",1000,"Weekly","beta_dt",0.039640244758749,0.0315940010903276,-0.022357898300473,0.101638387817971,"DT",1,174
"Weekly",0.05,"SameTimestamp",1000,"Weekly","LogLik_dt",1426.15297775047,NA,NA,NA,"DT",1,174
"Weekly",0.05,"SameTimestamp",1000,"Weekly","AIC_dt",1430.15297775047,NA,NA,NA,"DT",1,174
"Weekly",0.05,"SameTimestamp",1000,"Weekly","BIC_dt",1439.96848830843,NA,NA,NA,"DT",1,174
"Weekly",0.05,"SameTimestamp",1000,"Monthly","error_var_ct",10.7433332039382,48.5990513682395,-84.6244845870483,106.111150994925,"CT",1,174
"Weekly",0.05,"SameTimestamp",1000,"Monthly","beta_ct",-21.0500564297886,95.2225565936782,-207.909000609768,165.808887750191,"CT",1,174
"Weekly",0.05,"SameTimestamp",1000,"Monthly","LogLik_ct",1472.11415579626,NA,NA,NA,"CT",1,174
"Weekly",0.05,"SameTimestamp",1000,"Monthly","AIC_ct",1476.11415579626,NA,NA,NA,"CT",1,174
"Weekly",0.05,"SameTimestamp",1000,"Monthly","BIC_ct",1485.92966635422,NA,NA,NA,"CT",1,174
"Weekly",0.05,"SameTimestamp",1000,"Monthly","error_var_dt",0.255172658299054,0.0114116741422549,0.232779084152051,0.277566232446057,"DT",1,174
"Weekly",0.05,"SameTimestamp",1000,"Monthly","beta_dt",-0.00721135877820682,0.0316306138788069,-0.0692813485431197,0.0548586309867061,"DT",1,174
"Weekly",0.05,"SameTimestamp",1000,"Monthly","LogLik_dt",1472.06217902482,NA,NA,NA,"DT",1,174
"Weekly",0.05,"SameTimestamp",1000,"Monthly","AIC_dt",1476.06217902482,NA,NA,NA,"DT",1,174
"Weekly",0.05,"SameTimestamp",1000,"Monthly","BIC_dt",1485.87768958278,NA,NA,NA,"DT",1,174
"Weekly",0.05,"SameTimestamp",1000,"Daily","error_var_ct",0.209123640919275,0.0112375446410354,0.18707176789764,0.23117551394091,"CT",1,175
"Weekly",0.05,"SameTimestamp",1000,"Daily","beta_ct",-0.385690124386276,0.0341117502723372,-0.452628945061074,-0.318751303711478,"CT",1,175
"Weekly",0.05,"SameTimestamp",1000,"Daily","LogLik_ct",912.248931827328,NA,NA,NA,"CT",1,175
"Weekly",0.05,"SameTimestamp",1000,"Daily","AIC_ct",916.248931827328,NA,NA,NA,"CT",1,175
"Weekly",0.05,"SameTimestamp",1000,"Daily","BIC_ct",926.064442385293,NA,NA,NA,"CT",1,175
"Weekly",0.05,"SameTimestamp",1000,"Daily","error_var_dt",0.145751991204286,0.00651915232113403,0.132959203830664,0.158544778577907,"DT",1,175
"Weekly",0.05,"SameTimestamp",1000,"Daily","beta_dt",0.679981222554737,0.0231953727978851,0.634464036019109,0.725498409090365,"DT",1,175
"Weekly",0.05,"SameTimestamp",1000,"Daily","LogLik_dt",912.248931827333,NA,NA,NA,"DT",1,175
"Weekly",0.05,"SameTimestamp",1000,"Daily","AIC_dt",916.248931827333,NA,NA,NA,"DT",1,175
"Weekly",0.05,"SameTimestamp",1000,"Daily","BIC_dt",926.064442385297,NA,NA,NA,"DT",1,175
"Weekly",0.05,"SameTimestamp",1000,"Weekly","error_var_ct",1.14061150764564,0.155538822124475,0.835391598405073,1.4458314168862,"CT",1,175
"Weekly",0.05,"SameTimestamp",1000,"Weekly","beta_ct",-2.28523165203156,0.309173523825923,-2.89193494059198,-1.67852836347113,"CT",1,175
"Weekly",0.05,"SameTimestamp",1000,"Weekly","LogLik_ct",1439.42194503417,NA,NA,NA,"CT",1,175
"Weekly",0.05,"SameTimestamp",1000,"Weekly","AIC_ct",1443.42194503417,NA,NA,NA,"CT",1,175
"Weekly",0.05,"SameTimestamp",1000,"Weekly","BIC_ct",1453.23745559213,NA,NA,NA,"CT",1,175
"Weekly",0.05,"SameTimestamp",1000,"Weekly","error_var_dt",0.246977730024863,0.0110452040716567,0.225303294419348,0.268652165630378,"DT",1,175
"Weekly",0.05,"SameTimestamp",1000,"Weekly","beta_dt",0.101750515361822,0.0314556920827735,0.0400237814733533,0.16347724925029,"DT",1,175
"Weekly",0.05,"SameTimestamp",1000,"Weekly","LogLik_dt",1439.42194503416,NA,NA,NA,"DT",1,175
"Weekly",0.05,"SameTimestamp",1000,"Weekly","AIC_dt",1443.42194503416,NA,NA,NA,"DT",1,175
"Weekly",0.05,"SameTimestamp",1000,"Weekly","BIC_dt",1453.23745559213,NA,NA,NA,"DT",1,175
"Weekly",0.05,"SameTimestamp",1000,"Monthly","error_var_ct",11.1937067735132,40.2526698237203,-67.7956803291749,90.1830938762013,"CT",1,175
"Weekly",0.05,"SameTimestamp",1000,"Monthly","beta_ct",-20.7604696910121,74.6546416996377,-167.258190663304,125.73725128128,"CT",1,175
"Weekly",0.05,"SameTimestamp",1000,"Monthly","LogLik_ct",1527.03161319104,NA,NA,NA,"CT",1,175
"Weekly",0.05,"SameTimestamp",1000,"Monthly","AIC_ct",1531.03161319104,NA,NA,NA,"CT",1,175
"Weekly",0.05,"SameTimestamp",1000,"Monthly","BIC_ct",1540.847123749,NA,NA,NA,"CT",1,175
"Weekly",0.05,"SameTimestamp",1000,"Monthly","error_var_dt",0.268758647670415,0.0120192732215278,0.245172758104681,0.29234453723615,"DT",1,175
"Weekly",0.05,"SameTimestamp",1000,"Monthly","beta_dt",-0.0555791811484244,0.0315647305418648,-0.117519885466481,0.00636152316963177,"DT",1,175
"Weekly",0.05,"SameTimestamp",1000,"Monthly","LogLik_dt",1523.93594843474,NA,NA,NA,"DT",1,175
"Weekly",0.05,"SameTimestamp",1000,"Monthly","AIC_dt",1527.93594843474,NA,NA,NA,"DT",1,175
"Weekly",0.05,"SameTimestamp",1000,"Monthly","BIC_dt",1537.7514589927,NA,NA,NA,"DT",1,175
"Weekly",0.05,"SameTimestamp",1000,"Daily","error_var_ct",0.198298310103031,0.0105240431858096,0.177646568871212,0.21895005133485,"CT",1,176
"Weekly",0.05,"SameTimestamp",1000,"Daily","beta_ct",-0.358694475503396,0.0323916794444518,-0.422257933970845,-0.295131017035947,"CT",1,176
"Weekly",0.05,"SameTimestamp",1000,"Daily","LogLik_ct",882.791119864223,NA,NA,NA,"CT",1,176
"Weekly",0.05,"SameTimestamp",1000,"Daily","AIC_ct",886.791119864223,NA,NA,NA,"CT",1,176
"Weekly",0.05,"SameTimestamp",1000,"Daily","BIC_ct",896.606630422188,NA,NA,NA,"CT",1,176
"Weekly",0.05,"SameTimestamp",1000,"Daily","error_var_dt",0.141518497303422,0.00632985020922618,0.12909718486208,0.153939809744764,"DT",1,176
"Weekly",0.05,"SameTimestamp",1000,"Daily","beta_dt",0.698587759771405,0.0226283523651876,0.654183259590487,0.742992259952323,"DT",1,176
"Weekly",0.05,"SameTimestamp",1000,"Daily","LogLik_dt",882.791119864222,NA,NA,NA,"DT",1,176
"Weekly",0.05,"SameTimestamp",1000,"Daily","AIC_dt",886.791119864222,NA,NA,NA,"DT",1,176
"Weekly",0.05,"SameTimestamp",1000,"Daily","BIC_dt",896.606630422187,NA,NA,NA,"DT",1,176
"Weekly",0.05,"SameTimestamp",1000,"Weekly","error_var_ct",3.02050670407494,5.60217431236168,-7.97285888667419,14.0138722948241,"CT",1,176
"Weekly",0.05,"SameTimestamp",1000,"Weekly","beta_ct",-6.0189644317152,11.1616503803635,-27.9219071796234,15.883978316193,"CT",1,176
"Weekly",0.05,"SameTimestamp",1000,"Weekly","LogLik_ct",1455.23395693413,NA,NA,NA,"CT",1,176
"Weekly",0.05,"SameTimestamp",1000,"Weekly","AIC_ct",1459.23395693413,NA,NA,NA,"CT",1,176
"Weekly",0.05,"SameTimestamp",1000,"Weekly","BIC_ct",1469.0494674921,NA,NA,NA,"CT",1,176
"Weekly",0.05,"SameTimestamp",1000,"Weekly","error_var_dt",0.250914489486103,0.0112212482156502,0.228894595576879,0.272934383395327,"DT",1,176
"Weekly",0.05,"SameTimestamp",1000,"Weekly","beta_dt",0.00243255572528757,0.0316148583943558,-0.0596065164367496,0.0644716278873248,"DT",1,176
"Weekly",0.05,"SameTimestamp",1000,"Weekly","LogLik_dt",1455.23395693381,NA,NA,NA,"DT",1,176
"Weekly",0.05,"SameTimestamp",1000,"Weekly","AIC_dt",1459.23395693381,NA,NA,NA,"DT",1,176
"Weekly",0.05,"SameTimestamp",1000,"Weekly","BIC_dt",1469.04946749178,NA,NA,NA,"DT",1,176
"Weekly",0.05,"SameTimestamp",1000,"Monthly","error_var_ct",2.15123868697212,1.09534411555079,0.00180212207356067,4.30067525187067,"CT",1,176
"Weekly",0.05,"SameTimestamp",1000,"Monthly","beta_ct",-4.21909664513102,2.14386472407595,-8.42608617719038,-0.0121071130716652,"CT",1,176
"Weekly",0.05,"SameTimestamp",1000,"Monthly","LogLik_ct",1470.93608553833,NA,NA,NA,"CT",1,176
"Weekly",0.05,"SameTimestamp",1000,"Monthly","AIC_ct",1474.93608553833,NA,NA,NA,"CT",1,176
"Weekly",0.05,"SameTimestamp",1000,"Monthly","BIC_ct",1484.75159609629,NA,NA,NA,"CT",1,176
"Weekly",0.05,"SameTimestamp",1000,"Monthly","error_var_dt",0.2548854618222,0.0113988151352715,0.232517121407141,0.277253802237258,"DT",1,176
"Weekly",0.05,"SameTimestamp",1000,"Monthly","beta_dt",0.0147119739105816,0.0316143035419397,-0.0473260094428754,0.0767499572640386,"DT",1,176
"Weekly",0.05,"SameTimestamp",1000,"Monthly","LogLik_dt",1470.93608553831,NA,NA,NA,"DT",1,176
"Weekly",0.05,"SameTimestamp",1000,"Monthly","AIC_dt",1474.93608553831,NA,NA,NA,"DT",1,176
"Weekly",0.05,"SameTimestamp",1000,"Monthly","BIC_dt",1484.75159609628,NA,NA,NA,"DT",1,176
"Weekly",0.05,"SameTimestamp",1000,"Daily","error_var_ct",0.193823741878936,0.0104685889817896,0.173280820598862,0.214366663159011,"CT",1,177
"Weekly",0.05,"SameTimestamp",1000,"Daily","beta_ct",-0.397259103906752,0.0348273697162234,-0.465602212583288,-0.328915995230217,"CT",1,177
"Weekly",0.05,"SameTimestamp",1000,"Daily","LogLik_ct",826.133995844377,NA,NA,NA,"CT",1,177
"Weekly",0.05,"SameTimestamp",1000,"Daily","AIC_ct",830.133995844377,NA,NA,NA,"CT",1,177
"Weekly",0.05,"SameTimestamp",1000,"Daily","BIC_ct",839.949506402341,NA,NA,NA,"CT",1,177
"Weekly",0.05,"SameTimestamp",1000,"Daily","error_var_dt",0.133734379604466,0.00598141782640656,0.121996809644956,0.145471949563975,"DT",1,177
"Weekly",0.05,"SameTimestamp",1000,"Daily","beta_dt",0.672159842513606,0.0234096189178826,0.626222232443792,0.718097452583421,"DT",1,177
"Weekly",0.05,"SameTimestamp",1000,"Daily","LogLik_dt",826.133995844376,NA,NA,NA,"DT",1,177
"Weekly",0.05,"SameTimestamp",1000,"Daily","AIC_dt",830.133995844376,NA,NA,NA,"DT",1,177
"Weekly",0.05,"SameTimestamp",1000,"Daily","BIC_dt",839.949506402341,NA,NA,NA,"DT",1,177
"Weekly",0.05,"SameTimestamp",1000,"Weekly","error_var_ct",1.84067159449956,0.715477451091867,0.436662230771924,3.2446809582272,"CT",1,177
"Weekly",0.05,"SameTimestamp",1000,"Weekly","beta_ct",-3.85776408694082,1.49471784392215,-6.79090732687783,-0.924620847003804,"CT",1,177
"Weekly",0.05,"SameTimestamp",1000,"Weekly","LogLik_ct",1404.3268064933,NA,NA,NA,"CT",1,177
"Weekly",0.05,"SameTimestamp",1000,"Weekly","AIC_ct",1408.3268064933,NA,NA,NA,"CT",1,177
"Weekly",0.05,"SameTimestamp",1000,"Weekly","BIC_ct",1418.14231705126,NA,NA,NA,"CT",1,177
"Weekly",0.05,"SameTimestamp",1000,"Weekly","error_var_dt",0.238460820185427,0.0106642953012861,0.21753385674624,0.259387783624615,"DT",1,177
"Weekly",0.05,"SameTimestamp",1000,"Weekly","beta_dt",0.0211154333343818,0.0316170995094777,-0.0409280366554438,0.0831589033242073,"DT",1,177
"Weekly",0.05,"SameTimestamp",1000,"Weekly","LogLik_dt",1404.32680649321,NA,NA,NA,"DT",1,177
"Weekly",0.05,"SameTimestamp",1000,"Weekly","AIC_dt",1408.32680649321,NA,NA,NA,"DT",1,177
"Weekly",0.05,"SameTimestamp",1000,"Weekly","BIC_dt",1418.14231705117,NA,NA,NA,"DT",1,177
"Weekly",0.05,"SameTimestamp",1000,"Monthly","error_var_ct",10.8551381435917,46.0359390673837,-79.4829842108786,101.193260498062,"CT",1,177
"Weekly",0.05,"SameTimestamp",1000,"Monthly","beta_ct",-21.8947398021517,92.8536402576747,-204.105066876783,160.315587272479,"CT",1,177
"Weekly",0.05,"SameTimestamp",1000,"Monthly","LogLik_ct",1443.12208416206,NA,NA,NA,"CT",1,177
"Weekly",0.05,"SameTimestamp",1000,"Monthly","AIC_ct",1447.12208416206,NA,NA,NA,"CT",1,177
"Weekly",0.05,"SameTimestamp",1000,"Monthly","BIC_ct",1456.93759472002,NA,NA,NA,"CT",1,177
"Weekly",0.05,"SameTimestamp",1000,"Monthly","error_var_dt",0.247727551088587,0.0110787370364081,0.225987312435845,0.26946778974133,"DT",1,177
"Weekly",0.05,"SameTimestamp",1000,"Monthly","beta_dt",-0.025883001517285,0.0315964733210983,-0.0878859959315652,0.0361199928969952,"DT",1,177
"Weekly",0.05,"SameTimestamp",1000,"Monthly","LogLik_dt",1442.45126101189,NA,NA,NA,"DT",1,177
"Weekly",0.05,"SameTimestamp",1000,"Monthly","AIC_dt",1446.45126101189,NA,NA,NA,"DT",1,177
"Weekly",0.05,"SameTimestamp",1000,"Monthly","BIC_dt",1456.26677156986,NA,NA,NA,"DT",1,177
"Weekly",0.05,"SameTimestamp",1000,"Daily","error_var_ct",0.209920387877568,0.0112614025657321,0.187821697517914,0.232019078237223,"CT",1,178
"Weekly",0.05,"SameTimestamp",1000,"Daily","beta_ct",-0.381521393455792,0.0338741078511886,-0.447993879120308,-0.315048907791276,"CT",1,178
"Weekly",0.05,"SameTimestamp",1000,"Daily","LogLik_ct",919.657760960244,NA,NA,NA,"CT",1,178
"Weekly",0.05,"SameTimestamp",1000,"Daily","AIC_ct",923.657760960244,NA,NA,NA,"CT",1,178
"Weekly",0.05,"SameTimestamp",1000,"Daily","BIC_ct",933.473271518208,NA,NA,NA,"CT",1,178
"Weekly",0.05,"SameTimestamp",1000,"Daily","error_var_dt",0.146840960793486,0.00656773360715899,0.133952840463701,0.159729081123271,"DT",1,178
"Weekly",0.05,"SameTimestamp",1000,"Daily","beta_dt",0.68282177307781,0.0231300228825051,0.637432825235061,0.728210720920559,"DT",1,178
"Weekly",0.05,"SameTimestamp",1000,"Daily","LogLik_dt",919.657760960245,NA,NA,NA,"DT",1,178
"Weekly",0.05,"SameTimestamp",1000,"Daily","AIC_dt",923.657760960245,NA,NA,NA,"DT",1,178
"Weekly",0.05,"SameTimestamp",1000,"Daily","BIC_dt",933.473271518209,NA,NA,NA,"DT",1,178
"Weekly",0.05,"SameTimestamp",1000,"Weekly","error_var_ct",1.27085572967885,0.222620998053389,0.833997844986104,1.70771361437159,"CT",1,178
"Weekly",0.05,"SameTimestamp",1000,"Weekly","beta_ct",-2.69638627505876,0.468181753275126,-3.61511762644037,-1.77765492367716,"CT",1,178
"Weekly",0.05,"SameTimestamp",1000,"Weekly","LogLik_ct",1387.94869234523,NA,NA,NA,"CT",1,178
"Weekly",0.05,"SameTimestamp",1000,"Weekly","AIC_ct",1391.94869234523,NA,NA,NA,"CT",1,178
"Weekly",0.05,"SameTimestamp",1000,"Weekly","BIC_ct",1401.7642029032,NA,NA,NA,"CT",1,178
"Weekly",0.05,"SameTimestamp",1000,"Weekly","error_var_dt",0.234586997161473,0.010491056430291,0.213999987129158,0.255174007193788,"DT",1,178
"Weekly",0.05,"SameTimestamp",1000,"Weekly","beta_dt",0.0674489225584854,0.0315361273370123,0.00556434742714818,0.129333497689823,"DT",1,178
"Weekly",0.05,"SameTimestamp",1000,"Weekly","LogLik_dt",1387.94869234525,NA,NA,NA,"DT",1,178
"Weekly",0.05,"SameTimestamp",1000,"Weekly","AIC_dt",1391.94869234525,NA,NA,NA,"DT",1,178
"Weekly",0.05,"SameTimestamp",1000,"Weekly","BIC_dt",1401.76420290322,NA,NA,NA,"DT",1,178
"Weekly",0.05,"SameTimestamp",1000,"Monthly","error_var_ct",2.09749517949643,1.27253058532765,-0.399641319638919,4.59463167863179,"CT",1,178
"Weekly",0.05,"SameTimestamp",1000,"Monthly","beta_ct",-4.44692427822023,2.6938983593926,-9.73326630863048,0.839417752190018,"CT",1,178
"Weekly",0.05,"SameTimestamp",1000,"Monthly","LogLik_ct",1393.12393284017,NA,NA,NA,"CT",1,178
"Weekly",0.05,"SameTimestamp",1000,"Monthly","AIC_ct",1397.12393284017,NA,NA,NA,"CT",1,178
"Weekly",0.05,"SameTimestamp",1000,"Monthly","BIC_ct",1406.93944339813,NA,NA,NA,"CT",1,178
"Weekly",0.05,"SameTimestamp",1000,"Monthly","error_var_dt",0.23580427859674,0.0105454931987037,0.215110445166335,0.256498112027146,"DT",1,178
"Weekly",0.05,"SameTimestamp",1000,"Monthly","beta_dt",0.0117144980740137,0.031606614900021,-0.0503083975569278,0.0737373937049552,"DT",1,178
"Weekly",0.05,"SameTimestamp",1000,"Monthly","LogLik_dt",1393.12393284016,NA,NA,NA,"DT",1,178
"Weekly",0.05,"SameTimestamp",1000,"Monthly","AIC_dt",1397.12393284016,NA,NA,NA,"DT",1,178
"Weekly",0.05,"SameTimestamp",1000,"Monthly","BIC_dt",1406.93944339813,NA,NA,NA,"DT",1,178
"Weekly",0.05,"SameTimestamp",1000,"Daily","error_var_ct",0.203810484041917,0.0110814458106103,0.182064929855697,0.225556038228138,"CT",1,179
"Weekly",0.05,"SameTimestamp",1000,"Daily","beta_ct",-0.40489705839037,0.0356644415949921,-0.474882785928074,-0.334911330852666,"CT",1,179
"Weekly",0.05,"SameTimestamp",1000,"Daily","LogLik_ct",869.735610434149,NA,NA,NA,"CT",1,179
"Weekly",0.05,"SameTimestamp",1000,"Daily","AIC_ct",873.735610434149,NA,NA,NA,"CT",1,179
"Weekly",0.05,"SameTimestamp",1000,"Daily","BIC_ct",883.551120992113,NA,NA,NA,"CT",1,179
"Weekly",0.05,"SameTimestamp",1000,"Daily","error_var_dt",0.139696099275361,0.00624802079520532,0.127435363891114,0.151956834659609,"DT",1,179
"Weekly",0.05,"SameTimestamp",1000,"Daily","beta_dt",0.667045476848944,0.0237898394595916,0.620361745150801,0.713729208547087,"DT",1,179
"Weekly",0.05,"SameTimestamp",1000,"Daily","LogLik_dt",869.73561043415,NA,NA,NA,"DT",1,179
"Weekly",0.05,"SameTimestamp",1000,"Daily","AIC_dt",873.73561043415,NA,NA,NA,"DT",1,179
"Weekly",0.05,"SameTimestamp",1000,"Daily","BIC_dt",883.551120992114,NA,NA,NA,"DT",1,179
"Weekly",0.05,"SameTimestamp",1000,"Weekly","error_var_ct",3.25041952014232,7.97642976633499,-12.4020403358039,18.9028793760885,"CT",1,179
"Weekly",0.05,"SameTimestamp",1000,"Weekly","beta_ct",-6.15630814342834,15.1058681514589,-35.799143566847,23.4865272799903,"CT",1,179
"Weekly",0.05,"SameTimestamp",1000,"Weekly","LogLik_ct",1506.03219169765,NA,NA,NA,"CT",1,179
"Weekly",0.05,"SameTimestamp",1000,"Weekly","AIC_ct",1510.03219169765,NA,NA,NA,"CT",1,179
"Weekly",0.05,"SameTimestamp",1000,"Weekly","BIC_ct",1519.84770225562,NA,NA,NA,"CT",1,179
"Weekly",0.05,"SameTimestamp",1000,"Weekly","error_var_dt",0.263989783927009,0.0118060004052913,0.240822407943454,0.287157159910565,"DT",1,179
"Weekly",0.05,"SameTimestamp",1000,"Weekly","beta_dt",0.0021200724118077,0.0316090846091872,-0.0599076696259488,0.0641478144495642,"DT",1,179
"Weekly",0.05,"SameTimestamp",1000,"Weekly","LogLik_dt",1506.03219169766,NA,NA,NA,"DT",1,179
"Weekly",0.05,"SameTimestamp",1000,"Weekly","AIC_dt",1510.03219169766,NA,NA,NA,"DT",1,179
"Weekly",0.05,"SameTimestamp",1000,"Weekly","BIC_dt",1519.84770225562,NA,NA,NA,"DT",1,179
"Weekly",0.05,"SameTimestamp",1000,"Monthly","error_var_ct",12.0437458435082,127.456047894822,-238.068238028184,262.1557297152,"CT",1,179
"Weekly",0.05,"SameTimestamp",1000,"Monthly","beta_ct",-22.4815270015603,237.917749732541,-489.356825324002,444.393771320881,"CT",1,179
"Weekly",0.05,"SameTimestamp",1000,"Monthly","LogLik_ct",1520.58147812576,NA,NA,NA,"CT",1,179
"Weekly",0.05,"SameTimestamp",1000,"Monthly","AIC_ct",1524.58147812576,NA,NA,NA,"CT",1,179
"Weekly",0.05,"SameTimestamp",1000,"Monthly","BIC_ct",1534.39698868373,NA,NA,NA,"CT",1,179
"Weekly",0.05,"SameTimestamp",1000,"Monthly","error_var_dt",0.267578779437812,0.0119665023782888,0.244096444160093,0.29106111471553,"DT",1,179
"Weekly",0.05,"SameTimestamp",1000,"Monthly","beta_dt",-0.0323133915435176,0.0315922204237306,-0.0943080403310863,0.0296812572440511,"DT",1,179
"Weekly",0.05,"SameTimestamp",1000,"Monthly","LogLik_dt",1519.53583004351,NA,NA,NA,"DT",1,179
"Weekly",0.05,"SameTimestamp",1000,"Monthly","AIC_dt",1523.53583004351,NA,NA,NA,"DT",1,179
"Weekly",0.05,"SameTimestamp",1000,"Monthly","BIC_dt",1533.35134060147,NA,NA,NA,"DT",1,179
"Weekly",0.05,"SameTimestamp",1000,"Daily","error_var_ct",0.210530126011114,0.0115867471594986,0.187792999240376,0.233267252781853,"CT",1,180
"Weekly",0.05,"SameTimestamp",1000,"Daily","beta_ct",-0.437096822559548,0.0374452223411572,-0.510577045749835,-0.363616599369261,"CT",1,180
"Weekly",0.05,"SameTimestamp",1000,"Daily","LogLik_ct",874.435720914748,NA,NA,NA,"CT",1,180
"Weekly",0.05,"SameTimestamp",1000,"Daily","AIC_ct",878.435720914748,NA,NA,NA,"CT",1,180
"Weekly",0.05,"SameTimestamp",1000,"Daily","BIC_ct",888.251231472712,NA,NA,NA,"CT",1,180
"Weekly",0.05,"SameTimestamp",1000,"Daily","error_var_dt",0.14035485100194,0.00627746878538737,0.128036328675706,0.152673373328173,"DT",1,180
"Weekly",0.05,"SameTimestamp",1000,"Daily","beta_dt",0.645908852970055,0.0241861586036032,0.598447408727138,0.693370297212971,"DT",1,180
"Weekly",0.05,"SameTimestamp",1000,"Daily","LogLik_dt",874.435720914749,NA,NA,NA,"DT",1,180
"Weekly",0.05,"SameTimestamp",1000,"Daily","AIC_dt",878.435720914749,NA,NA,NA,"DT",1,180
"Weekly",0.05,"SameTimestamp",1000,"Daily","BIC_dt",888.251231472713,NA,NA,NA,"DT",1,180
"Weekly",0.05,"SameTimestamp",1000,"Weekly","error_var_ct",1.27309716242553,0.235216530093038,0.811522572967583,1.73467175188348,"CT",1,180
"Weekly",0.05,"SameTimestamp",1000,"Weekly","beta_ct",-2.78253109588863,0.509714983987336,-3.78276472904978,-1.78229746272747,"CT",1,180
"Weekly",0.05,"SameTimestamp",1000,"Weekly","LogLik_ct",1358.98497639394,NA,NA,NA,"CT",1,180
"Weekly",0.05,"SameTimestamp",1000,"Weekly","AIC_ct",1362.98497639394,NA,NA,NA,"CT",1,180
"Weekly",0.05,"SameTimestamp",1000,"Weekly","BIC_ct",1372.8004869519,NA,NA,NA,"CT",1,180
"Weekly",0.05,"SameTimestamp",1000,"Weekly","error_var_dt",0.227890037013869,0.0101915510048474,0.207890758182821,0.247889315844917,"DT",1,180
"Weekly",0.05,"SameTimestamp",1000,"Weekly","beta_dt",0.0618817776917188,0.0315524716240944,-3.48704729078719e-05,0.123798425856345,"DT",1,180
"Weekly",0.05,"SameTimestamp",1000,"Weekly","LogLik_dt",1358.98497639396,NA,NA,NA,"DT",1,180
"Weekly",0.05,"SameTimestamp",1000,"Weekly","AIC_dt",1362.98497639396,NA,NA,NA,"DT",1,180
"Weekly",0.05,"SameTimestamp",1000,"Weekly","BIC_dt",1372.80048695192,NA,NA,NA,"DT",1,180
"Weekly",0.05,"SameTimestamp",1000,"Monthly","error_var_ct",1.93406723289712,0.880721078808259,0.20579384064408,3.66234062515016,"CT",1,180
"Weekly",0.05,"SameTimestamp",1000,"Monthly","beta_ct",-4.05883474317682,1.84368145295573,-7.67676291090667,-0.440906575446972,"CT",1,180
"Weekly",0.05,"SameTimestamp",1000,"Monthly","LogLik_ct",1403.16095612745,NA,NA,NA,"CT",1,180
"Weekly",0.05,"SameTimestamp",1000,"Monthly","AIC_ct",1407.16095612745,NA,NA,NA,"CT",1,180
"Weekly",0.05,"SameTimestamp",1000,"Monthly","BIC_ct",1416.97646668542,NA,NA,NA,"CT",1,180
"Weekly",0.05,"SameTimestamp",1000,"Monthly","error_var_dt",0.238182971068429,0.0106518584479765,0.217280412952534,0.259085529184324,"DT",1,180
"Weekly",0.05,"SameTimestamp",1000,"Monthly","beta_dt",0.0172694185081198,0.031636781382692,-0.044812673990698,0.0793515110069376,"DT",1,180
"Weekly",0.05,"SameTimestamp",1000,"Monthly","LogLik_dt",1403.16095612736,NA,NA,NA,"DT",1,180
"Weekly",0.05,"SameTimestamp",1000,"Monthly","AIC_dt",1407.16095612736,NA,NA,NA,"DT",1,180
"Weekly",0.05,"SameTimestamp",1000,"Monthly","BIC_dt",1416.97646668532,NA,NA,NA,"DT",1,180
"Weekly",0.05,"SameTimestamp",1000,"Daily","error_var_ct",0.223626092069042,0.0125454588428392,0.19900764789484,0.248244536243245,"CT",1,181
"Weekly",0.05,"SameTimestamp",1000,"Daily","beta_ct",-0.478629070829591,0.040160170803751,-0.557436943490455,-0.399821198168727,"CT",1,181
"Weekly",0.05,"SameTimestamp",1000,"Daily","LogLik_ct",899.559901142165,NA,NA,NA,"CT",1,181
"Weekly",0.05,"SameTimestamp",1000,"Daily","AIC_ct",903.559901142165,NA,NA,NA,"CT",1,181
"Weekly",0.05,"SameTimestamp",1000,"Daily","BIC_ct",913.375411700129,NA,NA,NA,"CT",1,181
"Weekly",0.05,"SameTimestamp",1000,"Daily","error_var_dt",0.143917458461391,0.00643703898607572,0.131285805294211,0.156549111628571,"DT",1,181
"Weekly",0.05,"SameTimestamp",1000,"Daily","beta_dt",0.619632282904435,0.0248846910233412,0.570800081195042,0.668464484613827,"DT",1,181
"Weekly",0.05,"SameTimestamp",1000,"Daily","LogLik_dt",899.559901142167,NA,NA,NA,"DT",1,181
"Weekly",0.05,"SameTimestamp",1000,"Daily","AIC_dt",903.559901142167,NA,NA,NA,"DT",1,181
"Weekly",0.05,"SameTimestamp",1000,"Daily","BIC_dt",913.375411700131,NA,NA,NA,"DT",1,181
"Weekly",0.05,"SameTimestamp",1000,"Weekly","error_var_ct",1.85313588507181,0.643833496331506,0.589716253675394,3.11655551646823,"CT",1,181
"Weekly",0.05,"SameTimestamp",1000,"Weekly","beta_ct",-3.70310096073908,1.2816432849294,-6.21811966643479,-1.18808225504338,"CT",1,181
"Weekly",0.05,"SameTimestamp",1000,"Weekly","LogLik_ct",1451.83106647879,NA,NA,NA,"CT",1,181
"Weekly",0.05,"SameTimestamp",1000,"Weekly","AIC_ct",1455.83106647879,NA,NA,NA,"CT",1,181
"Weekly",0.05,"SameTimestamp",1000,"Weekly","BIC_ct",1465.64657703675,NA,NA,NA,"CT",1,181
"Weekly",0.05,"SameTimestamp",1000,"Weekly","error_var_dt",0.250062066997587,0.0111830983170915,0.228117036125234,0.27200709786994,"DT",1,181
"Weekly",0.05,"SameTimestamp",1000,"Weekly","beta_dt",0.024646960716778,0.0316258228514242,-0.0374136274278645,0.0867075488614206,"DT",1,181
"Weekly",0.05,"SameTimestamp",1000,"Weekly","LogLik_dt",1451.83106647878,NA,NA,NA,"DT",1,181
"Weekly",0.05,"SameTimestamp",1000,"Weekly","AIC_dt",1455.83106647878,NA,NA,NA,"DT",1,181
"Weekly",0.05,"SameTimestamp",1000,"Weekly","BIC_dt",1465.64657703675,NA,NA,NA,"DT",1,181
"Weekly",0.05,"SameTimestamp",1000,"Monthly","error_var_ct",1.77227247111647,0.572861872942424,0.648123229926139,2.8964217123068,"CT",1,181
"Weekly",0.05,"SameTimestamp",1000,"Monthly","beta_ct",-3.60337359244035,1.15975349440789,-5.87920319864195,-1.32754398623876,"CT",1,181
"Weekly",0.05,"SameTimestamp",1000,"Monthly","LogLik_ct",1434.38029658332,NA,NA,NA,"CT",1,181
"Weekly",0.05,"SameTimestamp",1000,"Monthly","AIC_ct",1438.38029658332,NA,NA,NA,"CT",1,181
"Weekly",0.05,"SameTimestamp",1000,"Monthly","BIC_ct",1448.19580714128,NA,NA,NA,"CT",1,181
"Weekly",0.05,"SameTimestamp",1000,"Monthly","error_var_dt",0.245736138529345,0.0109896491410636,0.224170720535266,0.267301556523425,"DT",1,181
"Weekly",0.05,"SameTimestamp",1000,"Monthly","beta_dt",0.0272316874181176,0.0316018951686956,-0.0347819464995931,0.0892453213358282,"DT",1,181
"Weekly",0.05,"SameTimestamp",1000,"Monthly","LogLik_dt",1434.38029658332,NA,NA,NA,"DT",1,181
"Weekly",0.05,"SameTimestamp",1000,"Monthly","AIC_dt",1438.38029658332,NA,NA,NA,"DT",1,181
"Weekly",0.05,"SameTimestamp",1000,"Monthly","BIC_dt",1448.19580714128,NA,NA,NA,"DT",1,181
"Weekly",0.05,"SameTimestamp",1000,"Daily","error_var_ct",0.210708780589527,0.0116073177677192,0.18793128731036,0.233486273868693,"CT",1,182
"Weekly",0.05,"SameTimestamp",1000,"Daily","beta_ct",-0.44071250755553,0.0375969444035964,-0.514490460878365,-0.366934554232695,"CT",1,182
"Weekly",0.05,"SameTimestamp",1000,"Daily","LogLik_ct",872.214583372451,NA,NA,NA,"CT",1,182
"Weekly",0.05,"SameTimestamp",1000,"Daily","AIC_ct",876.214583372451,NA,NA,NA,"CT",1,182
"Weekly",0.05,"SameTimestamp",1000,"Daily","BIC_ct",886.030093930415,NA,NA,NA,"CT",1,182
"Weekly",0.05,"SameTimestamp",1000,"Daily","error_var_dt",0.14004021548443,0.00626348973025961,0.127749124804387,0.152331306164474,"DT",1,182
"Weekly",0.05,"SameTimestamp",1000,"Daily","beta_dt",0.643577464617238,0.0241966860594645,0.596095361936264,0.691059567298213,"DT",1,182
"Weekly",0.05,"SameTimestamp",1000,"Daily","LogLik_dt",872.21458337298,NA,NA,NA,"DT",1,182
"Weekly",0.05,"SameTimestamp",1000,"Daily","AIC_dt",876.21458337298,NA,NA,NA,"DT",1,182
"Weekly",0.05,"SameTimestamp",1000,"Daily","BIC_dt",886.030093930944,NA,NA,NA,"DT",1,182
"Weekly",0.05,"SameTimestamp",1000,"Weekly","error_var_ct",1.40650277998495,0.240787648738731,0.933995766684632,1.87900979328526,"CT",1,182
"Weekly",0.05,"SameTimestamp",1000,"Weekly","beta_ct",-2.6607048464668,0.451458853365871,-3.54662019781173,-1.77478949512187,"CT",1,182
"Weekly",0.05,"SameTimestamp",1000,"Weekly","LogLik_ct",1502.34751991075,NA,NA,NA,"CT",1,182
"Weekly",0.05,"SameTimestamp",1000,"Weekly","AIC_ct",1506.34751991075,NA,NA,NA,"CT",1,182
"Weekly",0.05,"SameTimestamp",1000,"Weekly","BIC_ct",1516.16303046872,NA,NA,NA,"CT",1,182
"Weekly",0.05,"SameTimestamp",1000,"Weekly","error_var_dt",0.263018759767871,0.0117625689197963,0.239936611085641,0.286100908450101,"DT",1,182
"Weekly",0.05,"SameTimestamp",1000,"Weekly","beta_dt",0.069898834779965,0.0315494490591226,0.00798811791270683,0.131809551647223,"DT",1,182
"Weekly",0.05,"SameTimestamp",1000,"Weekly","LogLik_dt",1502.34751991073,NA,NA,NA,"DT",1,182
"Weekly",0.05,"SameTimestamp",1000,"Weekly","AIC_dt",1506.34751991073,NA,NA,NA,"DT",1,182
"Weekly",0.05,"SameTimestamp",1000,"Weekly","BIC_dt",1516.1630304687,NA,NA,NA,"DT",1,182
"Weekly",0.05,"SameTimestamp",1000,"Monthly","error_var_ct",8.95005793988921,60.7059816890151,-110.175662368397,128.075778248176,"CT",1,182
"Weekly",0.05,"SameTimestamp",1000,"Monthly","beta_ct",-16.9855224221506,115.208266980305,-243.063207151885,209.092162307584,"CT",1,182
"Weekly",0.05,"SameTimestamp",1000,"Monthly","LogLik_ct",1504.03477521793,NA,NA,NA,"CT",1,182
"Weekly",0.05,"SameTimestamp",1000,"Monthly","AIC_ct",1508.03477521793,NA,NA,NA,"CT",1,182
"Weekly",0.05,"SameTimestamp",1000,"Monthly","BIC_ct",1517.85028577589,NA,NA,NA,"CT",1,182
"Weekly",0.05,"SameTimestamp",1000,"Monthly","error_var_dt",0.263418301129071,0.011780408551884,0.240301145039608,0.286535457218535,"DT",1,182
"Weekly",0.05,"SameTimestamp",1000,"Monthly","beta_dt",-0.0130290696690439,0.0316257860819446,-0.0750895856594998,0.0490314463214119,"DT",1,182
"Weekly",0.05,"SameTimestamp",1000,"Monthly","LogLik_dt",1503.86506683947,NA,NA,NA,"DT",1,182
"Weekly",0.05,"SameTimestamp",1000,"Monthly","AIC_dt",1507.86506683947,NA,NA,NA,"DT",1,182
"Weekly",0.05,"SameTimestamp",1000,"Monthly","BIC_dt",1517.68057739744,NA,NA,NA,"DT",1,182
"Weekly",0.05,"SameTimestamp",1000,"Daily","error_var_ct",0.208990143343445,0.0115390319948042,0.186346649905134,0.231633636781755,"CT",1,183
"Weekly",0.05,"SameTimestamp",1000,"Daily","beta_ct",-0.442985976241606,0.0378773458174281,-0.517314172217122,-0.36865778026609,"CT",1,183
"Weekly",0.05,"SameTimestamp",1000,"Daily","LogLik_ct",862.156605644188,NA,NA,NA,"CT",1,183
"Weekly",0.05,"SameTimestamp",1000,"Daily","AIC_ct",866.156605644188,NA,NA,NA,"CT",1,183
"Weekly",0.05,"SameTimestamp",1000,"Daily","BIC_ct",875.972116202153,NA,NA,NA,"CT",1,183
"Weekly",0.05,"SameTimestamp",1000,"Daily","error_var_dt",0.138628259646706,0.006200597266189,0.126460585306798,0.150795933986614,"DT",1,183
"Weekly",0.05,"SameTimestamp",1000,"Daily","beta_dt",0.642116199491808,0.0243215266082505,0.594389117323079,0.689843281660537,"DT",1,183
"Weekly",0.05,"SameTimestamp",1000,"Daily","LogLik_dt",862.156605644188,NA,NA,NA,"DT",1,183
"Weekly",0.05,"SameTimestamp",1000,"Daily","AIC_dt",866.156605644188,NA,NA,NA,"DT",1,183
"Weekly",0.05,"SameTimestamp",1000,"Daily","BIC_dt",875.972116202152,NA,NA,NA,"DT",1,183
"Weekly",0.05,"SameTimestamp",1000,"Weekly","error_var_ct",1.51504696611003,0.349009747835601,0.830171498342858,2.1999224338772,"CT",1,183
"Weekly",0.05,"SameTimestamp",1000,"Weekly","beta_ct",-3.11236773036687,0.71210626543177,-4.50976168472497,-1.71497377600876,"CT",1,183
"Weekly",0.05,"SameTimestamp",1000,"Weekly","LogLik_ct",1422.81110796975,NA,NA,NA,"CT",1,183
"Weekly",0.05,"SameTimestamp",1000,"Weekly","AIC_ct",1426.81110796975,NA,NA,NA,"CT",1,183
"Weekly",0.05,"SameTimestamp",1000,"Weekly","BIC_ct",1436.62661852772,NA,NA,NA,"CT",1,183
"Weekly",0.05,"SameTimestamp",1000,"Weekly","error_var_dt",0.242909465081466,0.0108632385768452,0.221592107477782,0.264226822685151,"DT",1,183
"Weekly",0.05,"SameTimestamp",1000,"Weekly","beta_dt",0.0444961557596884,0.0316683080134378,-0.0176478026787287,0.106640114198105,"DT",1,183
"Weekly",0.05,"SameTimestamp",1000,"Weekly","LogLik_dt",1422.81110796928,NA,NA,NA,"DT",1,183
"Weekly",0.05,"SameTimestamp",1000,"Weekly","AIC_dt",1426.81110796928,NA,NA,NA,"DT",1,183
"Weekly",0.05,"SameTimestamp",1000,"Weekly","BIC_dt",1436.62661852724,NA,NA,NA,"DT",1,183
"Weekly",0.05,"SameTimestamp",1000,"Monthly","error_var_ct",12.7164007958754,591.566414347776,-1148.13749298311,1173.57029457486,"CT",1,183
"Weekly",0.05,"SameTimestamp",1000,"Monthly","beta_ct",-23.5430938930124,1095.21775148024,-2172.73168963751,2125.64550185148,"CT",1,183
"Weekly",0.05,"SameTimestamp",1000,"Monthly","LogLik_ct",1528.78806802146,NA,NA,NA,"CT",1,183
"Weekly",0.05,"SameTimestamp",1000,"Monthly","AIC_ct",1532.78806802146,NA,NA,NA,"CT",1,183
"Weekly",0.05,"SameTimestamp",1000,"Monthly","BIC_ct",1542.60357857942,NA,NA,NA,"CT",1,183
"Weekly",0.05,"SameTimestamp",1000,"Monthly","error_var_dt",0.268988343600654,0.0120295400438265,0.245382307048287,0.292594380153021,"DT",1,183
"Weekly",0.05,"SameTimestamp",1000,"Monthly","beta_dt",-0.0631453383522524,0.0315510961382339,-0.12505928734722,-0.00123138935728483,"DT",1,183
"Weekly",0.05,"SameTimestamp",1000,"Monthly","LogLik_dt",1524.79063495287,NA,NA,NA,"DT",1,183
"Weekly",0.05,"SameTimestamp",1000,"Monthly","AIC_dt",1528.79063495287,NA,NA,NA,"DT",1,183
"Weekly",0.05,"SameTimestamp",1000,"Monthly","BIC_dt",1538.60614551084,NA,NA,NA,"DT",1,183
"Weekly",0.05,"SameTimestamp",1000,"Daily","error_var_ct",0.226571269495821,0.0122802794222479,0.202473197262076,0.250669341729567,"CT",1,184
"Weekly",0.05,"SameTimestamp",1000,"Daily","beta_ct",-0.405027287209936,0.0353211646380998,-0.474339388959583,-0.335715185460289,"CT",1,184
"Weekly",0.05,"SameTimestamp",1000,"Daily","LogLik_ct",975.473869007747,NA,NA,NA,"CT",1,184
"Weekly",0.05,"SameTimestamp",1000,"Daily","AIC_ct",979.473869007747,NA,NA,NA,"CT",1,184
"Weekly",0.05,"SameTimestamp",1000,"Daily","BIC_ct",989.289379565711,NA,NA,NA,"CT",1,184
"Weekly",0.05,"SameTimestamp",1000,"Daily","error_var_dt",0.155279289095666,0.00694492179708953,0.141650997639954,0.168907580551378,"DT",1,184
"Weekly",0.05,"SameTimestamp",1000,"Daily","beta_dt",0.666958608519441,0.0235579648923986,0.62072989334635,0.713187323692531,"DT",1,184
"Weekly",0.05,"SameTimestamp",1000,"Daily","LogLik_dt",975.47386900774,NA,NA,NA,"DT",1,184
"Weekly",0.05,"SameTimestamp",1000,"Daily","AIC_dt",979.47386900774,NA,NA,NA,"DT",1,184
"Weekly",0.05,"SameTimestamp",1000,"Daily","BIC_dt",989.289379565705,NA,NA,NA,"DT",1,184
"Weekly",0.05,"SameTimestamp",1000,"Weekly","error_var_ct",1.40041045247148,0.286631494393606,0.837942269227233,1.96287863571573,"CT",1,184
"Weekly",0.05,"SameTimestamp",1000,"Weekly","beta_ct",-2.94222411603445,0.597505259499114,-4.11473203774889,-1.76971619432001,"CT",1,184
"Weekly",0.05,"SameTimestamp",1000,"Weekly","LogLik_ct",1399.54318611468,NA,NA,NA,"CT",1,184
"Weekly",0.05,"SameTimestamp",1000,"Weekly","AIC_ct",1403.54318611468,NA,NA,NA,"CT",1,184
"Weekly",0.05,"SameTimestamp",1000,"Weekly","BIC_ct",1413.35869667264,NA,NA,NA,"CT",1,184
"Weekly",0.05,"SameTimestamp",1000,"Weekly","error_var_dt",0.237322829895379,0.0106133986665852,0.216495742911548,0.25814991687921,"DT",1,184
"Weekly",0.05,"SameTimestamp",1000,"Weekly","beta_dt",0.0527482643019236,0.0315627548351741,-0.00918856300968118,0.114685091613528,"DT",1,184
"Weekly",0.05,"SameTimestamp",1000,"Weekly","LogLik_dt",1399.54318611468,NA,NA,NA,"DT",1,184
"Weekly",0.05,"SameTimestamp",1000,"Weekly","AIC_dt",1403.54318611468,NA,NA,NA,"DT",1,184
"Weekly",0.05,"SameTimestamp",1000,"Weekly","BIC_dt",1413.35869667264,NA,NA,NA,"DT",1,184
"Weekly",0.05,"SameTimestamp",1000,"Monthly","error_var_ct",7.51376874156051,85.2781535327387,-159.830884676447,174.858422159568,"CT",1,184
"Weekly",0.05,"SameTimestamp",1000,"Monthly","beta_ct",-14.9534439563342,169.714345551132,-347.990536808199,318.08364889553,"CT",1,184
"Weekly",0.05,"SameTimestamp",1000,"Monthly","LogLik_ct",1456.52926373336,NA,NA,NA,"CT",1,184
"Weekly",0.05,"SameTimestamp",1000,"Monthly","AIC_ct",1460.52926373336,NA,NA,NA,"CT",1,184
"Weekly",0.05,"SameTimestamp",1000,"Monthly","BIC_ct",1470.34477429132,NA,NA,NA,"CT",1,184
"Weekly",0.05,"SameTimestamp",1000,"Monthly","error_var_dt",0.25123971011311,0.0112357840058624,0.229191292054682,0.273288128171538,"DT",1,184
"Weekly",0.05,"SameTimestamp",1000,"Monthly","beta_dt",-4.65956763774836e-05,0.0316083945436344,-0.0620729835715315,0.0619797922187766,"DT",1,184
"Weekly",0.05,"SameTimestamp",1000,"Monthly","LogLik_dt",1456.52926152354,NA,NA,NA,"DT",1,184
"Weekly",0.05,"SameTimestamp",1000,"Monthly","AIC_dt",1460.52926152354,NA,NA,NA,"DT",1,184
"Weekly",0.05,"SameTimestamp",1000,"Monthly","BIC_dt",1470.34477208151,NA,NA,NA,"DT",1,184
"Weekly",0.05,"SameTimestamp",1000,"Daily","error_var_ct",0.211492084688548,0.0114548098894106,0.18901386357912,0.233970305797975,"CT",1,185
"Weekly",0.05,"SameTimestamp",1000,"Daily","beta_ct",-0.402662786655004,0.0352060021002751,-0.471748900456031,-0.333576672853978,"CT",1,185
"Weekly",0.05,"SameTimestamp",1000,"Daily","LogLik_ct",908.728191616845,NA,NA,NA,"CT",1,185
"Weekly",0.05,"SameTimestamp",1000,"Daily","AIC_ct",912.728191616845,NA,NA,NA,"CT",1,185
"Weekly",0.05,"SameTimestamp",1000,"Daily","BIC_ct",922.54370217481,NA,NA,NA,"CT",1,185
"Weekly",0.05,"SameTimestamp",1000,"Daily","error_var_dt",0.145242263044178,0.00649629113338098,0.132494337072718,0.157990189015637,"DT",1,185
"Weekly",0.05,"SameTimestamp",1000,"Daily","beta_dt",0.668537502629946,0.0235367652957691,0.622350388253819,0.714724617006072,"DT",1,185
"Weekly",0.05,"SameTimestamp",1000,"Daily","LogLik_dt",908.728191616845,NA,NA,NA,"DT",1,185
"Weekly",0.05,"SameTimestamp",1000,"Daily","AIC_dt",912.728191616845,NA,NA,NA,"DT",1,185
"Weekly",0.05,"SameTimestamp",1000,"Daily","BIC_dt",922.54370217481,NA,NA,NA,"DT",1,185
"Weekly",0.05,"SameTimestamp",1000,"Weekly","error_var_ct",1.28124848705113,0.223098211978124,0.843454146823961,1.7190428272783,"CT",1,185
"Weekly",0.05,"SameTimestamp",1000,"Weekly","beta_ct",-2.68847168541148,0.464000369281285,-3.59899774357003,-1.77794562725292,"CT",1,185
"Weekly",0.05,"SameTimestamp",1000,"Weekly","LogLik_ct",1398.96014267085,NA,NA,NA,"CT",1,185
"Weekly",0.05,"SameTimestamp",1000,"Weekly","AIC_ct",1402.96014267085,NA,NA,NA,"CT",1,185
"Weekly",0.05,"SameTimestamp",1000,"Weekly","BIC_ct",1412.77565322881,NA,NA,NA,"CT",1,185
"Weekly",0.05,"SameTimestamp",1000,"Weekly","error_var_dt",0.237184345751638,0.0106072199753944,0.216369383454999,0.257999308048277,"DT",1,185
"Weekly",0.05,"SameTimestamp",1000,"Weekly","beta_dt",0.06798486123605,0.0315409031244788,0.00609091439032552,0.129878808081774,"DT",1,185
"Weekly",0.05,"SameTimestamp",1000,"Weekly","LogLik_dt",1398.96014267087,NA,NA,NA,"DT",1,185
"Weekly",0.05,"SameTimestamp",1000,"Weekly","AIC_dt",1402.96014267087,NA,NA,NA,"DT",1,185
"Weekly",0.05,"SameTimestamp",1000,"Weekly","BIC_dt",1412.77565322883,NA,NA,NA,"DT",1,185
"Weekly",0.05,"SameTimestamp",1000,"Monthly","error_var_ct",11.451823282403,50.6748770565138,-87.9894683816675,110.893114946474,"CT",1,185
"Weekly",0.05,"SameTimestamp",1000,"Monthly","beta_ct",-22.456241436421,99.3718379484618,-217.457482576236,172.544999703394,"CT",1,185
"Weekly",0.05,"SameTimestamp",1000,"Monthly","LogLik_ct",1471.31030532822,NA,NA,NA,"CT",1,185
"Weekly",0.05,"SameTimestamp",1000,"Monthly","AIC_ct",1475.31030532822,NA,NA,NA,"CT",1,185
"Weekly",0.05,"SameTimestamp",1000,"Monthly","BIC_ct",1485.12581588618,NA,NA,NA,"CT",1,185
"Weekly",0.05,"SameTimestamp",1000,"Monthly","error_var_dt",0.254342213780529,0.0113745326996376,0.232021523737892,0.276662903823165,"DT",1,185
"Weekly",0.05,"SameTimestamp",1000,"Monthly","beta_dt",-0.0501264235530975,0.0316356300362144,-0.112206256719727,0.0119534096135317,"DT",1,185
"Weekly",0.05,"SameTimestamp",1000,"Monthly","LogLik_dt",1468.8028202613,NA,NA,NA,"DT",1,185
"Weekly",0.05,"SameTimestamp",1000,"Monthly","AIC_dt",1472.8028202613,NA,NA,NA,"DT",1,185
"Weekly",0.05,"SameTimestamp",1000,"Monthly","BIC_dt",1482.61833081927,NA,NA,NA,"DT",1,185
"Weekly",0.05,"SameTimestamp",1000,"Daily","error_var_ct",0.227983602578614,0.0129053494619761,0.202658930977657,0.253308274179572,"CT",1,186
"Weekly",0.05,"SameTimestamp",1000,"Daily","beta_ct",-0.500292312484984,0.0414687377970569,-0.581668037296692,-0.418916587673276,"CT",1,186
"Weekly",0.05,"SameTimestamp",1000,"Daily","LogLik_ct",900.952137587764,NA,NA,NA,"CT",1,186
"Weekly",0.05,"SameTimestamp",1000,"Daily","AIC_ct",904.952137587764,NA,NA,NA,"CT",1,186
"Weekly",0.05,"SameTimestamp",1000,"Daily","BIC_ct",914.767648145728,NA,NA,NA,"CT",1,186
"Weekly",0.05,"SameTimestamp",1000,"Daily","error_var_dt",0.144077852690286,0.0064453114027377,0.131429966236598,0.156725739143974,"DT",1,186
"Weekly",0.05,"SameTimestamp",1000,"Daily","beta_dt",0.606353229649097,0.0251444348882725,0.557011322402544,0.655695136895649,"DT",1,186
"Weekly",0.05,"SameTimestamp",1000,"Daily","LogLik_dt",900.952137587645,NA,NA,NA,"DT",1,186
"Weekly",0.05,"SameTimestamp",1000,"Daily","AIC_dt",904.952137587645,NA,NA,NA,"DT",1,186
"Weekly",0.05,"SameTimestamp",1000,"Daily","BIC_dt",914.767648145609,NA,NA,NA,"DT",1,186
"Weekly",0.05,"SameTimestamp",1000,"Weekly","error_var_ct",1.45256641533242,0.329215603242357,0.806533771072099,2.09859905959274,"CT",1,186
"Weekly",0.05,"SameTimestamp",1000,"Weekly","beta_ct",-3.0938018397051,0.696287240844646,-4.46015350389534,-1.72745017551486,"CT",1,186
"Weekly",0.05,"SameTimestamp",1000,"Weekly","LogLik_ct",1386.60626276942,NA,NA,NA,"CT",1,186
"Weekly",0.05,"SameTimestamp",1000,"Weekly","AIC_ct",1390.60626276942,NA,NA,NA,"CT",1,186
"Weekly",0.05,"SameTimestamp",1000,"Weekly","BIC_ct",1400.42177332739,NA,NA,NA,"CT",1,186
"Weekly",0.05,"SameTimestamp",1000,"Weekly","error_var_dt",0.234271891932297,0.010476962123612,0.213712539708795,0.254831244155798,"DT",1,186
"Weekly",0.05,"SameTimestamp",1000,"Weekly","beta_dt",0.0453292752160283,0.0315921991745064,-0.0166653318733574,0.107323882305414,"DT",1,186
"Weekly",0.05,"SameTimestamp",1000,"Weekly","LogLik_dt",1386.60626276942,NA,NA,NA,"DT",1,186
"Weekly",0.05,"SameTimestamp",1000,"Weekly","AIC_dt",1390.60626276942,NA,NA,NA,"DT",1,186
"Weekly",0.05,"SameTimestamp",1000,"Weekly","BIC_dt",1400.42177332738,NA,NA,NA,"DT",1,186
"Weekly",0.05,"SameTimestamp",1000,"Monthly","error_var_ct",9.94306784513698,128.565007942256,-242.34507166671,262.231207356984,"CT",1,186
"Weekly",0.05,"SameTimestamp",1000,"Monthly","beta_ct",-20.3880157035491,263.625112610827,-537.709876867038,496.93384545994,"CT",1,186
"Weekly",0.05,"SameTimestamp",1000,"Monthly","LogLik_ct",1426.66138142694,NA,NA,NA,"CT",1,186
"Weekly",0.05,"SameTimestamp",1000,"Monthly","AIC_ct",1430.66138142694,NA,NA,NA,"CT",1,186
"Weekly",0.05,"SameTimestamp",1000,"Monthly","BIC_ct",1440.4768919849,NA,NA,NA,"CT",1,186
"Weekly",0.05,"SameTimestamp",1000,"Monthly","error_var_dt",0.243805268406137,0.0109032980348752,0.222409300562403,0.26520123624987,"DT",1,186
"Weekly",0.05,"SameTimestamp",1000,"Monthly","beta_dt",-0.0130273720273832,0.0316312890787933,-0.0750986867636169,0.0490439427088505,"DT",1,186
"Weekly",0.05,"SameTimestamp",1000,"Monthly","LogLik_dt",1426.49177478652,NA,NA,NA,"DT",1,186
"Weekly",0.05,"SameTimestamp",1000,"Monthly","AIC_dt",1430.49177478652,NA,NA,NA,"DT",1,186
"Weekly",0.05,"SameTimestamp",1000,"Monthly","BIC_dt",1440.30728534448,NA,NA,NA,"DT",1,186
"Weekly",0.05,"SameTimestamp",1000,"Daily","error_var_ct",0.214820147661146,0.0119392654904743,0.191391260392826,0.238249034929466,"CT",1,187
"Weekly",0.05,"SameTimestamp",1000,"Daily","beta_ct",-0.459610387084975,0.0388407329122303,-0.535829075206585,-0.383391698963365,"CT",1,187
"Weekly",0.05,"SameTimestamp",1000,"Daily","LogLik_ct",875.553536623391,NA,NA,NA,"CT",1,187
"Weekly",0.05,"SameTimestamp",1000,"Daily","AIC_ct",879.553536623391,NA,NA,NA,"CT",1,187
"Weekly",0.05,"SameTimestamp",1000,"Daily","BIC_ct",889.369047181356,NA,NA,NA,"CT",1,187
"Weekly",0.05,"SameTimestamp",1000,"Daily","error_var_dt",0.140492352869287,0.00628412935751174,0.128160760242073,0.152823945496501,"DT",1,187
"Weekly",0.05,"SameTimestamp",1000,"Daily","beta_dt",0.631529645203513,0.0245289482521499,0.583395531436751,0.679663758970276,"DT",1,187
"Weekly",0.05,"SameTimestamp",1000,"Daily","LogLik_dt",875.553536623392,NA,NA,NA,"DT",1,187
"Weekly",0.05,"SameTimestamp",1000,"Daily","AIC_dt",879.553536623392,NA,NA,NA,"DT",1,187
"Weekly",0.05,"SameTimestamp",1000,"Daily","BIC_dt",889.369047181356,NA,NA,NA,"DT",1,187
"Weekly",0.05,"SameTimestamp",1000,"Weekly","error_var_ct",1.37600315996226,0.278092651972247,0.830291080906464,1.92171523901806,"CT",1,187
"Weekly",0.05,"SameTimestamp",1000,"Weekly","beta_ct",-2.9184546724687,0.585183239680643,-4.06678261313863,-1.77012673179876,"CT",1,187
"Weekly",0.05,"SameTimestamp",1000,"Weekly","LogLik_ct",1389.93756573165,NA,NA,NA,"CT",1,187
"Weekly",0.05,"SameTimestamp",1000,"Weekly","AIC_ct",1393.93756573165,NA,NA,NA,"CT",1,187
"Weekly",0.05,"SameTimestamp",1000,"Weekly","BIC_ct",1403.75307628961,NA,NA,NA,"CT",1,187
"Weekly",0.05,"SameTimestamp",1000,"Weekly","error_var_dt",0.235053836723739,0.0105119337676945,0.214425858276334,0.255681815171145,"DT",1,187
"Weekly",0.05,"SameTimestamp",1000,"Weekly","beta_dt",0.0540170435975589,0.0315990217335794,-0.00799095166612711,0.116025038861245,"DT",1,187
"Weekly",0.05,"SameTimestamp",1000,"Weekly","LogLik_dt",1389.93756573163,NA,NA,NA,"DT",1,187
"Weekly",0.05,"SameTimestamp",1000,"Weekly","AIC_dt",1393.93756573163,NA,NA,NA,"DT",1,187
"Weekly",0.05,"SameTimestamp",1000,"Weekly","BIC_dt",1403.75307628959,NA,NA,NA,"DT",1,187
"Weekly",0.05,"SameTimestamp",1000,"Monthly","error_var_ct",1.65446603397131,0.459850340553282,0.752083739372269,2.55684832857034,"CT",1,187
"Weekly",0.05,"SameTimestamp",1000,"Monthly","beta_ct",-3.38799479339304,0.936636220147663,-5.22599265270633,-1.54999693407975,"CT",1,187
"Weekly",0.05,"SameTimestamp",1000,"Monthly","LogLik_ct",1426.82890080617,NA,NA,NA,"CT",1,187
"Weekly",0.05,"SameTimestamp",1000,"Monthly","AIC_ct",1430.82890080617,NA,NA,NA,"CT",1,187
"Weekly",0.05,"SameTimestamp",1000,"Monthly","BIC_ct",1440.64441136413,NA,NA,NA,"CT",1,187
"Weekly",0.05,"SameTimestamp",1000,"Monthly","error_var_dt",0.243887409007822,0.0109069801409463,0.222484215623446,0.265290602392198,"DT",1,187
"Weekly",0.05,"SameTimestamp",1000,"Monthly","beta_dt",0.0337763108145118,0.0315976784065512,-0.0282290483860484,0.0957816700150719,"DT",1,187
"Weekly",0.05,"SameTimestamp",1000,"Monthly","LogLik_dt",1426.82890080616,NA,NA,NA,"DT",1,187
"Weekly",0.05,"SameTimestamp",1000,"Monthly","AIC_dt",1430.82890080616,NA,NA,NA,"DT",1,187
"Weekly",0.05,"SameTimestamp",1000,"Monthly","BIC_dt",1440.64441136413,NA,NA,NA,"DT",1,187
"Weekly",0.05,"SameTimestamp",1000,"Daily","error_var_ct",0.20986902608272,0.0111043290970556,0.18807856712921,0.23165948503623,"CT",1,188
"Weekly",0.05,"SameTimestamp",1000,"Daily","beta_ct",-0.351521776494812,0.0319717977403471,-0.414261284684972,-0.288782268304651,"CT",1,188
"Weekly",0.05,"SameTimestamp",1000,"Daily","LogLik_ct",945.744406285117,NA,NA,NA,"CT",1,188
"Weekly",0.05,"SameTimestamp",1000,"Daily","AIC_ct",949.744406285117,NA,NA,NA,"CT",1,188
"Weekly",0.05,"SameTimestamp",1000,"Daily","BIC_ct",959.559916843081,NA,NA,NA,"CT",1,188
"Weekly",0.05,"SameTimestamp",1000,"Daily","error_var_dt",0.150727308477187,0.00674142279448144,0.137498351067202,0.163956265887172,"DT",1,188
"Weekly",0.05,"SameTimestamp",1000,"Daily","beta_dt",0.703616527044415,0.0224959893466224,0.659471767987683,0.747761286101146,"DT",1,188
"Weekly",0.05,"SameTimestamp",1000,"Daily","LogLik_dt",945.744406285118,NA,NA,NA,"DT",1,188
"Weekly",0.05,"SameTimestamp",1000,"Daily","AIC_dt",949.744406285118,NA,NA,NA,"DT",1,188
"Weekly",0.05,"SameTimestamp",1000,"Daily","BIC_dt",959.559916843082,NA,NA,NA,"DT",1,188
"Weekly",0.05,"SameTimestamp",1000,"Weekly","error_var_ct",1.22702404053461,0.175772724674515,0.882098353562469,1.57194972750675,"CT",1,188
"Weekly",0.05,"SameTimestamp",1000,"Weekly","beta_ct",-2.36507472224584,0.336002157428517,-3.02442488700981,-1.70572455748188,"CT",1,188
"Weekly",0.05,"SameTimestamp",1000,"Weekly","LogLik_ct",1479.64765123292,NA,NA,NA,"CT",1,188
"Weekly",0.05,"SameTimestamp",1000,"Weekly","AIC_ct",1483.64765123292,NA,NA,NA,"CT",1,188
"Weekly",0.05,"SameTimestamp",1000,"Weekly","BIC_ct",1493.46316179089,NA,NA,NA,"CT",1,188
"Weekly",0.05,"SameTimestamp",1000,"Weekly","error_var_dt",0.257115601024366,0.0114985490814742,0.234551548788988,0.279679653259743,"DT",1,188
"Weekly",0.05,"SameTimestamp",1000,"Weekly","beta_dt",0.0939422511694033,0.0315490313570396,0.0320323539752666,0.15585214836354,"DT",1,188
"Weekly",0.05,"SameTimestamp",1000,"Weekly","LogLik_dt",1479.64765123291,NA,NA,NA,"DT",1,188
"Weekly",0.05,"SameTimestamp",1000,"Weekly","AIC_dt",1483.64765123291,NA,NA,NA,"DT",1,188
"Weekly",0.05,"SameTimestamp",1000,"Weekly","BIC_dt",1493.46316179088,NA,NA,NA,"DT",1,188
"Weekly",0.05,"SameTimestamp",1000,"Monthly","error_var_ct",9.85507891848492,49.0544373989721,-86.4063606774706,106.11651851444,"CT",1,188
"Weekly",0.05,"SameTimestamp",1000,"Monthly","beta_ct",-20.3108211682702,101.099516388166,-218.702353229418,178.080710892877,"CT",1,188
"Weekly",0.05,"SameTimestamp",1000,"Monthly","LogLik_ct",1421.56688765979,NA,NA,NA,"CT",1,188
"Weekly",0.05,"SameTimestamp",1000,"Monthly","AIC_ct",1425.56688765979,NA,NA,NA,"CT",1,188
"Weekly",0.05,"SameTimestamp",1000,"Monthly","BIC_ct",1435.38239821775,NA,NA,NA,"CT",1,188
"Weekly",0.05,"SameTimestamp",1000,"Monthly","error_var_dt",0.242577676555885,0.0108483983887646,0.221289440433238,0.263865912678532,"DT",1,188
"Weekly",0.05,"SameTimestamp",1000,"Monthly","beta_dt",-0.01109431764294,0.0316134877081833,-0.0731307000539333,0.0509420647680533,"DT",1,188
"Weekly",0.05,"SameTimestamp",1000,"Monthly","LogLik_dt",1421.44373914729,NA,NA,NA,"DT",1,188
"Weekly",0.05,"SameTimestamp",1000,"Monthly","AIC_dt",1425.44373914729,NA,NA,NA,"DT",1,188
"Weekly",0.05,"SameTimestamp",1000,"Monthly","BIC_dt",1435.25924970526,NA,NA,NA,"DT",1,188
"Weekly",0.05,"SameTimestamp",1000,"Daily","error_var_ct",0.215334092711722,0.0119928963378103,0.191799963535737,0.238868221887707,"CT",1,189
"Weekly",0.05,"SameTimestamp",1000,"Daily","beta_ct",-0.46481785496145,0.0391456015218689,-0.541634798670271,-0.388000911252629,"CT",1,189
"Weekly",0.05,"SameTimestamp",1000,"Daily","LogLik_ct",873.571098391994,NA,NA,NA,"CT",1,189
"Weekly",0.05,"SameTimestamp",1000,"Daily","AIC_ct",877.571098391994,NA,NA,NA,"CT",1,189
"Weekly",0.05,"SameTimestamp",1000,"Daily","BIC_ct",887.386608949959,NA,NA,NA,"CT",1,189
"Weekly",0.05,"SameTimestamp",1000,"Daily","error_var_dt",0.140207898809931,0.00627157139591599,0.127900949161532,0.15251484845833,"DT",1,189
"Weekly",0.05,"SameTimestamp",1000,"Daily","beta_dt",0.628249530363572,0.0245936286574879,0.579988491709651,0.676510569017493,"DT",1,189
"Weekly",0.05,"SameTimestamp",1000,"Daily","LogLik_dt",873.571098391995,NA,NA,NA,"DT",1,189
"Weekly",0.05,"SameTimestamp",1000,"Daily","AIC_dt",877.571098391995,NA,NA,NA,"DT",1,189
"Weekly",0.05,"SameTimestamp",1000,"Daily","BIC_dt",887.38660894996,NA,NA,NA,"DT",1,189
"Weekly",0.05,"SameTimestamp",1000,"Weekly","error_var_ct",1.87967595274386,0.811818551744407,0.286612682115911,3.4727392233718,"CT",1,189
"Weekly",0.05,"SameTimestamp",1000,"Weekly","beta_ct",-3.99764956119467,1.72195316144688,-7.37670554525447,-0.618593577134867,"CT",1,189
"Weekly",0.05,"SameTimestamp",1000,"Weekly","LogLik_ct",1389.78614415896,NA,NA,NA,"CT",1,189
"Weekly",0.05,"SameTimestamp",1000,"Weekly","AIC_ct",1393.78614415896,NA,NA,NA,"CT",1,189
"Weekly",0.05,"SameTimestamp",1000,"Weekly","BIC_ct",1403.60165471692,NA,NA,NA,"CT",1,189
"Weekly",0.05,"SameTimestamp",1000,"Weekly","error_var_dt",0.235018487240697,0.0105103575581241,0.214393601850931,0.255643372630463,"DT",1,189
"Weekly",0.05,"SameTimestamp",1000,"Weekly","beta_dt",0.0183587756558827,0.0316590425185065,-0.0437670007397275,0.0804845520514928,"DT",1,189
"Weekly",0.05,"SameTimestamp",1000,"Weekly","LogLik_dt",1389.78614415889,NA,NA,NA,"DT",1,189
"Weekly",0.05,"SameTimestamp",1000,"Weekly","AIC_dt",1393.78614415889,NA,NA,NA,"DT",1,189
"Weekly",0.05,"SameTimestamp",1000,"Weekly","BIC_dt",1403.60165471686,NA,NA,NA,"DT",1,189
"Weekly",0.05,"SameTimestamp",1000,"Monthly","error_var_ct",11.1603398787075,130.693131133387,-245.303898939909,267.624578697324,"CT",1,189
"Weekly",0.05,"SameTimestamp",1000,"Monthly","beta_ct",-21.4153289566332,250.785532586201,-513.5415804564,470.710922543134,"CT",1,189
"Weekly",0.05,"SameTimestamp",1000,"Monthly","LogLik_ct",1492.99288601046,NA,NA,NA,"CT",1,189
"Weekly",0.05,"SameTimestamp",1000,"Monthly","AIC_ct",1496.99288601046,NA,NA,NA,"CT",1,189
"Weekly",0.05,"SameTimestamp",1000,"Monthly","BIC_ct",1506.80839656843,NA,NA,NA,"CT",1,189
"Weekly",0.05,"SameTimestamp",1000,"Monthly","error_var_dt",0.260268844252871,0.0116395889042785,0.237428024061252,0.28310966444449,"DT",1,189
"Weekly",0.05,"SameTimestamp",1000,"Monthly","beta_dt",-0.0339776322260464,0.0316002348600876,-0.0959880080552894,0.0280327436031965,"DT",1,189
"Weekly",0.05,"SameTimestamp",1000,"Monthly","LogLik_dt",1491.83740581674,NA,NA,NA,"DT",1,189
"Weekly",0.05,"SameTimestamp",1000,"Monthly","AIC_dt",1495.83740581674,NA,NA,NA,"DT",1,189
"Weekly",0.05,"SameTimestamp",1000,"Monthly","BIC_dt",1505.6529163747,NA,NA,NA,"DT",1,189
"Weekly",0.05,"SameTimestamp",1000,"Daily","error_var_ct",0.217389683114337,0.0119266466982991,0.193985558195055,0.240793808033618,"CT",1,190
"Weekly",0.05,"SameTimestamp",1000,"Daily","beta_ct",-0.431726103885715,0.0370224593127909,-0.504376722663511,-0.35907548510792,"CT",1,190
"Weekly",0.05,"SameTimestamp",1000,"Daily","LogLik_ct",911.108833683024,NA,NA,NA,"CT",1,190
"Weekly",0.05,"SameTimestamp",1000,"Daily","AIC_ct",915.108833683024,NA,NA,NA,"CT",1,190
"Weekly",0.05,"SameTimestamp",1000,"Daily","BIC_ct",924.924344240988,NA,NA,NA,"CT",1,190
"Weekly",0.05,"SameTimestamp",1000,"Daily","error_var_dt",0.145596495521968,0.006511933979496,0.132817872982242,0.158375118061695,"DT",1,190
"Weekly",0.05,"SameTimestamp",1000,"Daily","beta_dt",0.649387195715867,0.0240416024692362,0.602209419624792,0.696564971806942,"DT",1,190
"Weekly",0.05,"SameTimestamp",1000,"Daily","LogLik_dt",911.108833683037,NA,NA,NA,"DT",1,190
"Weekly",0.05,"SameTimestamp",1000,"Daily","AIC_dt",915.108833683037,NA,NA,NA,"DT",1,190
"Weekly",0.05,"SameTimestamp",1000,"Daily","BIC_dt",924.924344241002,NA,NA,NA,"DT",1,190
"Weekly",0.05,"SameTimestamp",1000,"Weekly","error_var_ct",1.43675642474139,0.29443966334696,0.858965966410283,2.0145468830725,"CT",1,190
"Weekly",0.05,"SameTimestamp",1000,"Weekly","beta_ct",-2.9409860929994,0.597991599055995,-4.11444837783286,-1.76752380816595,"CT",1,190
"Weekly",0.05,"SameTimestamp",1000,"Weekly","LogLik_ct",1425.57951409121,NA,NA,NA,"CT",1,190
"Weekly",0.05,"SameTimestamp",1000,"Weekly","AIC_ct",1429.57951409121,NA,NA,NA,"CT",1,190
"Weekly",0.05,"SameTimestamp",1000,"Weekly","BIC_ct",1439.39502464917,NA,NA,NA,"CT",1,190
"Weekly",0.05,"SameTimestamp",1000,"Weekly","error_var_dt",0.243582955249155,0.0108933784454436,0.222206453003429,0.264959457494881,"DT",1,190
"Weekly",0.05,"SameTimestamp",1000,"Weekly","beta_dt",0.0528140789318341,0.0315641343711634,-0.00912545549715602,0.114753613360824,"DT",1,190
"Weekly",0.05,"SameTimestamp",1000,"Weekly","LogLik_dt",1425.57951409086,NA,NA,NA,"DT",1,190
"Weekly",0.05,"SameTimestamp",1000,"Weekly","AIC_dt",1429.57951409086,NA,NA,NA,"DT",1,190
"Weekly",0.05,"SameTimestamp",1000,"Weekly","BIC_dt",1439.39502464883,NA,NA,NA,"DT",1,190
"Weekly",0.05,"SameTimestamp",1000,"Monthly","error_var_ct",10.887265434917,181.603200342397,-345.479791800116,367.25432266995,"CT",1,190
"Weekly",0.05,"SameTimestamp",1000,"Monthly","beta_ct",-21.704073814797,362.03039068042,-732.130457893837,688.722310264243,"CT",1,190
"Weekly",0.05,"SameTimestamp",1000,"Monthly","LogLik_ct",1454.82629872773,NA,NA,NA,"CT",1,190
"Weekly",0.05,"SameTimestamp",1000,"Monthly","AIC_ct",1458.82629872773,NA,NA,NA,"CT",1,190
"Weekly",0.05,"SameTimestamp",1000,"Monthly","BIC_ct",1468.64180928569,NA,NA,NA,"CT",1,190
"Weekly",0.05,"SameTimestamp",1000,"Monthly","error_var_dt",0.250534839133595,0.0112042736843057,0.228548255010607,0.272521423256583,"DT",1,190
"Weekly",0.05,"SameTimestamp",1000,"Monthly","beta_dt",-0.0332424103414026,0.0315939615986693,-0.0952404759046002,0.028755655221795,"DT",1,190
"Weekly",0.05,"SameTimestamp",1000,"Monthly","LogLik_dt",1453.71983785192,NA,NA,NA,"DT",1,190
"Weekly",0.05,"SameTimestamp",1000,"Monthly","AIC_dt",1457.71983785192,NA,NA,NA,"DT",1,190
"Weekly",0.05,"SameTimestamp",1000,"Monthly","BIC_dt",1467.53534840988,NA,NA,NA,"DT",1,190
"Weekly",0.05,"SameTimestamp",1000,"Daily","error_var_ct",0.217305860887566,0.0120123175622438,0.193733620683877,0.240878101091254,"CT",1,191
"Weekly",0.05,"SameTimestamp",1000,"Daily","beta_ct",-0.448277680988394,0.0380852255469854,-0.523013807481332,-0.373541554495456,"CT",1,191
"Weekly",0.05,"SameTimestamp",1000,"Daily","LogLik_ct",896.621780228812,NA,NA,NA,"CT",1,191
"Weekly",0.05,"SameTimestamp",1000,"Daily","AIC_ct",900.621780228812,NA,NA,NA,"CT",1,191
"Weekly",0.05,"SameTimestamp",1000,"Daily","BIC_ct",910.437290786777,NA,NA,NA,"CT",1,191
"Weekly",0.05,"SameTimestamp",1000,"Daily","error_var_dt",0.143494791557358,0.00641813406763734,0.13090023625045,0.156089346864266,"DT",1,191
"Weekly",0.05,"SameTimestamp",1000,"Daily","beta_dt",0.638727284851299,0.0243259619616409,0.590991499015275,0.686463070687324,"DT",1,191
"Weekly",0.05,"SameTimestamp",1000,"Daily","LogLik_dt",896.621780228814,NA,NA,NA,"DT",1,191
"Weekly",0.05,"SameTimestamp",1000,"Daily","AIC_dt",900.621780228814,NA,NA,NA,"DT",1,191
"Weekly",0.05,"SameTimestamp",1000,"Daily","BIC_dt",910.437290786778,NA,NA,NA,"DT",1,191
"Weekly",0.05,"SameTimestamp",1000,"Weekly","error_var_ct",1.17771143612516,0.170809647695234,0.842524989070613,1.51289788317971,"CT",1,191
"Weekly",0.05,"SameTimestamp",1000,"Weekly","beta_ct",-2.38865354645492,0.343487586054452,-3.0626926603483,-1.71461443256154,"CT",1,191
"Weekly",0.05,"SameTimestamp",1000,"Weekly","LogLik_ct",1429.12055029793,NA,NA,NA,"CT",1,191
"Weekly",0.05,"SameTimestamp",1000,"Weekly","AIC_ct",1433.12055029793,NA,NA,NA,"CT",1,191
"Weekly",0.05,"SameTimestamp",1000,"Weekly","BIC_ct",1442.9360608559,NA,NA,NA,"CT",1,191
"Weekly",0.05,"SameTimestamp",1000,"Weekly","error_var_dt",0.24444665648746,0.0109320107527078,0.222994344555407,0.265898968419513,"DT",1,191
"Weekly",0.05,"SameTimestamp",1000,"Weekly","beta_dt",0.0917531591579129,0.031515986330546,0.0299081075106917,0.153598210805134,"DT",1,191
"Weekly",0.05,"SameTimestamp",1000,"Weekly","LogLik_dt",1429.12055029793,NA,NA,NA,"DT",1,191
"Weekly",0.05,"SameTimestamp",1000,"Weekly","AIC_dt",1433.12055029793,NA,NA,NA,"DT",1,191
"Weekly",0.05,"SameTimestamp",1000,"Weekly","BIC_dt",1442.9360608559,NA,NA,NA,"DT",1,191
"Weekly",0.05,"SameTimestamp",1000,"Monthly","error_var_ct",10.0320652707604,69.032185727989,-125.432490618139,145.49662115966,"CT",1,191
"Weekly",0.05,"SameTimestamp",1000,"Monthly","beta_ct",-20.7959493284765,143.102904261521,-301.61237094062,260.020472283667,"CT",1,191
"Weekly",0.05,"SameTimestamp",1000,"Monthly","LogLik_ct",1415.76350415511,NA,NA,NA,"CT",1,191
"Weekly",0.05,"SameTimestamp",1000,"Monthly","AIC_ct",1419.76350415511,NA,NA,NA,"CT",1,191
"Weekly",0.05,"SameTimestamp",1000,"Monthly","BIC_ct",1429.57901471307,NA,NA,NA,"CT",1,191
"Weekly",0.05,"SameTimestamp",1000,"Monthly","error_var_dt",0.241162751838314,0.0107851178572792,0.219998693575656,0.262326810100972,"DT",1,191
"Weekly",0.05,"SameTimestamp",1000,"Monthly","beta_dt",-0.0130224980363229,0.0316125280297495,-0.0750569972328207,0.0490120011601748,"DT",1,191
"Weekly",0.05,"SameTimestamp",1000,"Monthly","LogLik_dt",1415.59382412439,NA,NA,NA,"DT",1,191
"Weekly",0.05,"SameTimestamp",1000,"Monthly","AIC_dt",1419.59382412439,NA,NA,NA,"DT",1,191
"Weekly",0.05,"SameTimestamp",1000,"Monthly","BIC_dt",1429.40933468235,NA,NA,NA,"DT",1,191
"Weekly",0.05,"SameTimestamp",1000,"Daily","error_var_ct",0.212071384317966,0.0117092367489578,0.189093891438837,0.235048877197094,"CT",1,192
"Weekly",0.05,"SameTimestamp",1000,"Daily","beta_ct",-0.444924038369493,0.0379115154675528,-0.519319286784827,-0.370528789954159,"CT",1,192
"Weekly",0.05,"SameTimestamp",1000,"Daily","LogLik_ct",875.03196662505,NA,NA,NA,"CT",1,192
"Weekly",0.05,"SameTimestamp",1000,"Daily","AIC_ct",879.03196662505,NA,NA,NA,"CT",1,192
"Weekly",0.05,"SameTimestamp",1000,"Daily","BIC_ct",888.847477183014,NA,NA,NA,"CT",1,192
"Weekly",0.05,"SameTimestamp",1000,"Daily","error_var_dt",0.140439498582523,0.00628123129967135,0.128113592927468,0.152765404237579,"DT",1,192
"Weekly",0.05,"SameTimestamp",1000,"Daily","beta_dt",0.640872839439102,0.0242962156602406,0.593195425932825,0.688550252945379,"DT",1,192
"Weekly",0.05,"SameTimestamp",1000,"Daily","LogLik_dt",875.031966625073,NA,NA,NA,"DT",1,192
"Weekly",0.05,"SameTimestamp",1000,"Daily","AIC_dt",879.031966625073,NA,NA,NA,"DT",1,192
"Weekly",0.05,"SameTimestamp",1000,"Daily","BIC_dt",888.847477183037,NA,NA,NA,"DT",1,192
"Weekly",0.05,"SameTimestamp",1000,"Weekly","error_var_ct",1.13086618365977,0.158827786723964,0.81919221065017,1.44254015666936,"CT",1,192
"Weekly",0.05,"SameTimestamp",1000,"Weekly","beta_ct",-2.33634837278605,0.325406749193894,-2.97490675389391,-1.69778999167819,"CT",1,192
"Weekly",0.05,"SameTimestamp",1000,"Weekly","LogLik_ct",1409.73374308551,NA,NA,NA,"CT",1,192
"Weekly",0.05,"SameTimestamp",1000,"Weekly","AIC_ct",1413.73374308551,NA,NA,NA,"CT",1,192
"Weekly",0.05,"SameTimestamp",1000,"Weekly","BIC_ct",1423.54925364347,NA,NA,NA,"CT",1,192
"Weekly",0.05,"SameTimestamp",1000,"Weekly","error_var_dt",0.239753608757851,0.0107221097016145,0.218713193861465,0.260794023654237,"DT",1,192
"Weekly",0.05,"SameTimestamp",1000,"Weekly","beta_dt",0.0966800748529289,0.0314640910148124,0.0349368594118834,0.158423290293974,"DT",1,192
"Weekly",0.05,"SameTimestamp",1000,"Weekly","LogLik_dt",1409.73374308551,NA,NA,NA,"DT",1,192
"Weekly",0.05,"SameTimestamp",1000,"Weekly","AIC_dt",1413.73374308551,NA,NA,NA,"DT",1,192
"Weekly",0.05,"SameTimestamp",1000,"Weekly","BIC_dt",1423.54925364347,NA,NA,NA,"DT",1,192
"Weekly",0.05,"SameTimestamp",1000,"Monthly","error_var_ct",3.73016014066156,21.2711161597802,-38.0109823924734,45.4713026737965,"CT",1,192
"Weekly",0.05,"SameTimestamp",1000,"Monthly","beta_ct",-7.7113696877734,43.972913014073,-94.001135393069,78.5783960175222,"CT",1,192
"Weekly",0.05,"SameTimestamp",1000,"Monthly","LogLik_ct",1418.48491507251,NA,NA,NA,"CT",1,192
"Weekly",0.05,"SameTimestamp",1000,"Monthly","AIC_ct",1422.48491507251,NA,NA,NA,"CT",1,192
"Weekly",0.05,"SameTimestamp",1000,"Monthly","BIC_ct",1432.30042563048,NA,NA,NA,"CT",1,192
"Weekly",0.05,"SameTimestamp",1000,"Monthly","error_var_dt",0.241860990139022,0.0108163462322975,0.220635651215635,0.263086329062409,"DT",1,192
"Weekly",0.05,"SameTimestamp",1000,"Monthly","beta_dt",0.000448472971089063,0.0316174991009085,-0.0615957811526176,0.0624927270947957,"DT",1,192
"Weekly",0.05,"SameTimestamp",1000,"Monthly","LogLik_dt",1418.48491507187,NA,NA,NA,"DT",1,192
"Weekly",0.05,"SameTimestamp",1000,"Monthly","AIC_dt",1422.48491507187,NA,NA,NA,"DT",1,192
"Weekly",0.05,"SameTimestamp",1000,"Monthly","BIC_dt",1432.30042562983,NA,NA,NA,"DT",1,192
"Weekly",0.05,"SameTimestamp",1000,"Daily","error_var_ct",0.223286079174033,0.0125571351178122,0.198644722189132,0.247927436158933,"CT",1,193
"Weekly",0.05,"SameTimestamp",1000,"Daily","beta_ct",-0.481423244245822,0.040478018672791,-0.560854842201861,-0.401991646289784,"CT",1,193
"Weekly",0.05,"SameTimestamp",1000,"Daily","LogLik_ct",895.604348310968,NA,NA,NA,"CT",1,193
"Weekly",0.05,"SameTimestamp",1000,"Daily","AIC_ct",899.604348310968,NA,NA,NA,"CT",1,193
"Weekly",0.05,"SameTimestamp",1000,"Daily","BIC_ct",909.419858868932,NA,NA,NA,"CT",1,193
"Weekly",0.05,"SameTimestamp",1000,"Daily","error_var_dt",0.143360798280057,0.00641183155540443,0.130778610639211,0.155942985920903,"DT",1,193
"Weekly",0.05,"SameTimestamp",1000,"Daily","beta_dt",0.617903339144529,0.0250117734976556,0.568821758529301,0.666984919759756,"DT",1,193
"Weekly",0.05,"SameTimestamp",1000,"Daily","LogLik_dt",895.60434831097,NA,NA,NA,"DT",1,193
"Weekly",0.05,"SameTimestamp",1000,"Daily","AIC_dt",899.60434831097,NA,NA,NA,"DT",1,193
"Weekly",0.05,"SameTimestamp",1000,"Daily","BIC_dt",909.419858868934,NA,NA,NA,"DT",1,193
"Weekly",0.05,"SameTimestamp",1000,"Weekly","error_var_ct",1.32584890584745,0.239525048523764,0.855819542292424,1.79587826940247,"CT",1,193
"Weekly",0.05,"SameTimestamp",1000,"Weekly","beta_ct",-2.74947359485369,0.492420194544933,-3.71576898679735,-1.78317820291002,"CT",1,193
"Weekly",0.05,"SameTimestamp",1000,"Weekly","LogLik_ct",1411.27360763408,NA,NA,NA,"CT",1,193
"Weekly",0.05,"SameTimestamp",1000,"Weekly","AIC_ct",1415.27360763408,NA,NA,NA,"CT",1,193
"Weekly",0.05,"SameTimestamp",1000,"Weekly","BIC_ct",1425.08911819204,NA,NA,NA,"CT",1,193
"Weekly",0.05,"SameTimestamp",1000,"Weekly","error_var_dt",0.240123106284198,0.0107386426974033,0.219050248044052,0.261195964524343,"DT",1,193
"Weekly",0.05,"SameTimestamp",1000,"Weekly","beta_dt",0.0639614912713964,0.0315432470175775,0.00206294491264314,0.12586003763015,"DT",1,193
"Weekly",0.05,"SameTimestamp",1000,"Weekly","LogLik_dt",1411.27360763402,NA,NA,NA,"DT",1,193
"Weekly",0.05,"SameTimestamp",1000,"Weekly","AIC_dt",1415.27360763402,NA,NA,NA,"DT",1,193
"Weekly",0.05,"SameTimestamp",1000,"Weekly","BIC_dt",1425.08911819198,NA,NA,NA,"DT",1,193
"Weekly",0.05,"SameTimestamp",1000,"Monthly","error_var_ct",9.94005491478198,69.1163159840905,-125.689593063546,145.56970289311,"CT",1,193
"Weekly",0.05,"SameTimestamp",1000,"Monthly","beta_ct",-19.4470950335244,135.223883131256,-284.802205563091,245.908015496042,"CT",1,193
"Weekly",0.05,"SameTimestamp",1000,"Monthly","LogLik_ct",1473.617930748,NA,NA,NA,"CT",1,193
"Weekly",0.05,"SameTimestamp",1000,"Monthly","AIC_ct",1477.617930748,NA,NA,NA,"CT",1,193
"Weekly",0.05,"SameTimestamp",1000,"Monthly","BIC_ct",1487.43344130597,NA,NA,NA,"CT",1,193
"Weekly",0.05,"SameTimestamp",1000,"Monthly","error_var_dt",0.254584419071513,0.0113853659057393,0.232242470605172,0.276926367537853,"DT",1,193
"Weekly",0.05,"SameTimestamp",1000,"Monthly","beta_dt",-0.0620785195455307,0.0315520238209673,-0.123994288968581,-0.000162750122480793,"DT",1,193
"Weekly",0.05,"SameTimestamp",1000,"Monthly","LogLik_dt",1469.75435703161,NA,NA,NA,"DT",1,193
"Weekly",0.05,"SameTimestamp",1000,"Monthly","AIC_dt",1473.75435703161,NA,NA,NA,"DT",1,193
"Weekly",0.05,"SameTimestamp",1000,"Monthly","BIC_dt",1483.56986758957,NA,NA,NA,"DT",1,193
"Weekly",0.05,"SameTimestamp",1000,"Daily","error_var_ct",0.214991928791543,0.0117124918541197,0.192008048292343,0.237975809290744,"CT",1,194
"Weekly",0.05,"SameTimestamp",1000,"Daily","beta_ct",-0.415997213531802,0.0360000971698581,-0.486641611121763,-0.345352815941841,"CT",1,194
"Weekly",0.05,"SameTimestamp",1000,"Daily","LogLik_ct",914.120102815155,NA,NA,NA,"CT",1,194
"Weekly",0.05,"SameTimestamp",1000,"Daily","AIC_ct",918.120102815155,NA,NA,NA,"CT",1,194
"Weekly",0.05,"SameTimestamp",1000,"Daily","BIC_ct",927.935613373119,NA,NA,NA,"CT",1,194
"Weekly",0.05,"SameTimestamp",1000,"Daily","error_var_dt",0.145952463313484,0.00652998869955027,0.133138411291001,0.158766515335966,"DT",1,194
"Weekly",0.05,"SameTimestamp",1000,"Daily","beta_dt",0.659682112165787,0.023748533878386,0.613079436023901,0.706284788307674,"DT",1,194
"Weekly",0.05,"SameTimestamp",1000,"Daily","LogLik_dt",914.120102815155,NA,NA,NA,"DT",1,194
"Weekly",0.05,"SameTimestamp",1000,"Daily","AIC_dt",918.120102815155,NA,NA,NA,"DT",1,194
"Weekly",0.05,"SameTimestamp",1000,"Daily","BIC_dt",927.935613373119,NA,NA,NA,"DT",1,194
"Weekly",0.05,"SameTimestamp",1000,"Weekly","error_var_ct",1.37085608635786,0.25782180334004,0.86492228577456,1.87678988694116,"CT",1,194
"Weekly",0.05,"SameTimestamp",1000,"Weekly","beta_ct",-2.80900643018309,0.523885847234649,-3.8370481021035,-1.78096475826269,"CT",1,194
"Weekly",0.05,"SameTimestamp",1000,"Weekly","LogLik_ct",1423.70131333168,NA,NA,NA,"CT",1,194
"Weekly",0.05,"SameTimestamp",1000,"Weekly","AIC_ct",1427.70131333168,NA,NA,NA,"CT",1,194
"Weekly",0.05,"SameTimestamp",1000,"Weekly","BIC_ct",1437.51682388964,NA,NA,NA,"CT",1,194
"Weekly",0.05,"SameTimestamp",1000,"Weekly","error_var_dt",0.243124626520932,0.0108729152347817,0.221788280033207,0.264460973008657,"DT",1,194
"Weekly",0.05,"SameTimestamp",1000,"Weekly","beta_dt",0.060265217743015,0.031599389010934,-0.00174349824337733,0.122273933729407,"DT",1,194
"Weekly",0.05,"SameTimestamp",1000,"Weekly","LogLik_dt",1423.70131333153,NA,NA,NA,"DT",1,194
"Weekly",0.05,"SameTimestamp",1000,"Weekly","AIC_dt",1427.70131333153,NA,NA,NA,"DT",1,194
"Weekly",0.05,"SameTimestamp",1000,"Weekly","BIC_dt",1437.5168238895,NA,NA,NA,"DT",1,194
"Weekly",0.05,"SameTimestamp",1000,"Monthly","error_var_ct",10.584837385744,142.005736938495,-268.078569910218,289.248244681706,"CT",1,194
"Weekly",0.05,"SameTimestamp",1000,"Monthly","beta_ct",-20.5671707615703,275.928602940859,-562.03265183025,520.898310307109,"CT",1,194
"Weekly",0.05,"SameTimestamp",1000,"Monthly","LogLik_ct",1480.45915322442,NA,NA,NA,"CT",1,194
"Weekly",0.05,"SameTimestamp",1000,"Monthly","AIC_ct",1484.45915322442,NA,NA,NA,"CT",1,194
"Weekly",0.05,"SameTimestamp",1000,"Monthly","BIC_ct",1494.27466378238,NA,NA,NA,"CT",1,194
"Weekly",0.05,"SameTimestamp",1000,"Monthly","error_var_dt",0.257301315179708,0.0115068491566501,0.234720975382439,0.279881654976976,"DT",1,194
"Weekly",0.05,"SameTimestamp",1000,"Monthly","beta_dt",-0.00946034875217688,0.0316335970674891,-0.0715361925448264,0.0526154950404727,"DT",1,194
"Weekly",0.05,"SameTimestamp",1000,"Monthly","LogLik_dt",1480.36972307352,NA,NA,NA,"DT",1,194
"Weekly",0.05,"SameTimestamp",1000,"Monthly","AIC_dt",1484.36972307352,NA,NA,NA,"DT",1,194
"Weekly",0.05,"SameTimestamp",1000,"Monthly","BIC_dt",1494.18523363149,NA,NA,NA,"DT",1,194
"Weekly",0.05,"SameTimestamp",1000,"Daily","error_var_ct",0.205989348758408,0.0112025270301207,0.184006192163188,0.227972505353628,"CT",1,195
"Weekly",0.05,"SameTimestamp",1000,"Daily","beta_ct",-0.411984499604928,0.035782925296603,-0.482202732340744,-0.341766266869113,"CT",1,195
"Weekly",0.05,"SameTimestamp",1000,"Daily","LogLik_ct",874.270015761607,NA,NA,NA,"CT",1,195
"Weekly",0.05,"SameTimestamp",1000,"Daily","AIC_ct",878.270015761607,NA,NA,NA,"CT",1,195
"Weekly",0.05,"SameTimestamp",1000,"Daily","BIC_ct",888.085526319571,NA,NA,NA,"CT",1,195
"Weekly",0.05,"SameTimestamp",1000,"Daily","error_var_dt",0.140326262346839,0.00627632453276089,0.128009985432253,0.152642539261425,"DT",1,195
"Weekly",0.05,"SameTimestamp",1000,"Daily","beta_dt",0.662334545774276,0.0237001876503811,0.615826741325014,0.708842350223538,"DT",1,195
"Weekly",0.05,"SameTimestamp",1000,"Daily","LogLik_dt",874.270015761607,NA,NA,NA,"DT",1,195
"Weekly",0.05,"SameTimestamp",1000,"Daily","AIC_dt",878.270015761607,NA,NA,NA,"DT",1,195
"Weekly",0.05,"SameTimestamp",1000,"Daily","BIC_dt",888.085526319571,NA,NA,NA,"DT",1,195
"Weekly",0.05,"SameTimestamp",1000,"Weekly","error_var_ct",1.60605472752273,0.396212051967942,0.828552333651617,2.38355712139385,"CT",1,195
"Weekly",0.05,"SameTimestamp",1000,"Weekly","beta_ct",-3.215531694048,0.788319366136509,-4.76248159438997,-1.66858179370602,"CT",1,195
"Weekly",0.05,"SameTimestamp",1000,"Weekly","LogLik_ct",1448.90587971316,NA,NA,NA,"CT",1,195
"Weekly",0.05,"SameTimestamp",1000,"Weekly","AIC_ct",1452.90587971316,NA,NA,NA,"CT",1,195
"Weekly",0.05,"SameTimestamp",1000,"Weekly","BIC_ct",1462.72139027112,NA,NA,NA,"CT",1,195
"Weekly",0.05,"SameTimestamp",1000,"Weekly","error_var_dt",0.249331652681409,0.0111504530577093,0.227450682877346,0.271212622485472,"DT",1,195
"Weekly",0.05,"SameTimestamp",1000,"Weekly","beta_dt",0.0401338861591011,0.0316275374275602,-0.0219300665653002,0.102197838883502,"DT",1,195
"Weekly",0.05,"SameTimestamp",1000,"Weekly","LogLik_dt",1448.90587971314,NA,NA,NA,"DT",1,195
"Weekly",0.05,"SameTimestamp",1000,"Weekly","AIC_dt",1452.90587971314,NA,NA,NA,"DT",1,195
"Weekly",0.05,"SameTimestamp",1000,"Weekly","BIC_dt",1462.72139027111,NA,NA,NA,"DT",1,195
"Weekly",0.05,"SameTimestamp",1000,"Monthly","error_var_ct",8.91378203990482,39.7118280747639,-69.0142901622638,86.8418542420734,"CT",1,195
"Weekly",0.05,"SameTimestamp",1000,"Monthly","beta_ct",-17.7733692322718,79.1826011993193,-173.156482087188,137.609743622645,"CT",1,195
"Weekly",0.05,"SameTimestamp",1000,"Monthly","LogLik_ct",1454.63451517353,NA,NA,NA,"CT",1,195
"Weekly",0.05,"SameTimestamp",1000,"Monthly","AIC_ct",1458.63451517353,NA,NA,NA,"CT",1,195
"Weekly",0.05,"SameTimestamp",1000,"Monthly","BIC_ct",1468.45002573149,NA,NA,NA,"CT",1,195
"Weekly",0.05,"SameTimestamp",1000,"Monthly","error_var_dt",0.250435567082708,0.011199826363355,0.228457710111427,0.272413424053989,"DT",1,195
"Weekly",0.05,"SameTimestamp",1000,"Monthly","beta_dt",-0.0361789587012299,0.0315879970210869,-0.098165319740737,0.0258074023382771,"DT",1,195
"Weekly",0.05,"SameTimestamp",1000,"Monthly","LogLik_dt",1453.32357485809,NA,NA,NA,"DT",1,195
"Weekly",0.05,"SameTimestamp",1000,"Monthly","AIC_dt",1457.32357485809,NA,NA,NA,"DT",1,195
"Weekly",0.05,"SameTimestamp",1000,"Monthly","BIC_dt",1467.13908541605,NA,NA,NA,"DT",1,195
"Weekly",0.05,"SameTimestamp",1000,"Daily","error_var_ct",0.20122397064853,0.0108507917710969,0.179931037898197,0.222516903398863,"CT",1,196
"Weekly",0.05,"SameTimestamp",1000,"Daily","beta_ct",-0.391786823069863,0.034579051532606,-0.459642647270206,-0.32393099886952,"CT",1,196
"Weekly",0.05,"SameTimestamp",1000,"Daily","LogLik_ct",868.357645927813,NA,NA,NA,"CT",1,196
"Weekly",0.05,"SameTimestamp",1000,"Daily","AIC_ct",872.357645927813,NA,NA,NA,"CT",1,196
"Weekly",0.05,"SameTimestamp",1000,"Daily","BIC_ct",882.173156485777,NA,NA,NA,"CT",1,196
"Weekly",0.05,"SameTimestamp",1000,"Daily","error_var_dt",0.139502844057368,0.00623939997401266,0.127259025647456,0.15174666246728,"DT",1,196
"Weekly",0.05,"SameTimestamp",1000,"Daily","beta_dt",0.675848170624806,0.023370192889132,0.629987927792011,0.721708413457601,"DT",1,196
"Weekly",0.05,"SameTimestamp",1000,"Daily","LogLik_dt",868.357645927814,NA,NA,NA,"DT",1,196
"Weekly",0.05,"SameTimestamp",1000,"Daily","AIC_dt",872.357645927814,NA,NA,NA,"DT",1,196
"Weekly",0.05,"SameTimestamp",1000,"Daily","BIC_dt",882.173156485778,NA,NA,NA,"DT",1,196
"Weekly",0.05,"SameTimestamp",1000,"Weekly","error_var_ct",3.33829476912687,10.7755069532874,-17.8069036410257,24.4834931792795,"CT",1,196
"Weekly",0.05,"SameTimestamp",1000,"Weekly","beta_ct",-6.69533861711694,21.6107408766021,-49.102940004886,35.7122627706521,"CT",1,196
"Weekly",0.05,"SameTimestamp",1000,"Weekly","LogLik_ct",1448.77698366896,NA,NA,NA,"CT",1,196
"Weekly",0.05,"SameTimestamp",1000,"Weekly","AIC_ct",1452.77698366896,NA,NA,NA,"CT",1,196
"Weekly",0.05,"SameTimestamp",1000,"Weekly","BIC_ct",1462.59249422692,NA,NA,NA,"CT",1,196
"Weekly",0.05,"SameTimestamp",1000,"Weekly","error_var_dt",0.249299554257689,0.0111490114072666,0.227421413460631,0.271177695054748,"DT",1,196
"Weekly",0.05,"SameTimestamp",1000,"Weekly","beta_dt",0.00123659016703225,0.031663751255617,-0.0608984263674312,0.0633716067014957,"DT",1,196
"Weekly",0.05,"SameTimestamp",1000,"Weekly","LogLik_dt",1448.77698366895,NA,NA,NA,"DT",1,196
"Weekly",0.05,"SameTimestamp",1000,"Weekly","AIC_dt",1452.77698366895,NA,NA,NA,"DT",1,196
"Weekly",0.05,"SameTimestamp",1000,"Weekly","BIC_dt",1462.59249422692,NA,NA,NA,"DT",1,196
"Weekly",0.05,"SameTimestamp",1000,"Monthly","error_var_ct",2.13775045852911,1.03602435601383,0.104719376035161,4.17078154102306,"CT",1,196
"Weekly",0.05,"SameTimestamp",1000,"Monthly","beta_ct",-4.15161587410864,2.00755209767586,-8.09111381217302,-0.212117936044262,"CT",1,196
"Weekly",0.05,"SameTimestamp",1000,"Monthly","LogLik_ct",1480.73858751932,NA,NA,NA,"CT",1,196
"Weekly",0.05,"SameTimestamp",1000,"Monthly","AIC_ct",1484.73858751932,NA,NA,NA,"CT",1,196
"Weekly",0.05,"SameTimestamp",1000,"Monthly","BIC_ct",1494.55409807729,NA,NA,NA,"CT",1,196
"Weekly",0.05,"SameTimestamp",1000,"Monthly","error_var_dt",0.257396272364512,0.011511105753829,0.234807579680247,0.279984965048776,"DT",1,196
"Weekly",0.05,"SameTimestamp",1000,"Monthly","beta_dt",0.0157389517210442,0.0316046963024347,-0.0462801789708733,0.0777580824129617,"DT",1,196
"Weekly",0.05,"SameTimestamp",1000,"Monthly","LogLik_dt",1480.73858751932,NA,NA,NA,"DT",1,196
"Weekly",0.05,"SameTimestamp",1000,"Monthly","AIC_dt",1484.73858751932,NA,NA,NA,"DT",1,196
"Weekly",0.05,"SameTimestamp",1000,"Monthly","BIC_dt",1494.55409807729,NA,NA,NA,"DT",1,196
"Weekly",0.05,"SameTimestamp",1000,"Daily","error_var_ct",0.215710800284664,0.0119429920905303,0.192274600163415,0.239147000405912,"CT",1,197
"Weekly",0.05,"SameTimestamp",1000,"Daily","beta_ct",-0.451323678331096,0.038306794928495,-0.526494599080484,-0.376152757581707,"CT",1,197
"Weekly",0.05,"SameTimestamp",1000,"Daily","LogLik_ct",886.592673792528,NA,NA,NA,"CT",1,197
"Weekly",0.05,"SameTimestamp",1000,"Daily","AIC_ct",890.592673792528,NA,NA,NA,"CT",1,197
"Weekly",0.05,"SameTimestamp",1000,"Daily","BIC_ct",900.408184350492,NA,NA,NA,"CT",1,197
"Weekly",0.05,"SameTimestamp",1000,"Daily","error_var_dt",0.142072305344463,0.00635426442232717,0.129603083938626,0.154541526750301,"DT",1,197
"Weekly",0.05,"SameTimestamp",1000,"Daily","beta_dt",0.636784648108514,0.024393136381131,0.588917043283892,0.684652252933136,"DT",1,197
"Weekly",0.05,"SameTimestamp",1000,"Daily","LogLik_dt",886.592673792527,NA,NA,NA,"DT",1,197
"Weekly",0.05,"SameTimestamp",1000,"Daily","AIC_dt",890.592673792527,NA,NA,NA,"DT",1,197
"Weekly",0.05,"SameTimestamp",1000,"Daily","BIC_dt",900.408184350491,NA,NA,NA,"DT",1,197
"Weekly",0.05,"SameTimestamp",1000,"Weekly","error_var_ct",1.50580605402913,0.295301149477684,0.92632506779611,2.08528704026215,"CT",1,197
"Weekly",0.05,"SameTimestamp",1000,"Weekly","beta_ct",-2.87029681686478,0.558320538458348,-3.96591102910964,-1.77468260461992,"CT",1,197
"Weekly",0.05,"SameTimestamp",1000,"Weekly","LogLik_ct",1496.42481282575,NA,NA,NA,"CT",1,197
"Weekly",0.05,"SameTimestamp",1000,"Weekly","AIC_ct",1500.42481282575,NA,NA,NA,"CT",1,197
"Weekly",0.05,"SameTimestamp",1000,"Weekly","BIC_ct",1510.24032338372,NA,NA,NA,"CT",1,197
"Weekly",0.05,"SameTimestamp",1000,"Weekly","error_var_dt",0.261465643011475,0.0116930894287484,0.238519836649844,0.284411449373106,"DT",1,197
"Weekly",0.05,"SameTimestamp",1000,"Weekly","beta_dt",0.056682029697098,0.0315897561856268,-0.00530778341973526,0.118671842813931,"DT",1,197
"Weekly",0.05,"SameTimestamp",1000,"Weekly","LogLik_dt",1496.42481282575,NA,NA,NA,"DT",1,197
"Weekly",0.05,"SameTimestamp",1000,"Weekly","AIC_dt",1500.42481282575,NA,NA,NA,"DT",1,197
"Weekly",0.05,"SameTimestamp",1000,"Weekly","BIC_dt",1510.24032338371,NA,NA,NA,"DT",1,197
"Weekly",0.05,"SameTimestamp",1000,"Monthly","error_var_ct",2.01737891819934,0.897958065059059,0.255280714190683,3.77947712220799,"CT",1,197
"Weekly",0.05,"SameTimestamp",1000,"Monthly","beta_ct",-4.02828059003241,1.78842261746668,-7.53777218532114,-0.518788994743678,"CT",1,197
"Weekly",0.05,"SameTimestamp",1000,"Monthly","LogLik_ct",1452.87230214048,NA,NA,NA,"CT",1,197
"Weekly",0.05,"SameTimestamp",1000,"Monthly","AIC_ct",1456.87230214048,NA,NA,NA,"CT",1,197
"Weekly",0.05,"SameTimestamp",1000,"Monthly","BIC_ct",1466.68781269844,NA,NA,NA,"CT",1,197
"Weekly",0.05,"SameTimestamp",1000,"Monthly","error_var_dt",0.250322605680362,0.0111947627881289,0.228354685160636,0.272290526200089,"DT",1,197
"Weekly",0.05,"SameTimestamp",1000,"Monthly","beta_dt",0.0178048991072786,0.0316187382031657,-0.0442417865552124,0.0798515847697697,"DT",1,197
"Weekly",0.05,"SameTimestamp",1000,"Monthly","LogLik_dt",1452.87230214048,NA,NA,NA,"DT",1,197
"Weekly",0.05,"SameTimestamp",1000,"Monthly","AIC_dt",1456.87230214048,NA,NA,NA,"DT",1,197
"Weekly",0.05,"SameTimestamp",1000,"Monthly","BIC_dt",1466.68781269844,NA,NA,NA,"DT",1,197
"Weekly",0.05,"SameTimestamp",1000,"Daily","error_var_ct",0.206552382213129,0.0111372131609505,0.184697393575901,0.228407370850356,"CT",1,198
"Weekly",0.05,"SameTimestamp",1000,"Daily","beta_ct",-0.393543427930089,0.0345930478142922,-0.461426717580971,-0.325660138279206,"CT",1,198
"Weekly",0.05,"SameTimestamp",1000,"Daily","LogLik_ct",892.960379623874,NA,NA,NA,"CT",1,198
"Weekly",0.05,"SameTimestamp",1000,"Daily","AIC_ct",896.960379623874,NA,NA,NA,"CT",1,198
"Weekly",0.05,"SameTimestamp",1000,"Daily","BIC_ct",906.775890181839,NA,NA,NA,"CT",1,198
"Weekly",0.05,"SameTimestamp",1000,"Daily","error_var_dt",0.142978089321696,0.00639482058090741,0.130429282980908,0.155526895662483,"DT",1,198
"Weekly",0.05,"SameTimestamp",1000,"Daily","beta_dt",0.674662020709381,0.0233386465023,0.628863682584325,0.720460358834436,"DT",1,198
"Weekly",0.05,"SameTimestamp",1000,"Daily","LogLik_dt",892.960379623875,NA,NA,NA,"DT",1,198
"Weekly",0.05,"SameTimestamp",1000,"Daily","AIC_dt",896.960379623875,NA,NA,NA,"DT",1,198
"Weekly",0.05,"SameTimestamp",1000,"Daily","BIC_dt",906.775890181839,NA,NA,NA,"DT",1,198
"Weekly",0.05,"SameTimestamp",1000,"Weekly","error_var_ct",2.21535570083216,1.31225338948222,-0.359730409295714,4.79044181096002,"CT",1,198
"Weekly",0.05,"SameTimestamp",1000,"Weekly","beta_ct",-4.42472808968969,2.61695276694259,-9.56007677693794,0.710620597558563,"CT",1,198
"Weekly",0.05,"SameTimestamp",1000,"Weekly","LogLik_ct",1452.79055175825,NA,NA,NA,"CT",1,198
"Weekly",0.05,"SameTimestamp",1000,"Weekly","AIC_ct",1456.79055175825,NA,NA,NA,"CT",1,198
"Weekly",0.05,"SameTimestamp",1000,"Weekly","BIC_ct",1466.60606231621,NA,NA,NA,"CT",1,198
"Weekly",0.05,"SameTimestamp",1000,"Weekly","error_var_dt",0.250302144608251,0.0111938521937092,0.228336010983541,0.272268278232961,"DT",1,198
"Weekly",0.05,"SameTimestamp",1000,"Weekly","beta_dt",0.0119774279831935,0.0316382509764209,-0.0501075483568315,0.0740624043232184,"DT",1,198
"Weekly",0.05,"SameTimestamp",1000,"Weekly","LogLik_dt",1452.79055175825,NA,NA,NA,"DT",1,198
"Weekly",0.05,"SameTimestamp",1000,"Weekly","AIC_dt",1456.79055175825,NA,NA,NA,"DT",1,198
"Weekly",0.05,"SameTimestamp",1000,"Weekly","BIC_dt",1466.60606231621,NA,NA,NA,"DT",1,198
"Weekly",0.05,"SameTimestamp",1000,"Monthly","error_var_ct",2.09094004087447,0.919635741479425,0.286302885244629,3.89557719650432,"CT",1,198
"Weekly",0.05,"SameTimestamp",1000,"Monthly","beta_ct",-4.01956277938021,1.76324888464796,-7.47965497494848,-0.559470583811944,"CT",1,198
"Weekly",0.05,"SameTimestamp",1000,"Monthly","LogLik_ct",1490.84785381459,NA,NA,NA,"CT",1,198
"Weekly",0.05,"SameTimestamp",1000,"Monthly","AIC_ct",1494.84785381459,NA,NA,NA,"CT",1,198
"Weekly",0.05,"SameTimestamp",1000,"Monthly","BIC_ct",1504.66336437256,NA,NA,NA,"CT",1,198
"Weekly",0.05,"SameTimestamp",1000,"Monthly","error_var_dt",0.260011554580602,0.011628049205873,0.237193379190145,0.282829729971059,"DT",1,198
"Weekly",0.05,"SameTimestamp",1000,"Monthly","beta_dt",0.0179608039417244,0.0316034722582828,-0.0440559247605172,0.079977532643966,"DT",1,198
"Weekly",0.05,"SameTimestamp",1000,"Monthly","LogLik_dt",1490.84785381459,NA,NA,NA,"DT",1,198
"Weekly",0.05,"SameTimestamp",1000,"Monthly","AIC_dt",1494.84785381459,NA,NA,NA,"DT",1,198
"Weekly",0.05,"SameTimestamp",1000,"Monthly","BIC_dt",1504.66336437255,NA,NA,NA,"DT",1,198
"Weekly",0.05,"SameTimestamp",1000,"Daily","error_var_ct",0.23288240135504,0.0125912721068817,0.208174056022386,0.257590746687693,"CT",1,199
"Weekly",0.05,"SameTimestamp",1000,"Daily","beta_ct",-0.398465892652196,0.0349617873826523,-0.467072774368718,-0.329859010935673,"CT",1,199
"Weekly",0.05,"SameTimestamp",1000,"Daily","LogLik_ct",1008.65180504482,NA,NA,NA,"CT",1,199
"Weekly",0.05,"SameTimestamp",1000,"Daily","AIC_ct",1012.65180504482,NA,NA,NA,"CT",1,199
"Weekly",0.05,"SameTimestamp",1000,"Daily","BIC_ct",1022.46731560279,NA,NA,NA,"CT",1,199
"Weekly",0.05,"SameTimestamp",1000,"Daily","error_var_dt",0.160515670635495,0.00717917117286756,0.146427702475035,0.174603638795955,"DT",1,199
"Weekly",0.05,"SameTimestamp",1000,"Daily","beta_dt",0.67134917948246,0.0234715245314586,0.625290089607804,0.717408269357117,"DT",1,199
"Weekly",0.05,"SameTimestamp",1000,"Daily","LogLik_dt",1008.65180504482,NA,NA,NA,"DT",1,199
"Weekly",0.05,"SameTimestamp",1000,"Daily","AIC_dt",1012.65180504482,NA,NA,NA,"DT",1,199
"Weekly",0.05,"SameTimestamp",1000,"Daily","BIC_dt",1022.46731560279,NA,NA,NA,"DT",1,199
"Weekly",0.05,"SameTimestamp",1000,"Weekly","error_var_ct",1.17167225690373,0.159102460507386,0.859459280794448,1.48388523301302,"CT",1,199
"Weekly",0.05,"SameTimestamp",1000,"Weekly","beta_ct",-2.27868236326978,0.307018985733876,-2.88115771753105,-1.67620700900851,"CT",1,199
"Weekly",0.05,"SameTimestamp",1000,"Weekly","LogLik_ct",1469.0199922111,NA,NA,NA,"CT",1,199
"Weekly",0.05,"SameTimestamp",1000,"Weekly","AIC_ct",1473.0199922111,NA,NA,NA,"CT",1,199
"Weekly",0.05,"SameTimestamp",1000,"Weekly","BIC_ct",1482.83550276907,NA,NA,NA,"CT",1,199
"Weekly",0.05,"SameTimestamp",1000,"Weekly","error_var_dt",0.254397410070311,0.011377008756752,0.232071861164033,0.27672295897659,"DT",1,199
"Weekly",0.05,"SameTimestamp",1000,"Weekly","beta_dt",0.102419066502964,0.0314648525020807,0.0406743567656927,0.164163776240236,"DT",1,199
"Weekly",0.05,"SameTimestamp",1000,"Weekly","LogLik_dt",1469.01999221111,NA,NA,NA,"DT",1,199
"Weekly",0.05,"SameTimestamp",1000,"Weekly","AIC_dt",1473.01999221111,NA,NA,NA,"DT",1,199
"Weekly",0.05,"SameTimestamp",1000,"Weekly","BIC_dt",1482.83550276907,NA,NA,NA,"DT",1,199
"Weekly",0.05,"SameTimestamp",1000,"Monthly","error_var_ct",9.16928934653521,115.521513293503,-217.523090865514,235.861669558584,"CT",1,199
"Weekly",0.05,"SameTimestamp",1000,"Monthly","beta_ct",-18.5114534876086,233.223732382733,-476.175498118445,439.152591143228,"CT",1,199
"Weekly",0.05,"SameTimestamp",1000,"Monthly","LogLik_ct",1442.19767362656,NA,NA,NA,"CT",1,199
"Weekly",0.05,"SameTimestamp",1000,"Monthly","AIC_ct",1446.19767362656,NA,NA,NA,"CT",1,199
"Weekly",0.05,"SameTimestamp",1000,"Monthly","BIC_ct",1456.01318418452,NA,NA,NA,"CT",1,199
"Weekly",0.05,"SameTimestamp",1000,"Monthly","error_var_dt",0.247660165081669,0.0110756983750027,0.225925889312956,0.269394440850382,"DT",1,199
"Weekly",0.05,"SameTimestamp",1000,"Monthly","beta_dt",-0.00428732893083175,0.0316164146063253,-0.0663294549084348,0.0577547970467713,"DT",1,199
"Weekly",0.05,"SameTimestamp",1000,"Monthly","LogLik_dt",1442.17928531137,NA,NA,NA,"DT",1,199
"Weekly",0.05,"SameTimestamp",1000,"Monthly","AIC_dt",1446.17928531137,NA,NA,NA,"DT",1,199
"Weekly",0.05,"SameTimestamp",1000,"Monthly","BIC_dt",1455.99479586934,NA,NA,NA,"DT",1,199
"Weekly",0.05,"SameTimestamp",1000,"Daily","error_var_ct",0.209870736114815,0.011518061671062,0.187268393562321,0.232473078667309,"CT",1,200
"Weekly",0.05,"SameTimestamp",1000,"Daily","beta_ct",-0.432385025565632,0.03706970522427,-0.505128356841932,-0.359641694289332,"CT",1,200
"Weekly",0.05,"SameTimestamp",1000,"Daily","LogLik_ct",875.335199014069,NA,NA,NA,"CT",1,200
"Weekly",0.05,"SameTimestamp",1000,"Daily","AIC_ct",879.335199014069,NA,NA,NA,"CT",1,200
"Weekly",0.05,"SameTimestamp",1000,"Daily","BIC_ct",889.150709572034,NA,NA,NA,"CT",1,200
"Weekly",0.05,"SameTimestamp",1000,"Daily","error_var_dt",0.140481293707858,0.00628312190427218,0.128151678045508,0.152810909370207,"DT",1,200
"Weekly",0.05,"SameTimestamp",1000,"Daily","beta_dt",0.648959425675851,0.0240569783418119,0.601751476909119,0.696167374442583,"DT",1,200
"Weekly",0.05,"SameTimestamp",1000,"Daily","LogLik_dt",875.335199014074,NA,NA,NA,"DT",1,200
"Weekly",0.05,"SameTimestamp",1000,"Daily","AIC_dt",879.335199014074,NA,NA,NA,"DT",1,200
"Weekly",0.05,"SameTimestamp",1000,"Daily","BIC_dt",889.150709572038,NA,NA,NA,"DT",1,200
"Weekly",0.05,"SameTimestamp",1000,"Weekly","error_var_ct",10.3938163068111,48.284283742892,-84.356320671577,105.143953285199,"CT",1,200
"Weekly",0.05,"SameTimestamp",1000,"Weekly","beta_ct",-20.1773880899071,93.7322745179967,-204.111893511321,163.757117331507,"CT",1,200
"Weekly",0.05,"SameTimestamp",1000,"Weekly","LogLik_ct",1481.37863472057,NA,NA,NA,"CT",1,200
"Weekly",0.05,"SameTimestamp",1000,"Weekly","AIC_ct",1485.37863472057,NA,NA,NA,"CT",1,200
"Weekly",0.05,"SameTimestamp",1000,"Weekly","BIC_ct",1495.19414527854,NA,NA,NA,"CT",1,200
"Weekly",0.05,"SameTimestamp",1000,"Weekly","error_var_dt",0.25749212977788,0.0115153655823826,0.234895077865567,0.280089181690193,"DT",1,200
"Weekly",0.05,"SameTimestamp",1000,"Weekly","beta_dt",-0.0163673081996892,0.0316314605958236,-0.0784389595104944,0.045704343111116,"DT",1,200
"Weekly",0.05,"SameTimestamp",1000,"Weekly","LogLik_dt",1481.11093692462,NA,NA,NA,"DT",1,200
"Weekly",0.05,"SameTimestamp",1000,"Weekly","AIC_dt",1485.11093692462,NA,NA,NA,"DT",1,200
"Weekly",0.05,"SameTimestamp",1000,"Weekly","BIC_dt",1494.92644748258,NA,NA,NA,"DT",1,200
"Weekly",0.05,"SameTimestamp",1000,"Monthly","error_var_ct",1.89305799038686,0.573874696349141,0.766921246243555,3.01919473453017,"CT",1,200
"Weekly",0.05,"SameTimestamp",1000,"Monthly","beta_ct",-3.51254837746202,1.05981535541481,-5.59226546785243,-1.43283128707161,"CT",1,200
"Weekly",0.05,"SameTimestamp",1000,"Monthly","LogLik_ct",1525.69191530221,NA,NA,NA,"CT",1,200
"Weekly",0.05,"SameTimestamp",1000,"Monthly","AIC_ct",1529.69191530221,NA,NA,NA,"CT",1,200
"Weekly",0.05,"SameTimestamp",1000,"Monthly","BIC_ct",1539.50742586017,NA,NA,NA,"CT",1,200
"Weekly",0.05,"SameTimestamp",1000,"Monthly","error_var_dt",0.269231098755522,0.0120403850669316,0.245603780590484,0.292858416920561,"DT",1,200
"Weekly",0.05,"SameTimestamp",1000,"Monthly","beta_dt",0.0298208001094418,0.0315964634123214,-0.0321821748604582,0.0918237750793417,"DT",1,200
"Weekly",0.05,"SameTimestamp",1000,"Monthly","LogLik_dt",1525.69191530221,NA,NA,NA,"DT",1,200
"Weekly",0.05,"SameTimestamp",1000,"Monthly","AIC_dt",1529.69191530221,NA,NA,NA,"DT",1,200
"Weekly",0.05,"SameTimestamp",1000,"Monthly","BIC_dt",1539.50742586018,NA,NA,NA,"DT",1,200
"Weekly",0.05,"SameTimestamp",1000,"Daily","error_var_ct",0.212176153711079,0.0116174290617389,0.1893788186445,0.234973488777658,"CT",1,201
"Weekly",0.05,"SameTimestamp",1000,"Daily","beta_ct",-0.425796593084077,0.0367208475932401,-0.497855347397362,-0.353737838770791,"CT",1,201
"Weekly",0.05,"SameTimestamp",1000,"Daily","LogLik_ct",891.918183252622,NA,NA,NA,"CT",1,201
"Weekly",0.05,"SameTimestamp",1000,"Daily","AIC_ct",895.918183252622,NA,NA,NA,"CT",1,201
"Weekly",0.05,"SameTimestamp",1000,"Daily","BIC_ct",905.733693810586,NA,NA,NA,"CT",1,201
"Weekly",0.05,"SameTimestamp",1000,"Daily","error_var_dt",0.14283023754581,0.00638818343249063,0.130294455540746,0.155366019550874,"DT",1,201
"Weekly",0.05,"SameTimestamp",1000,"Daily","beta_dt",0.653249193494555,0.023987763255887,0.606177068195916,0.700321318793194,"DT",1,201
"Weekly",0.05,"SameTimestamp",1000,"Daily","LogLik_dt",891.91818325262,NA,NA,NA,"DT",1,201
"Weekly",0.05,"SameTimestamp",1000,"Daily","AIC_dt",895.91818325262,NA,NA,NA,"DT",1,201
"Weekly",0.05,"SameTimestamp",1000,"Daily","BIC_dt",905.733693810585,NA,NA,NA,"DT",1,201
"Weekly",0.05,"SameTimestamp",1000,"Weekly","error_var_ct",2.11487824803307,1.22467979114024,-0.288358767619747,4.5181152636859,"CT",1,201
"Weekly",0.05,"SameTimestamp",1000,"Weekly","beta_ct",-4.38111350367903,2.53288366682962,-9.3514901102857,0.58926310292763,"CT",1,201
"Weekly",0.05,"SameTimestamp",1000,"Weekly","LogLik_ct",1416.2676453688,NA,NA,NA,"CT",1,201
"Weekly",0.05,"SameTimestamp",1000,"Weekly","AIC_ct",1420.2676453688,NA,NA,NA,"CT",1,201
"Weekly",0.05,"SameTimestamp",1000,"Weekly","BIC_ct",1430.08315592676,NA,NA,NA,"CT",1,201
"Weekly",0.05,"SameTimestamp",1000,"Weekly","error_var_dt",0.24132531110813,0.0107924002378821,0.220146962345414,0.262503659870846,"DT",1,201
"Weekly",0.05,"SameTimestamp",1000,"Weekly","beta_dt",0.0125113522148696,0.0316101991211708,-0.0495185768733084,0.0745412813030475,"DT",1,201
"Weekly",0.05,"SameTimestamp",1000,"Weekly","LogLik_dt",1416.2676453688,NA,NA,NA,"DT",1,201
"Weekly",0.05,"SameTimestamp",1000,"Weekly","AIC_dt",1420.2676453688,NA,NA,NA,"DT",1,201
"Weekly",0.05,"SameTimestamp",1000,"Weekly","BIC_dt",1430.08315592676,NA,NA,NA,"DT",1,201
"Weekly",0.05,"SameTimestamp",1000,"Monthly","error_var_ct",8.9354646025909,52.8311374293658,-94.7371410595645,112.608070264746,"CT",1,201
"Weekly",0.05,"SameTimestamp",1000,"Monthly","beta_ct",-19.4779027960754,115.162198972879,-245.465186474462,206.509380882311,"CT",1,201
"Weekly",0.05,"SameTimestamp",1000,"Monthly","LogLik_ct",1365.47540105223,NA,NA,NA,"CT",1,201
"Weekly",0.05,"SameTimestamp",1000,"Monthly","AIC_ct",1369.47540105223,NA,NA,NA,"CT",1,201
"Weekly",0.05,"SameTimestamp",1000,"Monthly","BIC_ct",1379.2909116102,NA,NA,NA,"CT",1,201
"Weekly",0.05,"SameTimestamp",1000,"Monthly","error_var_dt",0.229372611979055,0.0102578537229524,0.209243224733104,0.249501999225005,"DT",1,201
"Weekly",0.05,"SameTimestamp",1000,"Monthly","beta_dt",-0.00241098679179475,0.0316285792812864,-0.0644769839864795,0.05965501040289,"DT",1,201
"Weekly",0.05,"SameTimestamp",1000,"Monthly","LogLik_dt",1365.46959042742,NA,NA,NA,"DT",1,201
"Weekly",0.05,"SameTimestamp",1000,"Monthly","AIC_dt",1369.46959042742,NA,NA,NA,"DT",1,201
"Weekly",0.05,"SameTimestamp",1000,"Monthly","BIC_dt",1379.28510098539,NA,NA,NA,"DT",1,201
"Weekly",0.05,"SameTimestamp",1000,"Daily","error_var_ct",0.21055564967209,0.011479256603071,0.188029455821049,0.233081843523131,"CT",1,202
"Weekly",0.05,"SameTimestamp",1000,"Daily","beta_ct",-0.417782440160012,0.0361252852770896,-0.488672499265248,-0.346892381054777,"CT",1,202
"Weekly",0.05,"SameTimestamp",1000,"Daily","LogLik_ct",891.36419039475,NA,NA,NA,"CT",1,202
"Weekly",0.05,"SameTimestamp",1000,"Daily","AIC_ct",895.36419039475,NA,NA,NA,"CT",1,202
"Weekly",0.05,"SameTimestamp",1000,"Daily","BIC_ct",905.179700952714,NA,NA,NA,"CT",1,202
"Weekly",0.05,"SameTimestamp",1000,"Daily","error_var_dt",0.142720831771245,0.00638405810550577,0.130193145056545,0.155248518485946,"DT",1,202
"Weekly",0.05,"SameTimestamp",1000,"Daily","beta_dt",0.658505340960402,0.0237883990631427,0.611824435808503,0.705186246112301,"DT",1,202
"Weekly",0.05,"SameTimestamp",1000,"Daily","LogLik_dt",891.364190394781,NA,NA,NA,"DT",1,202
"Weekly",0.05,"SameTimestamp",1000,"Daily","AIC_dt",895.364190394781,NA,NA,NA,"DT",1,202
"Weekly",0.05,"SameTimestamp",1000,"Daily","BIC_dt",905.179700952745,NA,NA,NA,"DT",1,202
"Weekly",0.05,"SameTimestamp",1000,"Weekly","error_var_ct",9.01108538315406,38.1512972398457,-65.8546961748198,83.876866941128,"CT",1,202
"Weekly",0.05,"SameTimestamp",1000,"Weekly","beta_ct",-18.0144153957768,76.2715935610741,-167.68514419758,131.656313406027,"CT",1,202
"Weekly",0.05,"SameTimestamp",1000,"Weekly","LogLik_ct",1452.00990568702,NA,NA,NA,"CT",1,202
"Weekly",0.05,"SameTimestamp",1000,"Weekly","AIC_ct",1456.00990568702,NA,NA,NA,"CT",1,202
"Weekly",0.05,"SameTimestamp",1000,"Weekly","BIC_ct",1465.82541624498,NA,NA,NA,"CT",1,202
"Weekly",0.05,"SameTimestamp",1000,"Weekly","error_var_dt",0.250104487190066,0.0111850099283428,0.228155705088247,0.272053269291884,"DT",1,202
"Weekly",0.05,"SameTimestamp",1000,"Weekly","beta_dt",-0.00306130945358506,0.0316152217559116,-0.0651010946542038,0.0589784757470336,"DT",1,202
"Weekly",0.05,"SameTimestamp",1000,"Weekly","LogLik_dt",1452.00052959596,NA,NA,NA,"DT",1,202
"Weekly",0.05,"SameTimestamp",1000,"Weekly","AIC_dt",1456.00052959596,NA,NA,NA,"DT",1,202
"Weekly",0.05,"SameTimestamp",1000,"Weekly","BIC_dt",1465.81604015393,NA,NA,NA,"DT",1,202
"Weekly",0.05,"SameTimestamp",1000,"Monthly","error_var_ct",1.54182206362966,0.325306716455015,0.903459980674671,2.18018414658465,"CT",1,202
"Weekly",0.05,"SameTimestamp",1000,"Monthly","beta_ct",-2.98768024945793,0.625594127177747,-4.2153080539543,-1.76005244496155,"CT",1,202
"Weekly",0.05,"SameTimestamp",1000,"Monthly","LogLik_ct",1480.65490844703,NA,NA,NA,"CT",1,202
"Weekly",0.05,"SameTimestamp",1000,"Monthly","AIC_ct",1484.65490844703,NA,NA,NA,"CT",1,202
"Weekly",0.05,"SameTimestamp",1000,"Monthly","BIC_ct",1494.470419005,NA,NA,NA,"CT",1,202
"Weekly",0.05,"SameTimestamp",1000,"Monthly","error_var_dt",0.257374415586368,0.0115101661262338,0.234787566770055,0.279961264402681,"DT",1,202
"Weekly",0.05,"SameTimestamp",1000,"Monthly","beta_dt",0.0504042129482466,0.0315750526186189,-0.0115567467844195,0.112365172680913,"DT",1,202
"Weekly",0.05,"SameTimestamp",1000,"Monthly","LogLik_dt",1480.65490844703,NA,NA,NA,"DT",1,202
"Weekly",0.05,"SameTimestamp",1000,"Monthly","AIC_dt",1484.65490844703,NA,NA,NA,"DT",1,202
"Weekly",0.05,"SameTimestamp",1000,"Monthly","BIC_dt",1494.470419005,NA,NA,NA,"DT",1,202
"Weekly",0.05,"SameTimestamp",1000,"Daily","error_var_ct",0.229187714639354,0.0127187068180827,0.204229299192657,0.254146130086051,"CT",1,203
"Weekly",0.05,"SameTimestamp",1000,"Daily","beta_ct",-0.454879637087561,0.0386145323697148,-0.530654443044489,-0.379104831130633,"CT",1,203
"Weekly",0.05,"SameTimestamp",1000,"Daily","LogLik_ct",944.187581128424,NA,NA,NA,"CT",1,203
"Weekly",0.05,"SameTimestamp",1000,"Daily","AIC_ct",948.187581128424,NA,NA,NA,"CT",1,203
"Weekly",0.05,"SameTimestamp",1000,"Daily","BIC_ct",958.003091686388,NA,NA,NA,"CT",1,203
"Weekly",0.05,"SameTimestamp",1000,"Daily","error_var_dt",0.150492447972781,0.00673093531656617,0.137284070550569,0.163700825394993,"DT",1,203
"Weekly",0.05,"SameTimestamp",1000,"Daily","beta_dt",0.634524338490053,0.0245017722505899,0.586443553253212,0.682605123726894,"DT",1,203
"Weekly",0.05,"SameTimestamp",1000,"Daily","LogLik_dt",944.187581128424,NA,NA,NA,"DT",1,203
"Weekly",0.05,"SameTimestamp",1000,"Daily","AIC_dt",948.187581128424,NA,NA,NA,"DT",1,203
"Weekly",0.05,"SameTimestamp",1000,"Daily","BIC_dt",958.003091686388,NA,NA,NA,"DT",1,203
"Weekly",0.05,"SameTimestamp",1000,"Weekly","error_var_ct",1.59184167376829,0.384908862160288,0.836519970994737,2.34716337654185,"CT",1,203
"Weekly",0.05,"SameTimestamp",1000,"Weekly","beta_ct",-3.1873965656617,0.765731331419842,-4.69002108272009,-1.68477204860331,"CT",1,203
"Weekly",0.05,"SameTimestamp",1000,"Weekly","LogLik_ct",1448.71175669286,NA,NA,NA,"CT",1,203
"Weekly",0.05,"SameTimestamp",1000,"Weekly","AIC_ct",1452.71175669286,NA,NA,NA,"CT",1,203
"Weekly",0.05,"SameTimestamp",1000,"Weekly","BIC_ct",1462.52726725082,NA,NA,NA,"CT",1,203
"Weekly",0.05,"SameTimestamp",1000,"Weekly","error_var_dt",0.249283247994554,0.0111482809966462,0.2274065405108,0.271159955478307,"DT",1,203
"Weekly",0.05,"SameTimestamp",1000,"Weekly","beta_dt",0.0412791237742757,0.0315821730543144,-0.0206958086676281,0.10325405621618,"DT",1,203
"Weekly",0.05,"SameTimestamp",1000,"Weekly","LogLik_dt",1448.71175669285,NA,NA,NA,"DT",1,203
"Weekly",0.05,"SameTimestamp",1000,"Weekly","AIC_dt",1452.71175669285,NA,NA,NA,"DT",1,203
"Weekly",0.05,"SameTimestamp",1000,"Weekly","BIC_dt",1462.52726725081,NA,NA,NA,"DT",1,203
"Weekly",0.05,"SameTimestamp",1000,"Monthly","error_var_ct",8.36450694851585,47.237989600468,-84.332446144154,101.061460041186,"CT",1,203
"Weekly",0.05,"SameTimestamp",1000,"Monthly","beta_ct",-17.1885946086369,97.0728417417021,-207.678425645256,173.301236427982,"CT",1,203
"Weekly",0.05,"SameTimestamp",1000,"Monthly","LogLik_ct",1424.48665959115,NA,NA,NA,"CT",1,203
"Weekly",0.05,"SameTimestamp",1000,"Monthly","AIC_ct",1428.48665959115,NA,NA,NA,"CT",1,203
"Weekly",0.05,"SameTimestamp",1000,"Monthly","BIC_ct",1438.30217014911,NA,NA,NA,"CT",1,203
"Weekly",0.05,"SameTimestamp",1000,"Monthly","error_var_dt",0.243192941710332,0.0108759025775112,0.221850733043221,0.264535150377443,"DT",1,203
"Weekly",0.05,"SameTimestamp",1000,"Monthly","beta_dt",-0.0225636406752745,0.031600539558012,-0.0845746144251623,0.0394473330746133,"DT",1,203
"Weekly",0.05,"SameTimestamp",1000,"Monthly","LogLik_dt",1423.97697028446,NA,NA,NA,"DT",1,203
"Weekly",0.05,"SameTimestamp",1000,"Monthly","AIC_dt",1427.97697028446,NA,NA,NA,"DT",1,203
"Weekly",0.05,"SameTimestamp",1000,"Monthly","BIC_dt",1437.79248084242,NA,NA,NA,"DT",1,203
"Weekly",0.05,"SameTimestamp",1000,"Daily","error_var_ct",0.235758136634309,0.0129859954777034,0.210275210204977,0.261241063063642,"CT",1,204
"Weekly",0.05,"SameTimestamp",1000,"Daily","beta_ct",-0.440517551493607,0.0375842980934673,-0.514270688467847,-0.366764414519366,"CT",1,204
"Weekly",0.05,"SameTimestamp",1000,"Daily","LogLik_ct",984.728335999324,NA,NA,NA,"CT",1,204
"Weekly",0.05,"SameTimestamp",1000,"Daily","AIC_ct",988.728335999324,NA,NA,NA,"CT",1,204
"Weekly",0.05,"SameTimestamp",1000,"Daily","BIC_ct",998.543846557288,NA,NA,NA,"CT",1,204
"Weekly",0.05,"SameTimestamp",1000,"Daily","error_var_dt",0.156714368747613,0.00700933937043998,0.142959668170223,0.170469069325002,"DT",1,204
"Weekly",0.05,"SameTimestamp",1000,"Daily","beta_dt",0.643703171610979,0.0241931055692022,0.596228095065974,0.691178248155983,"DT",1,204
"Weekly",0.05,"SameTimestamp",1000,"Daily","LogLik_dt",984.728335999324,NA,NA,NA,"DT",1,204
"Weekly",0.05,"SameTimestamp",1000,"Daily","AIC_dt",988.728335999324,NA,NA,NA,"DT",1,204
"Weekly",0.05,"SameTimestamp",1000,"Daily","BIC_dt",998.543846557288,NA,NA,NA,"DT",1,204
"Weekly",0.05,"SameTimestamp",1000,"Weekly","error_var_ct",2.0225375572674,0.943850285200242,0.170383256169817,3.87469185836499,"CT",1,204
"Weekly",0.05,"SameTimestamp",1000,"Weekly","beta_ct",-4.09378447416835,1.90585891620132,-7.83372590797167,-0.353843040365037,"CT",1,204
"Weekly",0.05,"SameTimestamp",1000,"Weekly","LogLik_ct",1439.33490007753,NA,NA,NA,"CT",1,204
"Weekly",0.05,"SameTimestamp",1000,"Weekly","AIC_ct",1443.33490007753,NA,NA,NA,"CT",1,204
"Weekly",0.05,"SameTimestamp",1000,"Weekly","BIC_ct",1453.15041063549,NA,NA,NA,"CT",1,204
"Weekly",0.05,"SameTimestamp",1000,"Weekly","error_var_dt",0.246956711551878,0.0110442363666195,0.225284174911776,0.26862924819198,"DT",1,204
"Weekly",0.05,"SameTimestamp",1000,"Weekly","beta_dt",0.0166759534898262,0.0316132782238653,-0.0453600178419031,0.0787119248215555,"DT",1,204
"Weekly",0.05,"SameTimestamp",1000,"Weekly","LogLik_dt",1439.33490007752,NA,NA,NA,"DT",1,204
"Weekly",0.05,"SameTimestamp",1000,"Weekly","AIC_dt",1443.33490007752,NA,NA,NA,"DT",1,204
"Weekly",0.05,"SameTimestamp",1000,"Weekly","BIC_dt",1453.15041063549,NA,NA,NA,"DT",1,204
"Weekly",0.05,"SameTimestamp",1000,"Monthly","error_var_ct",10.1007022719031,45.2470369075016,-78.6893265432821,98.8907310870884,"CT",1,204
"Weekly",0.05,"SameTimestamp",1000,"Monthly","beta_ct",-19.7308596883772,88.3862055553216,-193.174565055541,153.712845678787,"CT",1,204
"Weekly",0.05,"SameTimestamp",1000,"Monthly","LogLik_ct",1475.15235128394,NA,NA,NA,"CT",1,204
"Weekly",0.05,"SameTimestamp",1000,"Monthly","AIC_ct",1479.15235128394,NA,NA,NA,"CT",1,204
"Weekly",0.05,"SameTimestamp",1000,"Monthly","BIC_ct",1488.96786184191,NA,NA,NA,"CT",1,204
"Weekly",0.05,"SameTimestamp",1000,"Monthly","error_var_dt",0.255961098407665,0.0114469361337238,0.233498328276735,0.278423868538595,"DT",1,204
"Weekly",0.05,"SameTimestamp",1000,"Monthly","beta_dt",-0.00226175097374328,0.0316102964431502,-0.0642918710406449,0.0597683690931583,"DT",1,204
"Weekly",0.05,"SameTimestamp",1000,"Monthly","LogLik_dt",1475.14723169713,NA,NA,NA,"DT",1,204
"Weekly",0.05,"SameTimestamp",1000,"Monthly","AIC_dt",1479.14723169713,NA,NA,NA,"DT",1,204
"Weekly",0.05,"SameTimestamp",1000,"Monthly","BIC_dt",1488.96274225509,NA,NA,NA,"DT",1,204
"Weekly",0.05,"SameTimestamp",1000,"Daily","error_var_ct",0.221649269824332,0.012294498312513,0.197523295306534,0.245775244342131,"CT",1,205
"Weekly",0.05,"SameTimestamp",1000,"Daily","beta_ct",-0.455802557644565,0.0385742672321894,-0.531498349748532,-0.380106765540598,"CT",1,205
"Weekly",0.05,"SameTimestamp",1000,"Daily","LogLik_ct",909.972693908956,NA,NA,NA,"CT",1,205
"Weekly",0.05,"SameTimestamp",1000,"Daily","AIC_ct",913.972693908956,NA,NA,NA,"CT",1,205
"Weekly",0.05,"SameTimestamp",1000,"Daily","BIC_ct",923.78820446692,NA,NA,NA,"CT",1,205
"Weekly",0.05,"SameTimestamp",1000,"Daily","error_var_dt",0.145428275962133,0.00650449138042175,0.132664258325433,0.158192293598833,"DT",1,205
"Weekly",0.05,"SameTimestamp",1000,"Daily","beta_dt",0.633938991074204,0.0244539006364305,0.58595214617669,0.681925835971717,"DT",1,205
"Weekly",0.05,"SameTimestamp",1000,"Daily","LogLik_dt",909.972693908957,NA,NA,NA,"DT",1,205
"Weekly",0.05,"SameTimestamp",1000,"Daily","AIC_dt",913.972693908957,NA,NA,NA,"DT",1,205
"Weekly",0.05,"SameTimestamp",1000,"Daily","BIC_dt",923.788204466922,NA,NA,NA,"DT",1,205
"Weekly",0.05,"SameTimestamp",1000,"Weekly","error_var_ct",2.43050975883007,2.57143499904682,-2.61551763360432,7.47653715126446,"CT",1,205
"Weekly",0.05,"SameTimestamp",1000,"Weekly","beta_ct",-5.10953201883639,5.40273879190107,-15.7115374936807,5.49247345600792,"CT",1,205
"Weekly",0.05,"SameTimestamp",1000,"Weekly","LogLik_ct",1401.6868644842,NA,NA,NA,"CT",1,205
"Weekly",0.05,"SameTimestamp",1000,"Weekly","AIC_ct",1405.6868644842,NA,NA,NA,"CT",1,205
"Weekly",0.05,"SameTimestamp",1000,"Weekly","BIC_ct",1415.50237504217,NA,NA,NA,"CT",1,205
"Weekly",0.05,"SameTimestamp",1000,"Weekly","error_var_dt",0.237832127166844,0.010636171714851,0.216960351740411,0.258703902593276,"DT",1,205
"Weekly",0.05,"SameTimestamp",1000,"Weekly","beta_dt",0.00603886604269756,0.0316139801217365,-0.0559984826506552,0.0680762147360504,"DT",1,205
"Weekly",0.05,"SameTimestamp",1000,"Weekly","LogLik_dt",1401.68686448417,NA,NA,NA,"DT",1,205
"Weekly",0.05,"SameTimestamp",1000,"Weekly","AIC_dt",1405.68686448417,NA,NA,NA,"DT",1,205
"Weekly",0.05,"SameTimestamp",1000,"Weekly","BIC_dt",1415.50237504213,NA,NA,NA,"DT",1,205
"Weekly",0.05,"SameTimestamp",1000,"Monthly","error_var_ct",1.84365160992198,0.661785809261187,0.545003453272427,3.14229976657154,"CT",1,205
"Weekly",0.05,"SameTimestamp",1000,"Monthly","beta_ct",-3.74410114174584,1.33905281768945,-6.37177681718856,-1.11642546630311,"CT",1,205
"Weekly",0.05,"SameTimestamp",1000,"Monthly","LogLik_ct",1435.73675024556,NA,NA,NA,"CT",1,205
"Weekly",0.05,"SameTimestamp",1000,"Monthly","AIC_ct",1439.73675024556,NA,NA,NA,"CT",1,205
"Weekly",0.05,"SameTimestamp",1000,"Monthly","BIC_ct",1449.55226080353,NA,NA,NA,"CT",1,205
"Weekly",0.05,"SameTimestamp",1000,"Monthly","error_var_dt",0.246069716512736,0.0110045821996124,0.22447499479427,0.267664438231202,"DT",1,205
"Weekly",0.05,"SameTimestamp",1000,"Monthly","beta_dt",0.0236568474104087,0.0316008770371923,-0.0383547885880636,0.085668483408881,"DT",1,205
"Weekly",0.05,"SameTimestamp",1000,"Monthly","LogLik_dt",1435.73675024556,NA,NA,NA,"DT",1,205
"Weekly",0.05,"SameTimestamp",1000,"Monthly","AIC_dt",1439.73675024556,NA,NA,NA,"DT",1,205
"Weekly",0.05,"SameTimestamp",1000,"Monthly","BIC_dt",1449.55226080353,NA,NA,NA,"DT",1,205
"Weekly",0.05,"SameTimestamp",1000,"Daily","error_var_ct",0.215459689288883,0.0116687387711246,0.192561667174351,0.238357711403415,"CT",1,206
"Weekly",0.05,"SameTimestamp",1000,"Daily","beta_ct",-0.402897630553844,0.035203115313009,-0.4719780794994,-0.333817181608287,"CT",1,206
"Weekly",0.05,"SameTimestamp",1000,"Daily","LogLik_ct",927.056046155013,NA,NA,NA,"CT",1,206
"Weekly",0.05,"SameTimestamp",1000,"Daily","AIC_ct",931.056046155013,NA,NA,NA,"CT",1,206
"Weekly",0.05,"SameTimestamp",1000,"Daily","BIC_ct",940.871556712978,NA,NA,NA,"CT",1,206
"Weekly",0.05,"SameTimestamp",1000,"Daily","error_var_dt",0.147936883841182,0.00661661197551157,0.134952847578972,0.160920920103393,"DT",1,206
"Weekly",0.05,"SameTimestamp",1000,"Daily","beta_dt",0.668380520127963,0.0235290743473779,0.622208498000433,0.714552542255493,"DT",1,206
"Weekly",0.05,"SameTimestamp",1000,"Daily","LogLik_dt",927.056046155012,NA,NA,NA,"DT",1,206
"Weekly",0.05,"SameTimestamp",1000,"Daily","AIC_dt",931.056046155012,NA,NA,NA,"DT",1,206
"Weekly",0.05,"SameTimestamp",1000,"Daily","BIC_dt",940.871556712977,NA,NA,NA,"DT",1,206
"Weekly",0.05,"SameTimestamp",1000,"Weekly","error_var_ct",8.85099065036916,93.6693341959187,-174.960004517271,192.66198581801,"CT",1,206
"Weekly",0.05,"SameTimestamp",1000,"Weekly","beta_ct",-18.2000547075669,192.613866883013,-396.173773201199,359.773663786065,"CT",1,206
"Weekly",0.05,"SameTimestamp",1000,"Weekly","LogLik_ct",1423.84308549132,NA,NA,NA,"CT",1,206
"Weekly",0.05,"SameTimestamp",1000,"Weekly","AIC_ct",1427.84308549132,NA,NA,NA,"CT",1,206
"Weekly",0.05,"SameTimestamp",1000,"Weekly","BIC_ct",1437.65859604929,NA,NA,NA,"CT",1,206
"Weekly",0.05,"SameTimestamp",1000,"Weekly","error_var_dt",0.242988105325404,0.0108667696125219,0.221663818632416,0.264312392018393,"DT",1,206
"Weekly",0.05,"SameTimestamp",1000,"Weekly","beta_dt",-0.026605339452945,0.0315966517466026,-0.0886086839985653,0.0353980050926753,"DT",1,206
"Weekly",0.05,"SameTimestamp",1000,"Weekly","LogLik_dt",1423.13429469732,NA,NA,NA,"DT",1,206
"Weekly",0.05,"SameTimestamp",1000,"Weekly","AIC_dt",1427.13429469732,NA,NA,NA,"DT",1,206
"Weekly",0.05,"SameTimestamp",1000,"Weekly","BIC_dt",1436.94980525528,NA,NA,NA,"DT",1,206
"Weekly",0.05,"SameTimestamp",1000,"Monthly","error_var_ct",10.0692518768131,86.2437869919766,-159.170301816011,179.308805569637,"CT",1,206
"Weekly",0.05,"SameTimestamp",1000,"Monthly","beta_ct",-21.6571911190857,185.498977980649,-385.669085063871,342.354702825699,"CT",1,206
"Weekly",0.05,"SameTimestamp",1000,"Monthly","LogLik_ct",1378.88336470633,NA,NA,NA,"CT",1,206
"Weekly",0.05,"SameTimestamp",1000,"Monthly","AIC_ct",1382.88336470633,NA,NA,NA,"CT",1,206
"Weekly",0.05,"SameTimestamp",1000,"Monthly","BIC_ct",1392.69887526429,NA,NA,NA,"CT",1,206
"Weekly",0.05,"SameTimestamp",1000,"Monthly","error_var_dt",0.232307011629236,0.0103890766267852,0.211920120550796,0.252693902707677,"DT",1,206
"Weekly",0.05,"SameTimestamp",1000,"Monthly","beta_dt",-0.0265099484057024,0.0316406622101665,-0.0885996564039394,0.0355797595925346,"DT",1,206
"Weekly",0.05,"SameTimestamp",1000,"Monthly","LogLik_dt",1378.18164266983,NA,NA,NA,"DT",1,206
"Weekly",0.05,"SameTimestamp",1000,"Monthly","AIC_dt",1382.18164266983,NA,NA,NA,"DT",1,206
"Weekly",0.05,"SameTimestamp",1000,"Monthly","BIC_dt",1391.9971532278,NA,NA,NA,"DT",1,206
"Weekly",0.05,"SameTimestamp",1000,"Daily","error_var_ct",0.201663384072936,0.0108103657172037,0.180449780948041,0.222876987197831,"CT",1,207
"Weekly",0.05,"SameTimestamp",1000,"Daily","beta_ct",-0.380843312105191,0.0337829030943563,-0.447136823111018,-0.314549801099364,"CT",1,207
"Weekly",0.05,"SameTimestamp",1000,"Daily","LogLik_ct",880.106422151094,NA,NA,NA,"CT",1,207
"Weekly",0.05,"SameTimestamp",1000,"Daily","AIC_ct",884.106422151094,NA,NA,NA,"CT",1,207
"Weekly",0.05,"SameTimestamp",1000,"Daily","BIC_ct",893.921932709058,NA,NA,NA,"CT",1,207
"Weekly",0.05,"SameTimestamp",1000,"Daily","error_var_dt",0.141148762331369,0.00631308126518537,0.128760356244262,0.153537168418475,"DT",1,207
"Weekly",0.05,"SameTimestamp",1000,"Daily","beta_dt",0.683284869403761,0.0230834139963091,0.637987383999909,0.728582354807614,"DT",1,207
"Weekly",0.05,"SameTimestamp",1000,"Daily","LogLik_dt",880.106422151106,NA,NA,NA,"DT",1,207
"Weekly",0.05,"SameTimestamp",1000,"Daily","AIC_dt",884.106422151106,NA,NA,NA,"DT",1,207
"Weekly",0.05,"SameTimestamp",1000,"Daily","BIC_dt",893.92193270907,NA,NA,NA,"DT",1,207
"Weekly",0.05,"SameTimestamp",1000,"Weekly","error_var_ct",2.35548456339717,1.61462474026698,-0.812956665297906,5.52392579209224,"CT",1,207
"Weekly",0.05,"SameTimestamp",1000,"Weekly","beta_ct",-4.62688862616429,3.16781650831609,-10.84321876132,1.58944150899143,"CT",1,207
"Weekly",0.05,"SameTimestamp",1000,"Weekly","LogLik_ct",1469.49595561431,NA,NA,NA,"CT",1,207
"Weekly",0.05,"SameTimestamp",1000,"Weekly","AIC_ct",1473.49595561431,NA,NA,NA,"CT",1,207
"Weekly",0.05,"SameTimestamp",1000,"Weekly","BIC_ct",1483.31146617227,NA,NA,NA,"CT",1,207
"Weekly",0.05,"SameTimestamp",1000,"Weekly","error_var_dt",0.254518667498431,0.0113824150108958,0.232182509688365,0.276854825308497,"DT",1,207
"Weekly",0.05,"SameTimestamp",1000,"Weekly","beta_dt",0.00978513779048087,0.0316152445647945,-0.0522546921689,0.0718249677498617,"DT",1,207
"Weekly",0.05,"SameTimestamp",1000,"Weekly","LogLik_dt",1469.49595561431,NA,NA,NA,"DT",1,207
"Weekly",0.05,"SameTimestamp",1000,"Weekly","AIC_dt",1473.49595561431,NA,NA,NA,"DT",1,207
"Weekly",0.05,"SameTimestamp",1000,"Weekly","BIC_dt",1483.31146617227,NA,NA,NA,"DT",1,207
"Weekly",0.05,"SameTimestamp",1000,"Monthly","error_var_ct",9.92702099895808,65.1004052556728,-117.822048411885,137.676090409802,"CT",1,207
"Weekly",0.05,"SameTimestamp",1000,"Monthly","beta_ct",-19.0663545080103,125.037308680064,-264.431951892256,226.299242876235,"CT",1,207
"Weekly",0.05,"SameTimestamp",1000,"Monthly","LogLik_ct",1492.06598265634,NA,NA,NA,"CT",1,207
"Weekly",0.05,"SameTimestamp",1000,"Monthly","AIC_ct",1496.06598265634,NA,NA,NA,"CT",1,207
"Weekly",0.05,"SameTimestamp",1000,"Monthly","BIC_ct",1505.8814932143,NA,NA,NA,"CT",1,207
"Weekly",0.05,"SameTimestamp",1000,"Monthly","error_var_dt",0.260298405695292,0.0116408978805504,0.237455016848379,0.283141794542206,"DT",1,207
"Weekly",0.05,"SameTimestamp",1000,"Monthly","beta_dt",-0.0107425758714617,0.0316082488177313,-0.0727686778029809,0.0512835260600575,"DT",1,207
"Weekly",0.05,"SameTimestamp",1000,"Monthly","LogLik_dt",1491.9504784431,NA,NA,NA,"DT",1,207
"Weekly",0.05,"SameTimestamp",1000,"Monthly","AIC_dt",1495.9504784431,NA,NA,NA,"DT",1,207
"Weekly",0.05,"SameTimestamp",1000,"Monthly","BIC_dt",1505.76598900106,NA,NA,NA,"DT",1,207
"Weekly",0.05,"SameTimestamp",1000,"Daily","error_var_ct",0.205867330915779,0.0111479361244394,0.183991300188235,0.227743361643323,"CT",1,208
"Weekly",0.05,"SameTimestamp",1000,"Daily","beta_ct",-0.402625564251572,0.0351854444903681,-0.47167133705127,-0.333579791451875,"CT",1,208
"Weekly",0.05,"SameTimestamp",1000,"Daily","LogLik_ct",881.752428865327,NA,NA,NA,"CT",1,208
"Weekly",0.05,"SameTimestamp",1000,"Daily","AIC_ct",885.752428865327,NA,NA,NA,"CT",1,208
"Weekly",0.05,"SameTimestamp",1000,"Daily","BIC_ct",895.567939423291,NA,NA,NA,"CT",1,208
"Weekly",0.05,"SameTimestamp",1000,"Daily","error_var_dt",0.141384002334463,0.0063235383301258,0.128975075940154,0.153792928728773,"DT",1,208
"Weekly",0.05,"SameTimestamp",1000,"Daily","beta_dt",0.668562355261526,0.0235236223294435,0.622401031841858,0.714723678681194,"DT",1,208
"Weekly",0.05,"SameTimestamp",1000,"Daily","LogLik_dt",881.752428865314,NA,NA,NA,"DT",1,208
"Weekly",0.05,"SameTimestamp",1000,"Daily","AIC_dt",885.752428865314,NA,NA,NA,"DT",1,208
"Weekly",0.05,"SameTimestamp",1000,"Daily","BIC_dt",895.567939423278,NA,NA,NA,"DT",1,208
"Weekly",0.05,"SameTimestamp",1000,"Weekly","error_var_ct",1.05670374905809,0.14486753424184,0.772424525072369,1.34098297304381,"CT",1,208
"Weekly",0.05,"SameTimestamp",1000,"Weekly","beta_ct",-2.29587524664085,0.31223754183593,-2.90859117748666,-1.68315931579503,"CT",1,208
"Weekly",0.05,"SameTimestamp",1000,"Weekly","LogLik_ct",1358.58362091187,NA,NA,NA,"CT",1,208
"Weekly",0.05,"SameTimestamp",1000,"Weekly","AIC_ct",1362.58362091187,NA,NA,NA,"CT",1,208
"Weekly",0.05,"SameTimestamp",1000,"Weekly","BIC_ct",1372.39913146984,NA,NA,NA,"CT",1,208
"Weekly",0.05,"SameTimestamp",1000,"Weekly","error_var_dt",0.22779850265507,0.0101874662811853,0.207807239436899,0.247789765873241,"DT",1,208
"Weekly",0.05,"SameTimestamp",1000,"Weekly","beta_dt",0.100673226493153,0.0314547127599431,0.0389484143681471,0.162398038618158,"DT",1,208
"Weekly",0.05,"SameTimestamp",1000,"Weekly","LogLik_dt",1358.58362091188,NA,NA,NA,"DT",1,208
"Weekly",0.05,"SameTimestamp",1000,"Weekly","AIC_dt",1362.58362091188,NA,NA,NA,"DT",1,208
"Weekly",0.05,"SameTimestamp",1000,"Weekly","BIC_dt",1372.39913146984,NA,NA,NA,"DT",1,208
"Weekly",0.05,"SameTimestamp",1000,"Monthly","error_var_ct",14.4708552373996,175.126578433616,-329.186873714296,358.128584189095,"CT",1,208
"Weekly",0.05,"SameTimestamp",1000,"Monthly","beta_ct",-29.4960555479829,356.969038819504,-729.990351068534,670.998239972568,"CT",1,208
"Weekly",0.05,"SameTimestamp",1000,"Monthly","LogLik_ct",1432.60997856601,NA,NA,NA,"CT",1,208
"Weekly",0.05,"SameTimestamp",1000,"Monthly","AIC_ct",1436.60997856601,NA,NA,NA,"CT",1,208
"Weekly",0.05,"SameTimestamp",1000,"Monthly","BIC_ct",1446.42548912397,NA,NA,NA,"CT",1,208
"Weekly",0.05,"SameTimestamp",1000,"Monthly","error_var_dt",0.244872756728631,0.0109510472669753,0.223383088700668,0.266362424756594,"DT",1,208
"Weekly",0.05,"SameTimestamp",1000,"Monthly","beta_dt",-0.0418602441512873,0.0316340509759707,-0.103936978666289,0.0202164903637147,"DT",1,208
"Weekly",0.05,"SameTimestamp",1000,"Monthly","LogLik_dt",1430.8604525237,NA,NA,NA,"DT",1,208
"Weekly",0.05,"SameTimestamp",1000,"Monthly","AIC_dt",1434.8604525237,NA,NA,NA,"DT",1,208
"Weekly",0.05,"SameTimestamp",1000,"Monthly","BIC_dt",1444.67596308167,NA,NA,NA,"DT",1,208
"Weekly",0.05,"SameTimestamp",1000,"Daily","error_var_ct",0.204888941605195,0.011083953230887,0.183138467010173,0.226639416200217,"CT",1,209
"Weekly",0.05,"SameTimestamp",1000,"Daily","beta_ct",-0.400653839933951,0.0350491738803563,-0.469432203590054,-0.331875476277847,"CT",1,209
"Weekly",0.05,"SameTimestamp",1000,"Daily","LogLik_ct",878.714038671212,NA,NA,NA,"CT",1,209
"Weekly",0.05,"SameTimestamp",1000,"Daily","AIC_ct",882.714038671212,NA,NA,NA,"CT",1,209
"Weekly",0.05,"SameTimestamp",1000,"Daily","BIC_ct",892.529549229176,NA,NA,NA,"CT",1,209
"Weekly",0.05,"SameTimestamp",1000,"Daily","error_var_dt",0.140952991510892,0.00630431120868823,0.128581795248391,0.153324187773393,"DT",1,209
"Weekly",0.05,"SameTimestamp",1000,"Daily","beta_dt",0.669881907169797,0.0234788945777923,0.623808354765192,0.715955459574402,"DT",1,209
"Weekly",0.05,"SameTimestamp",1000,"Daily","LogLik_dt",878.714038671211,NA,NA,NA,"DT",1,209
"Weekly",0.05,"SameTimestamp",1000,"Daily","AIC_dt",882.714038671211,NA,NA,NA,"DT",1,209
"Weekly",0.05,"SameTimestamp",1000,"Daily","BIC_dt",892.529549229176,NA,NA,NA,"DT",1,209
"Weekly",0.05,"SameTimestamp",1000,"Weekly","error_var_ct",1.63704306494898,0.365860106637991,0.919101479577931,2.35498465032003,"CT",1,209
"Weekly",0.05,"SameTimestamp",1000,"Weekly","beta_ct",-3.07319989186647,0.681951202523279,-4.41141938779447,-1.73498039593848,"CT",1,209
"Weekly",0.05,"SameTimestamp",1000,"Weekly","LogLik_ct",1512.75875148078,NA,NA,NA,"CT",1,209
"Weekly",0.05,"SameTimestamp",1000,"Weekly","AIC_ct",1516.75875148078,NA,NA,NA,"CT",1,209
"Weekly",0.05,"SameTimestamp",1000,"Weekly","BIC_ct",1526.57426203875,NA,NA,NA,"CT",1,209
"Weekly",0.05,"SameTimestamp",1000,"Weekly","error_var_dt",0.265771473208493,0.0118856572035193,0.242447783576721,0.289095162840265,"DT",1,209
"Weekly",0.05,"SameTimestamp",1000,"Weekly","beta_dt",0.0462727966720884,0.031581658830638,-0.0157011266885989,0.108246720032776,"DT",1,209
"Weekly",0.05,"SameTimestamp",1000,"Weekly","LogLik_dt",1512.75875148078,NA,NA,NA,"DT",1,209
"Weekly",0.05,"SameTimestamp",1000,"Weekly","AIC_dt",1516.75875148078,NA,NA,NA,"DT",1,209
"Weekly",0.05,"SameTimestamp",1000,"Weekly","BIC_dt",1526.57426203875,NA,NA,NA,"DT",1,209
"Weekly",0.05,"SameTimestamp",1000,"Monthly","error_var_ct",3.18830313764453,7.04304210580452,-10.6325336344816,17.0091399097707,"CT",1,209
"Weekly",0.05,"SameTimestamp",1000,"Monthly","beta_ct",-6.02558829517335,13.3087614627888,-32.1418910310003,20.0907144406536,"CT",1,209
"Weekly",0.05,"SameTimestamp",1000,"Monthly","LogLik_ct",1508.19777232071,NA,NA,NA,"CT",1,209
"Weekly",0.05,"SameTimestamp",1000,"Monthly","AIC_ct",1512.19777232071,NA,NA,NA,"CT",1,209
"Weekly",0.05,"SameTimestamp",1000,"Monthly","BIC_ct",1522.01328287868,NA,NA,NA,"CT",1,209
"Weekly",0.05,"SameTimestamp",1000,"Monthly","error_var_dt",0.264562094501689,0.011831577990439,0.241344526623205,0.287779662380173,"DT",1,209
"Weekly",0.05,"SameTimestamp",1000,"Monthly","beta_dt",0.00241611974914984,0.0316092464503542,-0.0596119398758536,0.0644441793741532,"DT",1,209
"Weekly",0.05,"SameTimestamp",1000,"Monthly","LogLik_dt",1508.19777232071,NA,NA,NA,"DT",1,209
"Weekly",0.05,"SameTimestamp",1000,"Monthly","AIC_dt",1512.19777232071,NA,NA,NA,"DT",1,209
"Weekly",0.05,"SameTimestamp",1000,"Monthly","BIC_dt",1522.01328287868,NA,NA,NA,"DT",1,209
"Weekly",0.05,"SameTimestamp",1000,"Daily","error_var_ct",0.200014343841784,0.0109880765886792,0.178452011728705,0.221576675954863,"CT",1,210
"Weekly",0.05,"SameTimestamp",1000,"Daily","beta_ct",-0.433380755878684,0.0371918084495508,-0.506363695085848,-0.360397816671521,"CT",1,210
"Weekly",0.05,"SameTimestamp",1000,"Daily","LogLik_ct",826.393269612504,NA,NA,NA,"CT",1,210
"Weekly",0.05,"SameTimestamp",1000,"Daily","AIC_ct",830.393269612504,NA,NA,NA,"CT",1,210
"Weekly",0.05,"SameTimestamp",1000,"Daily","BIC_ct",840.208780170468,NA,NA,NA,"CT",1,210
"Weekly",0.05,"SameTimestamp",1000,"Daily","error_var_dt",0.133769466805139,0.00598297758932771,0.122028836061892,0.145510097548385,"DT",1,210
"Weekly",0.05,"SameTimestamp",1000,"Daily","beta_dt",0.648313603932048,0.0241118049318052,0.600998066805104,0.695629141058992,"DT",1,210
"Weekly",0.05,"SameTimestamp",1000,"Daily","LogLik_dt",826.393269612512,NA,NA,NA,"DT",1,210
"Weekly",0.05,"SameTimestamp",1000,"Daily","AIC_dt",830.393269612512,NA,NA,NA,"DT",1,210
"Weekly",0.05,"SameTimestamp",1000,"Daily","BIC_dt",840.208780170476,NA,NA,NA,"DT",1,210
"Weekly",0.05,"SameTimestamp",1000,"Weekly","error_var_ct",1.45135829108897,0.320700885813852,0.822034409600801,2.08068217257714,"CT",1,210
"Weekly",0.05,"SameTimestamp",1000,"Weekly","beta_ct",-3.05642950346904,0.670520516803009,-4.37221811808751,-1.74064088885058,"CT",1,210
"Weekly",0.05,"SameTimestamp",1000,"Weekly","LogLik_ct",1397.76529563198,NA,NA,NA,"CT",1,210
"Weekly",0.05,"SameTimestamp",1000,"Weekly","AIC_ct",1401.76529563198,NA,NA,NA,"CT",1,210
"Weekly",0.05,"SameTimestamp",1000,"Weekly","BIC_ct",1411.58080618995,NA,NA,NA,"CT",1,210
"Weekly",0.05,"SameTimestamp",1000,"Weekly","error_var_dt",0.23690126092622,0.0105945454996048,0.216111170248752,0.257691351603688,"DT",1,210
"Weekly",0.05,"SameTimestamp",1000,"Weekly","beta_dt",0.0470554223212318,0.0315997648569134,-0.0149540312024142,0.109064875844878,"DT",1,210
"Weekly",0.05,"SameTimestamp",1000,"Weekly","LogLik_dt",1397.76529563187,NA,NA,NA,"DT",1,210
"Weekly",0.05,"SameTimestamp",1000,"Weekly","AIC_dt",1401.76529563187,NA,NA,NA,"DT",1,210
"Weekly",0.05,"SameTimestamp",1000,"Weekly","BIC_dt",1411.58080618984,NA,NA,NA,"DT",1,210
"Weekly",0.05,"SameTimestamp",1000,"Monthly","error_var_ct",1.5154662470401,0.327937588868354,0.871941500331745,2.15899099374845,"CT",1,210
"Weekly",0.05,"SameTimestamp",1000,"Monthly","beta_ct",-3.02350868006976,0.649454479668582,-4.29795858674119,-1.74905877339832,"CT",1,210
"Weekly",0.05,"SameTimestamp",1000,"Monthly","LogLik_ct",1451.66742516845,NA,NA,NA,"CT",1,210
"Weekly",0.05,"SameTimestamp",1000,"Monthly","AIC_ct",1455.66742516845,NA,NA,NA,"CT",1,210
"Weekly",0.05,"SameTimestamp",1000,"Monthly","BIC_ct",1465.48293572642,NA,NA,NA,"CT",1,210
"Weekly",0.05,"SameTimestamp",1000,"Monthly","error_var_dt",0.250021162822223,0.0111812860831449,0.228079688167367,0.271962637477079,"DT",1,210
"Weekly",0.05,"SameTimestamp",1000,"Monthly","beta_dt",0.0486302792492501,0.0315720582029494,-0.0133248044245235,0.110585362923024,"DT",1,210
"Weekly",0.05,"SameTimestamp",1000,"Monthly","LogLik_dt",1451.66742516845,NA,NA,NA,"DT",1,210
"Weekly",0.05,"SameTimestamp",1000,"Monthly","AIC_dt",1455.66742516845,NA,NA,NA,"DT",1,210
"Weekly",0.05,"SameTimestamp",1000,"Monthly","BIC_dt",1465.48293572642,NA,NA,NA,"DT",1,210
"Weekly",0.05,"SameTimestamp",1000,"Daily","error_var_ct",0.204536164081871,0.0111277461133114,0.182699753002205,0.226372575161536,"CT",1,211
"Weekly",0.05,"SameTimestamp",1000,"Daily","beta_ct",-0.413063587738511,0.0358385391476616,-0.483390953707695,-0.342736221769328,"CT",1,211
"Weekly",0.05,"SameTimestamp",1000,"Daily","LogLik_ct",866.27751101936,NA,NA,NA,"CT",1,211
"Weekly",0.05,"SameTimestamp",1000,"Daily","AIC_ct",870.27751101936,NA,NA,NA,"CT",1,211
"Weekly",0.05,"SameTimestamp",1000,"Daily","BIC_ct",880.093021577325,NA,NA,NA,"CT",1,211
"Weekly",0.05,"SameTimestamp",1000,"Daily","error_var_dt",0.139206459709203,0.00622630633280075,0.126988335463151,0.151424583955255,"DT",1,211
"Weekly",0.05,"SameTimestamp",1000,"Daily","beta_dt",0.661620209433253,0.0237115254630185,0.615090156351161,0.708150262515345,"DT",1,211
"Weekly",0.05,"SameTimestamp",1000,"Daily","LogLik_dt",866.27751101936,NA,NA,NA,"DT",1,211
"Weekly",0.05,"SameTimestamp",1000,"Daily","AIC_dt",870.27751101936,NA,NA,NA,"DT",1,211
"Weekly",0.05,"SameTimestamp",1000,"Daily","BIC_dt",880.093021577325,NA,NA,NA,"DT",1,211
"Weekly",0.05,"SameTimestamp",1000,"Weekly","error_var_ct",1.2089916525165,0.191695211913742,0.832820646570859,1.58516265846213,"CT",1,211
"Weekly",0.05,"SameTimestamp",1000,"Weekly","beta_ct",-2.53852315873887,0.398888414536604,-3.32127748347293,-1.7557688340048,"CT",1,211
"Weekly",0.05,"SameTimestamp",1000,"Weekly","LogLik_ct",1396.67706801048,NA,NA,NA,"CT",1,211
"Weekly",0.05,"SameTimestamp",1000,"Weekly","AIC_ct",1400.67706801048,NA,NA,NA,"CT",1,211
"Weekly",0.05,"SameTimestamp",1000,"Weekly","BIC_ct",1410.49257856845,NA,NA,NA,"CT",1,211
"Weekly",0.05,"SameTimestamp",1000,"Weekly","error_var_dt",0.236643414675081,0.0105830106949049,0.215875959195666,0.257410870154497,"DT",1,211
"Weekly",0.05,"SameTimestamp",1000,"Weekly","beta_dt",0.0789831057010924,0.0315150466509362,0.0171398980238929,0.140826313378292,"DT",1,211
"Weekly",0.05,"SameTimestamp",1000,"Weekly","LogLik_dt",1396.67706801048,NA,NA,NA,"DT",1,211
"Weekly",0.05,"SameTimestamp",1000,"Weekly","AIC_dt",1400.67706801048,NA,NA,NA,"DT",1,211
"Weekly",0.05,"SameTimestamp",1000,"Weekly","BIC_dt",1410.49257856844,NA,NA,NA,"DT",1,211
"Weekly",0.05,"SameTimestamp",1000,"Monthly","error_var_ct",11.4753601458451,35.8970356639376,-58.966795823319,81.9175161150091,"CT",1,211
"Weekly",0.05,"SameTimestamp",1000,"Monthly","beta_ct",-21.6768510456604,67.8103126491626,-154.743677640169,111.389975548849,"CT",1,211
"Weekly",0.05,"SameTimestamp",1000,"Monthly","LogLik_ct",1508.69138409565,NA,NA,NA,"CT",1,211
"Weekly",0.05,"SameTimestamp",1000,"Monthly","AIC_ct",1512.69138409565,NA,NA,NA,"CT",1,211
"Weekly",0.05,"SameTimestamp",1000,"Monthly","BIC_ct",1522.50689465361,NA,NA,NA,"CT",1,211
"Weekly",0.05,"SameTimestamp",1000,"Monthly","error_var_dt",0.264593004514771,0.0118329575151209,0.241372729541091,0.287813279488452,"DT",1,211
"Weekly",0.05,"SameTimestamp",1000,"Monthly","beta_dt",-0.0194331772801127,0.0316581330598091,-0.0815571690093787,0.0426908144491533,"DT",1,211
"Weekly",0.05,"SameTimestamp",1000,"Monthly","LogLik_dt",1508.31464571475,NA,NA,NA,"DT",1,211
"Weekly",0.05,"SameTimestamp",1000,"Monthly","AIC_dt",1512.31464571475,NA,NA,NA,"DT",1,211
"Weekly",0.05,"SameTimestamp",1000,"Monthly","BIC_dt",1522.13015627271,NA,NA,NA,"DT",1,211
"Weekly",0.05,"SameTimestamp",1000,"Daily","error_var_ct",0.208404614061159,0.011401105193632,0.186031779775082,0.230777448347236,"CT",1,212
"Weekly",0.05,"SameTimestamp",1000,"Daily","beta_ct",-0.425455324239815,0.0366206938531621,-0.497317542954854,-0.353593105524776,"CT",1,212
"Weekly",0.05,"SameTimestamp",1000,"Daily","LogLik_ct",874.280496873868,NA,NA,NA,"CT",1,212
"Weekly",0.05,"SameTimestamp",1000,"Daily","AIC_ct",878.280496873868,NA,NA,NA,"CT",1,212
"Weekly",0.05,"SameTimestamp",1000,"Daily","BIC_ct",888.096007431832,NA,NA,NA,"CT",1,212
"Weekly",0.05,"SameTimestamp",1000,"Daily","error_var_dt",0.140332538256594,0.00627648353112682,0.1280159493333,0.152649127179887,"DT",1,212
"Weekly",0.05,"SameTimestamp",1000,"Daily","beta_dt",0.653472167581072,0.0239305806509061,0.606512253942931,0.700432081219213,"DT",1,212
"Weekly",0.05,"SameTimestamp",1000,"Daily","LogLik_dt",874.280496873867,NA,NA,NA,"DT",1,212
"Weekly",0.05,"SameTimestamp",1000,"Daily","AIC_dt",878.280496873867,NA,NA,NA,"DT",1,212
"Weekly",0.05,"SameTimestamp",1000,"Daily","BIC_dt",888.096007431832,NA,NA,NA,"DT",1,212
"Weekly",0.05,"SameTimestamp",1000,"Weekly","error_var_ct",1.83405410331296,0.763515104795981,0.335778574370533,3.33232963225538,"CT",1,212
"Weekly",0.05,"SameTimestamp",1000,"Weekly","beta_ct",-3.93797547147053,1.63466251479876,-7.14573760822211,-0.730213334718954,"CT",1,212
"Weekly",0.05,"SameTimestamp",1000,"Weekly","LogLik_ct",1380.2121899957,NA,NA,NA,"CT",1,212
"Weekly",0.05,"SameTimestamp",1000,"Weekly","AIC_ct",1384.2121899957,NA,NA,NA,"CT",1,212
"Weekly",0.05,"SameTimestamp",1000,"Weekly","BIC_ct",1394.02770055367,NA,NA,NA,"CT",1,212
"Weekly",0.05,"SameTimestamp",1000,"Weekly","error_var_dt",0.232779207028499,0.0104101911015066,0.212350882191142,0.253207531865857,"DT",1,212
"Weekly",0.05,"SameTimestamp",1000,"Weekly","beta_dt",0.019487608568458,0.0316388852344516,-0.0425986124008878,0.0815738295378039,"DT",1,212
"Weekly",0.05,"SameTimestamp",1000,"Weekly","LogLik_dt",1380.2121899957,NA,NA,NA,"DT",1,212
"Weekly",0.05,"SameTimestamp",1000,"Weekly","AIC_dt",1384.2121899957,NA,NA,NA,"DT",1,212
"Weekly",0.05,"SameTimestamp",1000,"Weekly","BIC_dt",1394.02770055366,NA,NA,NA,"DT",1,212
"Weekly",0.05,"SameTimestamp",1000,"Monthly","error_var_ct",9.01210635635723,312.690393351169,-604.592472715623,622.616685428337,"CT",1,212
"Weekly",0.05,"SameTimestamp",1000,"Monthly","beta_ct",-18.8480289232586,653.959229885147,-1302.13778299402,1264.44172514751,"CT",1,212
"Weekly",0.05,"SameTimestamp",1000,"Monthly","LogLik_ct",1406.89753833618,NA,NA,NA,"CT",1,212
"Weekly",0.05,"SameTimestamp",1000,"Monthly","AIC_ct",1410.89753833618,NA,NA,NA,"CT",1,212
"Weekly",0.05,"SameTimestamp",1000,"Monthly","BIC_ct",1420.71304889414,NA,NA,NA,"CT",1,212
"Weekly",0.05,"SameTimestamp",1000,"Monthly","error_var_dt",0.238925347537556,0.0106850797855985,0.217957597892527,0.259893097182584,"DT",1,212
"Weekly",0.05,"SameTimestamp",1000,"Monthly","beta_dt",-0.0249758358024536,0.0315982643222437,-0.0869823447682752,0.0370306731633679,"DT",1,212
"Weekly",0.05,"SameTimestamp",1000,"Monthly","LogLik_dt",1406.27295323977,NA,NA,NA,"DT",1,212
"Weekly",0.05,"SameTimestamp",1000,"Monthly","AIC_dt",1410.27295323977,NA,NA,NA,"DT",1,212
"Weekly",0.05,"SameTimestamp",1000,"Monthly","BIC_dt",1420.08846379773,NA,NA,NA,"DT",1,212
"Weekly",0.05,"SameTimestamp",1000,"Daily","error_var_ct",0.226967553661089,0.0129577997115866,0.201539956885522,0.252395150436657,"CT",1,213
"Weekly",0.05,"SameTimestamp",1000,"Daily","beta_ct",-0.518308459934934,0.042721969501297,-0.602143450297203,-0.434473469572665,"CT",1,213
"Weekly",0.05,"SameTimestamp",1000,"Daily","LogLik_ct",881.12312926229,NA,NA,NA,"CT",1,213
"Weekly",0.05,"SameTimestamp",1000,"Daily","AIC_ct",885.12312926229,NA,NA,NA,"CT",1,213
"Weekly",0.05,"SameTimestamp",1000,"Daily","BIC_ct",894.938639820254,NA,NA,NA,"CT",1,213
"Weekly",0.05,"SameTimestamp",1000,"Daily","error_var_dt",0.141299012251499,0.00631963549652613,0.128897744540088,0.15370027996291,"DT",1,213
"Weekly",0.05,"SameTimestamp",1000,"Daily","beta_dt",0.595527067996083,0.0254421580316028,0.545600926990107,0.645453209002058,"DT",1,213
"Weekly",0.05,"SameTimestamp",1000,"Daily","LogLik_dt",881.123129262288,NA,NA,NA,"DT",1,213
"Weekly",0.05,"SameTimestamp",1000,"Daily","AIC_dt",885.123129262288,NA,NA,NA,"DT",1,213
"Weekly",0.05,"SameTimestamp",1000,"Daily","BIC_dt",894.938639820253,NA,NA,NA,"DT",1,213
"Weekly",0.05,"SameTimestamp",1000,"Weekly","error_var_ct",1.20005467114146,0.199985745152793,0.807614827819948,1.59249451446298,"CT",1,213
"Weekly",0.05,"SameTimestamp",1000,"Weekly","beta_ct",-2.61906211601916,0.432549059191618,-3.46787003924557,-1.77025419279276,"CT",1,213
"Weekly",0.05,"SameTimestamp",1000,"Weekly","LogLik_ct",1358.95669772051,NA,NA,NA,"CT",1,213
"Weekly",0.05,"SameTimestamp",1000,"Weekly","AIC_ct",1362.95669772051,NA,NA,NA,"CT",1,213
"Weekly",0.05,"SameTimestamp",1000,"Weekly","BIC_ct",1372.77220827848,NA,NA,NA,"CT",1,213
"Weekly",0.05,"SameTimestamp",1000,"Weekly","error_var_dt",0.227883503365297,0.0101912741232145,0.207884767869899,0.247882238860696,"DT",1,213
"Weekly",0.05,"SameTimestamp",1000,"Weekly","beta_dt",0.0728711568052823,0.0315348091030174,0.0109891684960309,0.134753145114534,"DT",1,213
"Weekly",0.05,"SameTimestamp",1000,"Weekly","LogLik_dt",1358.95669772052,NA,NA,NA,"DT",1,213
"Weekly",0.05,"SameTimestamp",1000,"Weekly","AIC_dt",1362.95669772052,NA,NA,NA,"DT",1,213
"Weekly",0.05,"SameTimestamp",1000,"Weekly","BIC_dt",1372.77220827848,NA,NA,NA,"DT",1,213
"Weekly",0.05,"SameTimestamp",1000,"Monthly","error_var_ct",8.89274610302937,48.9502659373569,-87.1642737626917,104.94976596875,"CT",1,213
"Weekly",0.05,"SameTimestamp",1000,"Monthly","beta_ct",-17.3052886878227,95.2581528490568,-204.234084790862,169.623507415217,"CT",1,213
"Weekly",0.05,"SameTimestamp",1000,"Monthly","LogLik_ct",1478.95708297759,NA,NA,NA,"CT",1,213
"Weekly",0.05,"SameTimestamp",1000,"Monthly","AIC_ct",1482.95708297759,NA,NA,NA,"CT",1,213
"Weekly",0.05,"SameTimestamp",1000,"Monthly","BIC_ct",1492.77259353555,NA,NA,NA,"CT",1,213
"Weekly",0.05,"SameTimestamp",1000,"Monthly","error_var_dt",0.25681659147517,0.0114851907609879,0.234278752794138,0.279354430156203,"DT",1,213
"Weekly",0.05,"SameTimestamp",1000,"Monthly","beta_dt",-0.0217382742222376,0.0316008035662537,-0.0837497660458159,0.0402732176013406,"DT",1,213
"Weekly",0.05,"SameTimestamp",1000,"Monthly","LogLik_dt",1478.48398250105,NA,NA,NA,"DT",1,213
"Weekly",0.05,"SameTimestamp",1000,"Monthly","AIC_dt",1482.48398250105,NA,NA,NA,"DT",1,213
"Weekly",0.05,"SameTimestamp",1000,"Monthly","BIC_dt",1492.29949305901,NA,NA,NA,"DT",1,213
"Weekly",0.05,"SameTimestamp",1000,"Daily","error_var_ct",0.206580936724195,0.01123413692309,0.18453575080066,0.228626122647729,"CT",1,214
"Weekly",0.05,"SameTimestamp",1000,"Daily","beta_ct",-0.412184736085023,0.0357819362989,-0.482401028071995,-0.34196844409805,"CT",1,214
"Weekly",0.05,"SameTimestamp",1000,"Daily","LogLik_ct",876.929728579836,NA,NA,NA,"CT",1,214
"Weekly",0.05,"SameTimestamp",1000,"Daily","AIC_ct",880.929728579836,NA,NA,NA,"CT",1,214
"Weekly",0.05,"SameTimestamp",1000,"Daily","BIC_ct",890.745239137801,NA,NA,NA,"CT",1,214
"Weekly",0.05,"SameTimestamp",1000,"Daily","error_var_dt",0.140704925997782,0.00629313715836545,0.12835565701092,0.153054194984643,"DT",1,214
"Weekly",0.05,"SameTimestamp",1000,"Daily","beta_dt",0.662201927470163,0.0236949196171256,0.615704460688437,0.708699394251889,"DT",1,214
"Weekly",0.05,"SameTimestamp",1000,"Daily","LogLik_dt",876.929728579839,NA,NA,NA,"DT",1,214
"Weekly",0.05,"SameTimestamp",1000,"Daily","AIC_dt",880.929728579839,NA,NA,NA,"DT",1,214
"Weekly",0.05,"SameTimestamp",1000,"Daily","BIC_dt",890.745239137803,NA,NA,NA,"DT",1,214
"Weekly",0.05,"SameTimestamp",1000,"Weekly","error_var_ct",2.0747531945127,0.795421317234612,0.513866857980798,3.6356395310446,"CT",1,214
"Weekly",0.05,"SameTimestamp",1000,"Weekly","beta_ct",-3.83029312957371,1.46363953070253,-6.70245018091372,-0.958136078233707,"CT",1,214
"Weekly",0.05,"SameTimestamp",1000,"Weekly","LogLik_ct",1531.15918177511,NA,NA,NA,"CT",1,214
"Weekly",0.05,"SameTimestamp",1000,"Weekly","AIC_ct",1535.15918177511,NA,NA,NA,"CT",1,214
"Weekly",0.05,"SameTimestamp",1000,"Weekly","BIC_ct",1544.97469233307,NA,NA,NA,"CT",1,214
"Weekly",0.05,"SameTimestamp",1000,"Weekly","error_var_dt",0.270707090621592,0.0121063993142347,0.246950230119179,0.294463951124005,"DT",1,214
"Weekly",0.05,"SameTimestamp",1000,"Weekly","beta_dt",0.0217032546365431,0.03162255283411,-0.0403509166253289,0.0837574258984151,"DT",1,214
"Weekly",0.05,"SameTimestamp",1000,"Weekly","LogLik_dt",1531.15918177501,NA,NA,NA,"DT",1,214
"Weekly",0.05,"SameTimestamp",1000,"Weekly","AIC_dt",1535.15918177501,NA,NA,NA,"DT",1,214
"Weekly",0.05,"SameTimestamp",1000,"Weekly","BIC_dt",1544.97469233298,NA,NA,NA,"DT",1,214
"Weekly",0.05,"SameTimestamp",1000,"Monthly","error_var_ct",2.52014579837698,1.75258962760546,-0.919029320524202,5.95932091727817,"CT",1,214
"Weekly",0.05,"SameTimestamp",1000,"Monthly","beta_ct",-4.59756423599005,3.19345384750356,-10.8642035237617,1.66907505178165,"CT",1,214
"Weekly",0.05,"SameTimestamp",1000,"Monthly","LogLik_ct",1543.41871657502,NA,NA,NA,"CT",1,214
"Weekly",0.05,"SameTimestamp",1000,"Monthly","AIC_ct",1547.41871657502,NA,NA,NA,"CT",1,214
"Weekly",0.05,"SameTimestamp",1000,"Monthly","BIC_ct",1557.23422713298,NA,NA,NA,"CT",1,214
"Weekly",0.05,"SameTimestamp",1000,"Monthly","error_var_dt",0.27404626132968,0.0122557537192638,0.249996316841385,0.298096205817975,"DT",1,214
"Weekly",0.05,"SameTimestamp",1000,"Monthly","beta_dt",0.0100763890505247,0.0316389373500761,-0.0520099341873479,0.0721627122883973,"DT",1,214
"Weekly",0.05,"SameTimestamp",1000,"Monthly","LogLik_dt",1543.41871657498,NA,NA,NA,"DT",1,214
"Weekly",0.05,"SameTimestamp",1000,"Monthly","AIC_dt",1547.41871657498,NA,NA,NA,"DT",1,214
"Weekly",0.05,"SameTimestamp",1000,"Monthly","BIC_dt",1557.23422713294,NA,NA,NA,"DT",1,214
"Weekly",0.05,"SameTimestamp",1000,"Daily","error_var_ct",0.212508876442472,0.0118275862514123,0.189299141709481,0.235718611175464,"CT",1,215
"Weekly",0.05,"SameTimestamp",1000,"Daily","beta_ct",-0.46307022776782,0.0390563211836648,-0.539711973179833,-0.386428482355806,"CT",1,215
"Weekly",0.05,"SameTimestamp",1000,"Daily","LogLik_ct",861.648645739727,NA,NA,NA,"CT",1,215
"Weekly",0.05,"SameTimestamp",1000,"Daily","AIC_ct",865.648645739727,NA,NA,NA,"CT",1,215
"Weekly",0.05,"SameTimestamp",1000,"Daily","BIC_ct",875.464156297691,NA,NA,NA,"CT",1,215
"Weekly",0.05,"SameTimestamp",1000,"Daily","error_var_dt",0.138573441536543,0.00619774496494962,0.126411364378827,0.150735518694258,"DT",1,215
"Weekly",0.05,"SameTimestamp",1000,"Daily","beta_dt",0.629348416515514,0.0245796943604527,0.581114721677229,0.677582111353799,"DT",1,215
"Weekly",0.05,"SameTimestamp",1000,"Daily","LogLik_dt",861.648645739725,NA,NA,NA,"DT",1,215
"Weekly",0.05,"SameTimestamp",1000,"Daily","AIC_dt",865.648645739725,NA,NA,NA,"DT",1,215
"Weekly",0.05,"SameTimestamp",1000,"Daily","BIC_dt",875.464156297689,NA,NA,NA,"DT",1,215
"Weekly",0.05,"SameTimestamp",1000,"Weekly","error_var_ct",1.65408096764324,0.520397716513971,0.63288419095505,2.67527774433142,"CT",1,215
"Weekly",0.05,"SameTimestamp",1000,"Weekly","beta_ct",-3.56669296590325,1.11713939374073,-5.7588992569714,-1.37448667483509,"CT",1,215
"Weekly",0.05,"SameTimestamp",1000,"Weekly","LogLik_ct",1375.53860211973,NA,NA,NA,"CT",1,215
"Weekly",0.05,"SameTimestamp",1000,"Weekly","AIC_ct",1379.53860211973,NA,NA,NA,"CT",1,215
"Weekly",0.05,"SameTimestamp",1000,"Weekly","BIC_ct",1389.3541126777,NA,NA,NA,"CT",1,215
"Weekly",0.05,"SameTimestamp",1000,"Weekly","error_var_dt",0.231693832049405,0.010361656218838,0.211360749109091,0.252026914989719,"DT",1,215
"Weekly",0.05,"SameTimestamp",1000,"Weekly","beta_dt",0.0282492971598047,0.0315929718167155,-0.0337468261155833,0.0902454204351927,"DT",1,215
"Weekly",0.05,"SameTimestamp",1000,"Weekly","LogLik_dt",1375.53860211965,NA,NA,NA,"DT",1,215
"Weekly",0.05,"SameTimestamp",1000,"Weekly","AIC_dt",1379.53860211965,NA,NA,NA,"DT",1,215
"Weekly",0.05,"SameTimestamp",1000,"Weekly","BIC_dt",1389.35411267761,NA,NA,NA,"DT",1,215
"Weekly",0.05,"SameTimestamp",1000,"Monthly","error_var_ct",1.76197061763409,0.488845193918266,0.802690589134118,2.72125064613407,"CT",1,215
"Weekly",0.05,"SameTimestamp",1000,"Monthly","beta_ct",-3.39211510582484,0.936090018856267,-5.22904113299802,-1.55518907865166,"CT",1,215
"Weekly",0.05,"SameTimestamp",1000,"Monthly","LogLik_ct",1488.57693228306,NA,NA,NA,"CT",1,215
"Weekly",0.05,"SameTimestamp",1000,"Monthly","AIC_ct",1492.57693228306,NA,NA,NA,"CT",1,215
"Weekly",0.05,"SameTimestamp",1000,"Monthly","BIC_ct",1502.39244284102,NA,NA,NA,"CT",1,215
"Weekly",0.05,"SameTimestamp",1000,"Monthly","error_var_dt",0.2594217564664,0.0116016817104679,0.23665532304264,0.28218818989016,"DT",1,215
"Weekly",0.05,"SameTimestamp",1000,"Monthly","beta_dt",0.0336373933751927,0.0315899042924196,-0.0283527103773882,0.0956274971277735,"DT",1,215
"Weekly",0.05,"SameTimestamp",1000,"Monthly","LogLik_dt",1488.57693228305,NA,NA,NA,"DT",1,215
"Weekly",0.05,"SameTimestamp",1000,"Monthly","AIC_dt",1492.57693228305,NA,NA,NA,"DT",1,215
"Weekly",0.05,"SameTimestamp",1000,"Monthly","BIC_dt",1502.39244284102,NA,NA,NA,"DT",1,215
"Weekly",0.05,"SameTimestamp",1000,"Daily","error_var_ct",0.223685735892366,0.0124702523831436,0.199214872293155,0.248156599491578,"CT",1,216
"Weekly",0.05,"SameTimestamp",1000,"Daily","beta_ct",-0.467039103956531,0.039291447009425,-0.544142245965345,-0.389935961947716,"CT",1,216
"Weekly",0.05,"SameTimestamp",1000,"Daily","LogLik_ct",909.661698805805,NA,NA,NA,"CT",1,216
"Weekly",0.05,"SameTimestamp",1000,"Daily","AIC_ct",913.661698805805,NA,NA,NA,"CT",1,216
"Weekly",0.05,"SameTimestamp",1000,"Daily","BIC_ct",923.47720936377,NA,NA,NA,"CT",1,216
"Weekly",0.05,"SameTimestamp",1000,"Daily","error_var_dt",0.145372087364914,0.00650227287203471,0.132612423193923,0.158131751535905,"DT",1,216
"Weekly",0.05,"SameTimestamp",1000,"Daily","beta_dt",0.626855582040354,0.0246304095474058,0.57852236680872,0.675188797271988,"DT",1,216
"Weekly",0.05,"SameTimestamp",1000,"Daily","LogLik_dt",909.661698805805,NA,NA,NA,"DT",1,216
"Weekly",0.05,"SameTimestamp",1000,"Daily","AIC_dt",913.661698805805,NA,NA,NA,"DT",1,216
"Weekly",0.05,"SameTimestamp",1000,"Daily","BIC_dt",923.477209363769,NA,NA,NA,"DT",1,216
"Weekly",0.05,"SameTimestamp",1000,"Weekly","error_var_ct",1.31897873363004,0.230999603683988,0.865679183665541,1.77227828359454,"CT",1,216
"Weekly",0.05,"SameTimestamp",1000,"Weekly","beta_ct",-2.69721514572323,0.468238226621128,-3.61605731695872,-1.77837297448773,"CT",1,216
"Weekly",0.05,"SameTimestamp",1000,"Weekly","LogLik_ct",1424.81719783664,NA,NA,NA,"CT",1,216
"Weekly",0.05,"SameTimestamp",1000,"Weekly","AIC_ct",1428.81719783664,NA,NA,NA,"CT",1,216
"Weekly",0.05,"SameTimestamp",1000,"Weekly","BIC_ct",1438.6327083946,NA,NA,NA,"CT",1,216
"Weekly",0.05,"SameTimestamp",1000,"Weekly","error_var_dt",0.243397035620728,0.0108850485104332,0.222036879532014,0.264757191709442,"DT",1,216
"Weekly",0.05,"SameTimestamp",1000,"Weekly","beta_dt",0.0673930235243913,0.0315530766635014,0.00547518806729079,0.129310858981492,"DT",1,216
"Weekly",0.05,"SameTimestamp",1000,"Weekly","LogLik_dt",1424.81719783665,NA,NA,NA,"DT",1,216
"Weekly",0.05,"SameTimestamp",1000,"Weekly","AIC_dt",1428.81719783665,NA,NA,NA,"DT",1,216
"Weekly",0.05,"SameTimestamp",1000,"Weekly","BIC_dt",1438.63270839461,NA,NA,NA,"DT",1,216
"Weekly",0.05,"SameTimestamp",1000,"Monthly","error_var_ct",11.7489465637992,74.0526070059098,-133.567378200977,157.065271328576,"CT",1,216
"Weekly",0.05,"SameTimestamp",1000,"Monthly","beta_ct",-22.3395417934483,140.803968844181,-298.644672591849,253.965589004953,"CT",1,216
"Weekly",0.05,"SameTimestamp",1000,"Monthly","LogLik_ct",1502.13424399608,NA,NA,NA,"CT",1,216
"Weekly",0.05,"SameTimestamp",1000,"Monthly","AIC_ct",1506.13424399608,NA,NA,NA,"CT",1,216
"Weekly",0.05,"SameTimestamp",1000,"Monthly","BIC_ct",1515.94975455404,NA,NA,NA,"CT",1,216
"Weekly",0.05,"SameTimestamp",1000,"Monthly","error_var_dt",0.261725311599551,0.0117047152082685,0.238756691516423,0.28469393168268,"DT",1,216
"Weekly",0.05,"SameTimestamp",1000,"Monthly","beta_dt",-0.0685688226082416,0.0315384075216633,-0.130457872235031,-0.00667977298145214,"DT",1,216
"Weekly",0.05,"SameTimestamp",1000,"Monthly","LogLik_dt",1497.4185749853,NA,NA,NA,"DT",1,216
"Weekly",0.05,"SameTimestamp",1000,"Monthly","AIC_dt",1501.4185749853,NA,NA,NA,"DT",1,216
"Weekly",0.05,"SameTimestamp",1000,"Monthly","BIC_dt",1511.23408554327,NA,NA,NA,"DT",1,216
"Weekly",0.05,"SameTimestamp",1000,"Daily","error_var_ct",0.200631764040238,0.0108961234667593,0.179249875131906,0.222013652948569,"CT",1,217
"Weekly",0.05,"SameTimestamp",1000,"Daily","beta_ct",-0.408425389883285,0.0355794342334721,-0.47824430415332,-0.33860647561325,"CT",1,217
"Weekly",0.05,"SameTimestamp",1000,"Daily","LogLik_ct",851.060092388613,NA,NA,NA,"CT",1,217
"Weekly",0.05,"SameTimestamp",1000,"Daily","AIC_ct",855.060092388613,NA,NA,NA,"CT",1,217
"Weekly",0.05,"SameTimestamp",1000,"Daily","BIC_ct",864.875602946577,NA,NA,NA,"CT",1,217
"Weekly",0.05,"SameTimestamp",1000,"Daily","error_var_dt",0.13709783041073,0.00613214932266147,0.125064474145408,0.149131186676052,"DT",1,217
"Weekly",0.05,"SameTimestamp",1000,"Daily","beta_dt",0.664696061122593,0.0236495018360625,0.618287719427612,0.711104402817575,"DT",1,217
"Weekly",0.05,"SameTimestamp",1000,"Daily","LogLik_dt",851.060092388613,NA,NA,NA,"DT",1,217
"Weekly",0.05,"SameTimestamp",1000,"Daily","AIC_dt",855.060092388613,NA,NA,NA,"DT",1,217
"Weekly",0.05,"SameTimestamp",1000,"Daily","BIC_dt",864.875602946578,NA,NA,NA,"DT",1,217
"Weekly",0.05,"SameTimestamp",1000,"Weekly","error_var_ct",1.23375526458566,0.192680984517113,0.855649838535622,1.6118606906357,"CT",1,217
"Weekly",0.05,"SameTimestamp",1000,"Weekly","beta_ct",-2.51352840250479,0.389030921793406,-3.27693898398992,-1.75011782101967,"CT",1,217
"Weekly",0.05,"SameTimestamp",1000,"Weekly","LogLik_ct",1426.52643969027,NA,NA,NA,"CT",1,217
"Weekly",0.05,"SameTimestamp",1000,"Weekly","AIC_ct",1430.52643969027,NA,NA,NA,"CT",1,217
"Weekly",0.05,"SameTimestamp",1000,"Weekly","BIC_ct",1440.34195024823,NA,NA,NA,"CT",1,217
"Weekly",0.05,"SameTimestamp",1000,"Weekly","error_var_dt",0.243813399748956,0.0109036822091049,0.222416678025117,0.265210121472794,"DT",1,217
"Weekly",0.05,"SameTimestamp",1000,"Weekly","beta_dt",0.0809820666254675,0.0315170772385629,0.0191348742468111,0.142829259004124,"DT",1,217
"Weekly",0.05,"SameTimestamp",1000,"Weekly","LogLik_dt",1426.52643969021,NA,NA,NA,"DT",1,217
"Weekly",0.05,"SameTimestamp",1000,"Weekly","AIC_dt",1430.52643969021,NA,NA,NA,"DT",1,217
"Weekly",0.05,"SameTimestamp",1000,"Weekly","BIC_dt",1440.34195024817,NA,NA,NA,"DT",1,217
"Weekly",0.05,"SameTimestamp",1000,"Monthly","error_var_ct",2.9546360859433,8.92162816798045,-14.5526235326864,20.461895704573,"CT",1,217
"Weekly",0.05,"SameTimestamp",1000,"Monthly","beta_ct",-6.2703825609218,18.931377672124,-43.4201648208151,30.8793996989715,"CT",1,217
"Weekly",0.05,"SameTimestamp",1000,"Monthly","LogLik_ct",1392.26443201476,NA,NA,NA,"CT",1,217
"Weekly",0.05,"SameTimestamp",1000,"Monthly","AIC_ct",1396.26443201476,NA,NA,NA,"CT",1,217
"Weekly",0.05,"SameTimestamp",1000,"Monthly","BIC_ct",1406.07994257273,NA,NA,NA,"CT",1,217
"Weekly",0.05,"SameTimestamp",1000,"Monthly","error_var_dt",0.235601695022206,0.0105364349990793,0.214925636850925,0.256277753193486,"DT",1,217
"Weekly",0.05,"SameTimestamp",1000,"Monthly","beta_dt",0.00189149763636193,0.0316101044312196,-0.0601382456380244,0.0639212409107482,"DT",1,217
"Weekly",0.05,"SameTimestamp",1000,"Monthly","LogLik_dt",1392.26443201476,NA,NA,NA,"DT",1,217
"Weekly",0.05,"SameTimestamp",1000,"Monthly","AIC_dt",1396.26443201476,NA,NA,NA,"DT",1,217
"Weekly",0.05,"SameTimestamp",1000,"Monthly","BIC_dt",1406.07994257273,NA,NA,NA,"DT",1,217
"Weekly",0.05,"SameTimestamp",1000,"Daily","error_var_ct",0.231156006944491,0.0126933906733827,0.206247270357915,0.256064743531067,"CT",1,218
"Weekly",0.05,"SameTimestamp",1000,"Daily","beta_ct",-0.433302101292664,0.0371459699012835,-0.506195089725154,-0.360409112860174,"CT",1,218
"Weekly",0.05,"SameTimestamp",1000,"Daily","LogLik_ct",971.151374302841,NA,NA,NA,"CT",1,218
"Weekly",0.05,"SameTimestamp",1000,"Daily","AIC_ct",975.151374302841,NA,NA,NA,"CT",1,218
"Weekly",0.05,"SameTimestamp",1000,"Daily","BIC_ct",984.966884860805,NA,NA,NA,"CT",1,218
"Weekly",0.05,"SameTimestamp",1000,"Daily","error_var_dt",0.154607422918662,0.00691492730048902,0.141037990835839,0.168176855001485,"DT",1,218
"Weekly",0.05,"SameTimestamp",1000,"Daily","beta_dt",0.648364574729627,0.0240840642742542,0.601103474179122,0.695625675280131,"DT",1,218
"Weekly",0.05,"SameTimestamp",1000,"Daily","LogLik_dt",971.151374302824,NA,NA,NA,"DT",1,218
"Weekly",0.05,"SameTimestamp",1000,"Daily","AIC_dt",975.151374302824,NA,NA,NA,"DT",1,218
"Weekly",0.05,"SameTimestamp",1000,"Daily","BIC_dt",984.966884860788,NA,NA,NA,"DT",1,218
"Weekly",0.05,"SameTimestamp",1000,"Weekly","error_var_ct",1.58362456354376,0.37969359697304,0.838536979464012,2.32871214762351,"CT",1,218
"Weekly",0.05,"SameTimestamp",1000,"Weekly","beta_ct",-3.17550581940976,0.756439300443687,-4.65989622094339,-1.69111541787612,"CT",1,218
"Weekly",0.05,"SameTimestamp",1000,"Weekly","LogLik_ct",1447.23276737423,NA,NA,NA,"CT",1,218
"Weekly",0.05,"SameTimestamp",1000,"Weekly","AIC_ct",1451.23276737423,NA,NA,NA,"CT",1,218
"Weekly",0.05,"SameTimestamp",1000,"Weekly","BIC_ct",1461.04827793219,NA,NA,NA,"CT",1,218
"Weekly",0.05,"SameTimestamp",1000,"Weekly","error_var_dt",0.248914847858787,0.0111318197478442,0.227070442926878,0.270759252790697,"DT",1,218
"Weekly",0.05,"SameTimestamp",1000,"Weekly","beta_dt",0.0417729002042425,0.0316381378874742,-0.0203118542169227,0.103857654625408,"DT",1,218
"Weekly",0.05,"SameTimestamp",1000,"Weekly","LogLik_dt",1447.23276737422,NA,NA,NA,"DT",1,218
"Weekly",0.05,"SameTimestamp",1000,"Weekly","AIC_dt",1451.23276737422,NA,NA,NA,"DT",1,218
"Weekly",0.05,"SameTimestamp",1000,"Weekly","BIC_dt",1461.04827793219,NA,NA,NA,"DT",1,218
"Weekly",0.05,"SameTimestamp",1000,"Monthly","error_var_ct",10.5900549270067,58.2538141905357,-103.723681266282,124.903791120295,"CT",1,218
"Weekly",0.05,"SameTimestamp",1000,"Monthly","beta_ct",-21.4958908549544,118.244057931371,-253.530826809186,210.539045099278,"CT",1,218
"Weekly",0.05,"SameTimestamp",1000,"Monthly","LogLik_ct",1436.78425757546,NA,NA,NA,"CT",1,218
"Weekly",0.05,"SameTimestamp",1000,"Monthly","AIC_ct",1440.78425757546,NA,NA,NA,"CT",1,218
"Weekly",0.05,"SameTimestamp",1000,"Monthly","BIC_ct",1450.59976813342,NA,NA,NA,"CT",1,218
"Weekly",0.05,"SameTimestamp",1000,"Monthly","error_var_dt",0.246288087723962,0.011014337043928,0.224674223693268,0.267901951754656,"DT",1,218
"Weekly",0.05,"SameTimestamp",1000,"Monthly","beta_dt",-0.0126636420351669,0.0316054713076585,-0.074684293550123,0.0493570094797891,"DT",1,218
"Weekly",0.05,"SameTimestamp",1000,"Monthly","LogLik_dt",1436.62372636417,NA,NA,NA,"DT",1,218
"Weekly",0.05,"SameTimestamp",1000,"Monthly","AIC_dt",1440.62372636417,NA,NA,NA,"DT",1,218
"Weekly",0.05,"SameTimestamp",1000,"Monthly","BIC_dt",1450.43923692213,NA,NA,NA,"DT",1,218
"Weekly",0.05,"SameTimestamp",1000,"Daily","error_var_ct",0.220382687067112,0.0123251577883915,0.1961965482616,0.244568825872625,"CT",1,219
"Weekly",0.05,"SameTimestamp",1000,"Daily","beta_ct",-0.474110326630219,0.0397525806923495,-0.552118369286522,-0.396102283973916,"CT",1,219
"Weekly",0.05,"SameTimestamp",1000,"Daily","LogLik_ct",888.709508734817,NA,NA,NA,"CT",1,219
"Weekly",0.05,"SameTimestamp",1000,"Daily","AIC_ct",892.709508734817,NA,NA,NA,"CT",1,219
"Weekly",0.05,"SameTimestamp",1000,"Daily","BIC_ct",902.525019292781,NA,NA,NA,"CT",1,219
"Weekly",0.05,"SameTimestamp",1000,"Daily","error_var_dt",0.142371789391355,0.0063677040504292,0.129876194878061,0.154867383904649,"DT",1,219
"Weekly",0.05,"SameTimestamp",1000,"Daily","beta_dt",0.622438571385472,0.0247434436052779,0.573883545004611,0.670993597766333,"DT",1,219
"Weekly",0.05,"SameTimestamp",1000,"Daily","LogLik_dt",888.709508734816,NA,NA,NA,"DT",1,219
"Weekly",0.05,"SameTimestamp",1000,"Daily","AIC_dt",892.709508734816,NA,NA,NA,"DT",1,219
"Weekly",0.05,"SameTimestamp",1000,"Daily","BIC_dt",902.52501929278,NA,NA,NA,"DT",1,219
"Weekly",0.05,"SameTimestamp",1000,"Weekly","error_var_ct",1.23143128001346,0.202481607947113,0.834093707590272,1.62876885243665,"CT",1,219
"Weekly",0.05,"SameTimestamp",1000,"Weekly","beta_ct",-2.59703839959086,0.423185833263925,-3.42747249865675,-1.76660430052498,"CT",1,219
"Weekly",0.05,"SameTimestamp",1000,"Weekly","LogLik_ct",1392.97085526421,NA,NA,NA,"CT",1,219
"Weekly",0.05,"SameTimestamp",1000,"Weekly","AIC_ct",1396.97085526421,NA,NA,NA,"CT",1,219
"Weekly",0.05,"SameTimestamp",1000,"Weekly","BIC_ct",1406.78636582217,NA,NA,NA,"CT",1,219
"Weekly",0.05,"SameTimestamp",1000,"Weekly","error_var_dt",0.235768096295056,0.0105438731366129,0.215077441975805,0.256458750614307,"DT",1,219
"Weekly",0.05,"SameTimestamp",1000,"Weekly","beta_dt",0.0744940852794187,0.0315215638451526,0.012638088657311,0.136350081901526,"DT",1,219
"Weekly",0.05,"SameTimestamp",1000,"Weekly","LogLik_dt",1392.97085526419,NA,NA,NA,"DT",1,219
"Weekly",0.05,"SameTimestamp",1000,"Weekly","AIC_dt",1396.97085526419,NA,NA,NA,"DT",1,219
"Weekly",0.05,"SameTimestamp",1000,"Weekly","BIC_dt",1406.78636582215,NA,NA,NA,"DT",1,219
"Weekly",0.05,"SameTimestamp",1000,"Monthly","error_var_ct",1.97152582146589,1.01083761871629,-0.0120803421105942,3.95513198504238,"CT",1,219
"Weekly",0.05,"SameTimestamp",1000,"Monthly","beta_ct",-4.21836573456413,2.15842531663714,-8.45392808644631,0.017196617318052,"CT",1,219
"Weekly",0.05,"SameTimestamp",1000,"Monthly","LogLik_ct",1383.87324447236,NA,NA,NA,"CT",1,219
"Weekly",0.05,"SameTimestamp",1000,"Monthly","AIC_ct",1387.87324447236,NA,NA,NA,"CT",1,219
"Weekly",0.05,"SameTimestamp",1000,"Monthly","BIC_ct",1397.68875503033,NA,NA,NA,"CT",1,219
"Weekly",0.05,"SameTimestamp",1000,"Monthly","error_var_dt",0.233632984462439,0.0104483915110528,0.213129697468525,0.254136271456353,"DT",1,219
"Weekly",0.05,"SameTimestamp",1000,"Monthly","beta_dt",0.0147226527525177,0.0316079935637599,-0.0473029482841579,0.0767482537891933,"DT",1,219
"Weekly",0.05,"SameTimestamp",1000,"Monthly","LogLik_dt",1383.87324447235,NA,NA,NA,"DT",1,219
"Weekly",0.05,"SameTimestamp",1000,"Monthly","AIC_dt",1387.87324447235,NA,NA,NA,"DT",1,219
"Weekly",0.05,"SameTimestamp",1000,"Monthly","BIC_dt",1397.68875503032,NA,NA,NA,"DT",1,219
"Weekly",0.05,"SameTimestamp",1000,"Daily","error_var_ct",0.222642519358451,0.0125636390530468,0.197988399447261,0.247296639269642,"CT",1,220
"Weekly",0.05,"SameTimestamp",1000,"Daily","beta_ct",-0.492150295826182,0.0410190038582491,-0.572643490153793,-0.411657101498571,"CT",1,220
"Weekly",0.05,"SameTimestamp",1000,"Daily","LogLik_ct",883.701638170989,NA,NA,NA,"CT",1,220
"Weekly",0.05,"SameTimestamp",1000,"Daily","AIC_ct",887.701638170989,NA,NA,NA,"CT",1,220
"Weekly",0.05,"SameTimestamp",1000,"Daily","BIC_ct",897.517148728953,NA,NA,NA,"CT",1,220
"Weekly",0.05,"SameTimestamp",1000,"Daily","error_var_dt",0.141664953437858,0.00633597280645386,0.1292316263847,0.154098280491016,"DT",1,220
"Weekly",0.05,"SameTimestamp",1000,"Daily","beta_dt",0.611310483948424,0.0250756347299501,0.562103585941315,0.660517381955533,"DT",1,220
"Weekly",0.05,"SameTimestamp",1000,"Daily","LogLik_dt",883.70163817099,NA,NA,NA,"DT",1,220
"Weekly",0.05,"SameTimestamp",1000,"Daily","AIC_dt",887.70163817099,NA,NA,NA,"DT",1,220
"Weekly",0.05,"SameTimestamp",1000,"Daily","BIC_dt",897.517148728954,NA,NA,NA,"DT",1,220
"Weekly",0.05,"SameTimestamp",1000,"Weekly","error_var_ct",2.12704396962801,1.33377211781244,-0.490269182071939,4.74435712132797,"CT",1,220
"Weekly",0.05,"SameTimestamp",1000,"Weekly","beta_ct",-4.4692814011064,2.79840722330378,-9.96070525946232,1.02214245724952,"CT",1,220
"Weekly",0.05,"SameTimestamp",1000,"Weekly","LogLik_ct",1402.10433664658,NA,NA,NA,"CT",1,220
"Weekly",0.05,"SameTimestamp",1000,"Weekly","AIC_ct",1406.10433664658,NA,NA,NA,"CT",1,220
"Weekly",0.05,"SameTimestamp",1000,"Weekly","BIC_ct",1415.91984720455,NA,NA,NA,"CT",1,220
"Weekly",0.05,"SameTimestamp",1000,"Weekly","error_var_dt",0.237931436744944,0.0106406167779249,0.217050938597525,0.258811934892363,"DT",1,220
"Weekly",0.05,"SameTimestamp",1000,"Weekly","beta_dt",0.0114555775700921,0.0316255633757088,-0.0506045013952137,0.0735156565353979,"DT",1,220
"Weekly",0.05,"SameTimestamp",1000,"Weekly","LogLik_dt",1402.10433664657,NA,NA,NA,"DT",1,220
"Weekly",0.05,"SameTimestamp",1000,"Weekly","AIC_dt",1406.10433664657,NA,NA,NA,"DT",1,220
"Weekly",0.05,"SameTimestamp",1000,"Weekly","BIC_dt",1415.91984720454,NA,NA,NA,"DT",1,220
"Weekly",0.05,"SameTimestamp",1000,"Monthly","error_var_ct",2.05760969101568,1.01117794172184,0.0733356983052948,4.04188368372606,"CT",1,220
"Weekly",0.05,"SameTimestamp",1000,"Monthly","beta_ct",-4.16451074985036,2.04213224778562,-8.17186666789597,-0.157154831804758,"CT",1,220
"Weekly",0.05,"SameTimestamp",1000,"Monthly","LogLik_ct",1439.43457692096,NA,NA,NA,"CT",1,220
"Weekly",0.05,"SameTimestamp",1000,"Monthly","AIC_ct",1443.43457692096,NA,NA,NA,"CT",1,220
"Weekly",0.05,"SameTimestamp",1000,"Monthly","BIC_ct",1453.25008747892,NA,NA,NA,"CT",1,220
"Weekly",0.05,"SameTimestamp",1000,"Monthly","error_var_dt",0.246981341197138,0.0110453387145147,0.225306641376681,0.268656041017595,"DT",1,220
"Weekly",0.05,"SameTimestamp",1000,"Monthly","beta_dt",0.0155372259330518,0.0316212052401066,-0.0465143008924422,0.0775887527585458,"DT",1,220
"Weekly",0.05,"SameTimestamp",1000,"Monthly","LogLik_dt",1439.43457692095,NA,NA,NA,"DT",1,220
"Weekly",0.05,"SameTimestamp",1000,"Monthly","AIC_dt",1443.43457692095,NA,NA,NA,"DT",1,220
"Weekly",0.05,"SameTimestamp",1000,"Monthly","BIC_dt",1453.25008747891,NA,NA,NA,"DT",1,220
"Weekly",0.05,"SameTimestamp",1000,"Daily","error_var_ct",0.20019648692732,0.0107910394674334,0.179020808457635,0.221372165397004,"CT",1,221
"Weekly",0.05,"SameTimestamp",1000,"Daily","beta_ct",-0.392105191544296,0.0345373303176235,-0.45987914457398,-0.324331238514613,"CT",1,221
"Weekly",0.05,"SameTimestamp",1000,"Daily","LogLik_ct",862.984062961285,NA,NA,NA,"CT",1,221
"Weekly",0.05,"SameTimestamp",1000,"Daily","AIC_ct",866.984062961285,NA,NA,NA,"CT",1,221
"Weekly",0.05,"SameTimestamp",1000,"Daily","BIC_ct",876.799573519249,NA,NA,NA,"CT",1,221
"Weekly",0.05,"SameTimestamp",1000,"Daily","error_var_dt",0.138752056513246,0.00620589846505214,0.126573979423633,0.150930133602858,"DT",1,221
"Weekly",0.05,"SameTimestamp",1000,"Daily","beta_dt",0.675633046994364,0.023334665541766,0.629842520863744,0.721423573124985,"DT",1,221
"Weekly",0.05,"SameTimestamp",1000,"Daily","LogLik_dt",862.984062961286,NA,NA,NA,"DT",1,221
"Weekly",0.05,"SameTimestamp",1000,"Daily","AIC_dt",866.984062961286,NA,NA,NA,"DT",1,221
"Weekly",0.05,"SameTimestamp",1000,"Daily","BIC_dt",876.79957351925,NA,NA,NA,"DT",1,221
"Weekly",0.05,"SameTimestamp",1000,"Weekly","error_var_ct",1.679214732584,0.374760326604836,0.943807897744064,2.41462156742394,"CT",1,221
"Weekly",0.05,"SameTimestamp",1000,"Weekly","beta_ct",-3.06730275726147,0.679703518193091,-4.40111153438698,-1.73349398013596,"CT",1,221
"Weekly",0.05,"SameTimestamp",1000,"Weekly","LogLik_ct",1540.08864045333,NA,NA,NA,"CT",1,221
"Weekly",0.05,"SameTimestamp",1000,"Weekly","AIC_ct",1544.08864045333,NA,NA,NA,"CT",1,221
"Weekly",0.05,"SameTimestamp",1000,"Weekly","BIC_ct",1553.90415101129,NA,NA,NA,"CT",1,221
"Weekly",0.05,"SameTimestamp",1000,"Weekly","error_var_dt",0.273135156413112,0.012214966317974,0.249165250636374,0.297105062189851,"DT",1,221
"Weekly",0.05,"SameTimestamp",1000,"Weekly","beta_dt",0.0465464510722139,0.0316277626239622,-0.0155179435638879,0.108610845708316,"DT",1,221
"Weekly",0.05,"SameTimestamp",1000,"Weekly","LogLik_dt",1540.08864045332,NA,NA,NA,"DT",1,221
"Weekly",0.05,"SameTimestamp",1000,"Weekly","AIC_dt",1544.08864045332,NA,NA,NA,"DT",1,221
"Weekly",0.05,"SameTimestamp",1000,"Weekly","BIC_dt",1553.90415101128,NA,NA,NA,"DT",1,221
"Weekly",0.05,"SameTimestamp",1000,"Monthly","error_var_ct",9.76517649799694,87.8304865006995,-162.588019650322,182.118372646316,"CT",1,221
"Weekly",0.05,"SameTimestamp",1000,"Monthly","beta_ct",-19.3601450557336,174.126147880318,-361.05469003504,322.334399923573,"CT",1,221
"Weekly",0.05,"SameTimestamp",1000,"Monthly","LogLik_ct",1460.33047288998,NA,NA,NA,"CT",1,221
"Weekly",0.05,"SameTimestamp",1000,"Monthly","AIC_ct",1464.33047288998,NA,NA,NA,"CT",1,221
"Weekly",0.05,"SameTimestamp",1000,"Monthly","BIC_ct",1474.14598344794,NA,NA,NA,"CT",1,221
"Weekly",0.05,"SameTimestamp",1000,"Monthly","error_var_dt",0.252178156603142,0.0112777553481854,0.230047376539399,0.274308936666885,"DT",1,221
"Weekly",0.05,"SameTimestamp",1000,"Monthly","beta_dt",-0.00853945034185289,0.0316233281164346,-0.0705951429705291,0.0535162422868233,"DT",1,221
"Weekly",0.05,"SameTimestamp",1000,"Monthly","LogLik_dt",1460.25755617523,NA,NA,NA,"DT",1,221
"Weekly",0.05,"SameTimestamp",1000,"Monthly","AIC_dt",1464.25755617523,NA,NA,NA,"DT",1,221
"Weekly",0.05,"SameTimestamp",1000,"Monthly","BIC_dt",1474.07306673319,NA,NA,NA,"DT",1,221
"Weekly",0.05,"SameTimestamp",1000,"Daily","error_var_ct",0.199906660750699,0.0109302423933748,0.178457818939274,0.221355502562124,"CT",1,222
"Weekly",0.05,"SameTimestamp",1000,"Daily","beta_ct",-0.424188423436645,0.0365414330190133,-0.495895105519255,-0.352481741354034,"CT",1,222
"Weekly",0.05,"SameTimestamp",1000,"Daily","LogLik_ct",833.759205290487,NA,NA,NA,"CT",1,222
"Weekly",0.05,"SameTimestamp",1000,"Daily","AIC_ct",837.759205290487,NA,NA,NA,"CT",1,222
"Weekly",0.05,"SameTimestamp",1000,"Daily","BIC_ct",847.574715848451,NA,NA,NA,"CT",1,222
"Weekly",0.05,"SameTimestamp",1000,"Daily","error_var_dt",0.134757059952355,0.00602718360838476,0.122929682010305,0.146584437894404,"DT",1,222
"Weekly",0.05,"SameTimestamp",1000,"Daily","beta_dt",0.654300586985317,0.0239092059757775,0.60738261770752,0.701218556263113,"DT",1,222
"Weekly",0.05,"SameTimestamp",1000,"Daily","LogLik_dt",833.759205290488,NA,NA,NA,"DT",1,222
"Weekly",0.05,"SameTimestamp",1000,"Daily","AIC_dt",837.759205290488,NA,NA,NA,"DT",1,222
"Weekly",0.05,"SameTimestamp",1000,"Daily","BIC_dt",847.574715848452,NA,NA,NA,"DT",1,222
"Weekly",0.05,"SameTimestamp",1000,"Weekly","error_var_ct",1.485886805864,0.354517987080866,0.790202304959301,2.18157130676869,"CT",1,222
"Weekly",0.05,"SameTimestamp",1000,"Weekly","beta_ct",-3.16780590260905,0.750858992448541,-4.64124584768077,-1.69436595753734,"CT",1,222
"Weekly",0.05,"SameTimestamp",1000,"Weekly","LogLik_ct",1385.92879037445,NA,NA,NA,"CT",1,222
"Weekly",0.05,"SameTimestamp",1000,"Weekly","AIC_ct",1389.92879037445,NA,NA,NA,"CT",1,222
"Weekly",0.05,"SameTimestamp",1000,"Weekly","BIC_ct",1399.74430093241,NA,NA,NA,"CT",1,222
"Weekly",0.05,"SameTimestamp",1000,"Weekly","error_var_dt",0.234113703062027,0.0104698858106614,0.213568236963977,0.254659169160078,"DT",1,222
"Weekly",0.05,"SameTimestamp",1000,"Weekly","beta_dt",0.0420959653300459,0.031623640934371,-0.0199603411534922,0.104152271813584,"DT",1,222
"Weekly",0.05,"SameTimestamp",1000,"Weekly","LogLik_dt",1385.92879037443,NA,NA,NA,"DT",1,222
"Weekly",0.05,"SameTimestamp",1000,"Weekly","AIC_dt",1389.92879037443,NA,NA,NA,"DT",1,222
"Weekly",0.05,"SameTimestamp",1000,"Weekly","BIC_dt",1399.74430093239,NA,NA,NA,"DT",1,222
"Weekly",0.05,"SameTimestamp",1000,"Monthly","error_var_ct",10.0369311515566,120.754468425896,-226.924281424997,246.99814372811,"CT",1,222
"Weekly",0.05,"SameTimestamp",1000,"Monthly","beta_ct",-21.9907160588236,264.567711246423,-541.162275362475,497.180843244828,"CT",1,222
"Weekly",0.05,"SameTimestamp",1000,"Monthly","LogLik_ct",1360.38098658684,NA,NA,NA,"CT",1,222
"Weekly",0.05,"SameTimestamp",1000,"Monthly","AIC_ct",1364.38098658684,NA,NA,NA,"CT",1,222
"Weekly",0.05,"SameTimestamp",1000,"Monthly","BIC_ct",1374.19649714481,NA,NA,NA,"CT",1,222
"Weekly",0.05,"SameTimestamp",1000,"Monthly","error_var_dt",0.228151791012844,0.0102032702366456,0.208129515075242,0.248174066950447,"DT",1,222
"Weekly",0.05,"SameTimestamp",1000,"Monthly","beta_dt",-0.0157483752674976,0.031618473174303,-0.0777945408534937,0.0462977903184985,"DT",1,222
"Weekly",0.05,"SameTimestamp",1000,"Monthly","LogLik_dt",1360.1329384743,NA,NA,NA,"DT",1,222
"Weekly",0.05,"SameTimestamp",1000,"Monthly","AIC_dt",1364.1329384743,NA,NA,NA,"DT",1,222
"Weekly",0.05,"SameTimestamp",1000,"Monthly","BIC_dt",1373.94844903226,NA,NA,NA,"DT",1,222
"Weekly",0.05,"SameTimestamp",1000,"Daily","error_var_ct",0.23831652524445,0.0135459182483951,0.211734840479945,0.264898210008955,"CT",1,223
"Weekly",0.05,"SameTimestamp",1000,"Daily","beta_ct",-0.508248610530023,0.0420743171998618,-0.590812687470399,-0.425684533589648,"CT",1,223
"Weekly",0.05,"SameTimestamp",1000,"Daily","LogLik_ct",938.269829252474,NA,NA,NA,"CT",1,223
"Weekly",0.05,"SameTimestamp",1000,"Daily","AIC_ct",942.269829252474,NA,NA,NA,"CT",1,223
"Weekly",0.05,"SameTimestamp",1000,"Daily","BIC_ct",952.085339810439,NA,NA,NA,"CT",1,223
"Weekly",0.05,"SameTimestamp",1000,"Daily","error_var_dt",0.149611073958143,0.00669134043639827,0.136480395116685,0.162741752799602,"DT",1,223
"Weekly",0.05,"SameTimestamp",1000,"Daily","beta_dt",0.601548230488693,0.0253100756734298,0.551881279856048,0.651215181121339,"DT",1,223
"Weekly",0.05,"SameTimestamp",1000,"Daily","LogLik_dt",938.269829252472,NA,NA,NA,"DT",1,223
"Weekly",0.05,"SameTimestamp",1000,"Daily","AIC_dt",942.269829252472,NA,NA,NA,"DT",1,223
"Weekly",0.05,"SameTimestamp",1000,"Daily","BIC_dt",952.085339810436,NA,NA,NA,"DT",1,223
"Weekly",0.05,"SameTimestamp",1000,"Weekly","error_var_ct",1.29656978937851,0.227527083044379,0.850084502374087,1.74305507638293,"CT",1,223
"Weekly",0.05,"SameTimestamp",1000,"Weekly","beta_ct",-2.7006881829493,0.469770119806333,-3.62253644804977,-1.77883991784883,"CT",1,223
"Weekly",0.05,"SameTimestamp",1000,"Weekly","LogLik_ct",1406.42472809857,NA,NA,NA,"CT",1,223
"Weekly",0.05,"SameTimestamp",1000,"Weekly","AIC_ct",1410.42472809857,NA,NA,NA,"CT",1,223
"Weekly",0.05,"SameTimestamp",1000,"Weekly","BIC_ct",1420.24023865654,NA,NA,NA,"CT",1,223
"Weekly",0.05,"SameTimestamp",1000,"Weekly","error_var_dt",0.238961607319197,0.010686697499461,0.217990683171034,0.259932531467359,"DT",1,223
"Weekly",0.05,"SameTimestamp",1000,"Weekly","beta_dt",0.0671594056772728,0.0315379320937406,0.00527128900127614,0.129047522353269,"DT",1,223
"Weekly",0.05,"SameTimestamp",1000,"Weekly","LogLik_dt",1406.42472809855,NA,NA,NA,"DT",1,223
"Weekly",0.05,"SameTimestamp",1000,"Weekly","AIC_dt",1410.42472809855,NA,NA,NA,"DT",1,223
"Weekly",0.05,"SameTimestamp",1000,"Weekly","BIC_dt",1420.24023865651,NA,NA,NA,"DT",1,223
"Weekly",0.05,"SameTimestamp",1000,"Monthly","error_var_ct",1.70207117721299,0.520814133755741,0.680057248697352,2.72408510572864,"CT",1,223
"Weekly",0.05,"SameTimestamp",1000,"Monthly","beta_ct",-3.52831836145138,1.07461192777772,-5.6370713440518,-1.41956537885096,"CT",1,223
"Weekly",0.05,"SameTimestamp",1000,"Monthly","LogLik_ct",1414.89221366491,NA,NA,NA,"CT",1,223
"Weekly",0.05,"SameTimestamp",1000,"Monthly","AIC_ct",1418.89221366491,NA,NA,NA,"CT",1,223
"Weekly",0.05,"SameTimestamp",1000,"Monthly","BIC_ct",1428.70772422288,NA,NA,NA,"CT",1,223
"Weekly",0.05,"SameTimestamp",1000,"Monthly","error_var_dt",0.240993605421864,0.0107775550012196,0.219844388047215,0.262142822796513,"DT",1,223
"Weekly",0.05,"SameTimestamp",1000,"Monthly","beta_dt",0.0293541555219681,0.0315975356828618,-0.0326509236063186,0.0913592346502548,"DT",1,223
"Weekly",0.05,"SameTimestamp",1000,"Monthly","LogLik_dt",1414.8922136649,NA,NA,NA,"DT",1,223
"Weekly",0.05,"SameTimestamp",1000,"Monthly","AIC_dt",1418.8922136649,NA,NA,NA,"DT",1,223
"Weekly",0.05,"SameTimestamp",1000,"Monthly","BIC_dt",1428.70772422286,NA,NA,NA,"DT",1,223
"Weekly",0.05,"SameTimestamp",1000,"Daily","error_var_ct",0.222027805972677,0.012328604197199,0.197834904144473,0.246220707800881,"CT",1,224
"Weekly",0.05,"SameTimestamp",1000,"Daily","beta_ct",-0.457507175978648,0.0387154863837023,-0.53348008794259,-0.381534264014707,"CT",1,224
"Weekly",0.05,"SameTimestamp",1000,"Daily","LogLik_ct",910.242836823523,NA,NA,NA,"CT",1,224
"Weekly",0.05,"SameTimestamp",1000,"Daily","AIC_ct",914.242836823523,NA,NA,NA,"CT",1,224
"Weekly",0.05,"SameTimestamp",1000,"Daily","BIC_ct",924.058347381487,NA,NA,NA,"CT",1,224
"Weekly",0.05,"SameTimestamp",1000,"Daily","error_var_dt",0.145465757509566,0.00650621409320972,0.132698359326237,0.158233155692895,"DT",1,224
"Weekly",0.05,"SameTimestamp",1000,"Daily","beta_dt",0.632859287406736,0.0245015048304869,0.584779026938815,0.680939547874658,"DT",1,224
"Weekly",0.05,"SameTimestamp",1000,"Daily","LogLik_dt",910.242836823523,NA,NA,NA,"DT",1,224
"Weekly",0.05,"SameTimestamp",1000,"Daily","AIC_dt",914.242836823523,NA,NA,NA,"DT",1,224
"Weekly",0.05,"SameTimestamp",1000,"Daily","BIC_dt",924.058347381487,NA,NA,NA,"DT",1,224
"Weekly",0.05,"SameTimestamp",1000,"Weekly","error_var_ct",1.3199194765524,0.205537647226336,0.91658491881905,1.72325403428575,"CT",1,224
"Weekly",0.05,"SameTimestamp",1000,"Weekly","beta_ct",-2.5093569919655,0.387272686103321,-3.26931731884266,-1.74939666508833,"CT",1,224
"Weekly",0.05,"SameTimestamp",1000,"Weekly","LogLik_ct",1495.64000871462,NA,NA,NA,"CT",1,224
"Weekly",0.05,"SameTimestamp",1000,"Weekly","AIC_ct",1499.64000871462,NA,NA,NA,"CT",1,224
"Weekly",0.05,"SameTimestamp",1000,"Weekly","BIC_ct",1509.45551927259,NA,NA,NA,"CT",1,224
"Weekly",0.05,"SameTimestamp",1000,"Weekly","error_var_dt",0.261260312467884,0.0116839179979388,0.238332503563357,0.28418812137241,"DT",1,224
"Weekly",0.05,"SameTimestamp",1000,"Weekly","beta_dt",0.0813204908586713,0.031532865623833,0.0194423163145762,0.143198665402766,"DT",1,224
"Weekly",0.05,"SameTimestamp",1000,"Weekly","LogLik_dt",1495.64000871462,NA,NA,NA,"DT",1,224
"Weekly",0.05,"SameTimestamp",1000,"Weekly","AIC_dt",1499.64000871462,NA,NA,NA,"DT",1,224
"Weekly",0.05,"SameTimestamp",1000,"Weekly","BIC_dt",1509.45551927259,NA,NA,NA,"DT",1,224
"Weekly",0.05,"SameTimestamp",1000,"Monthly","error_var_ct",1.83895371845871,0.513818984390165,0.830666644919357,2.84724079199807,"CT",1,224
"Weekly",0.05,"SameTimestamp",1000,"Monthly","beta_ct",-3.39583279884337,0.943791880500186,-5.24787249011553,-1.54379310757121,"CT",1,224
"Weekly",0.05,"SameTimestamp",1000,"Monthly","LogLik_ct",1530.25405335766,NA,NA,NA,"CT",1,224
"Weekly",0.05,"SameTimestamp",1000,"Monthly","AIC_ct",1534.25405335766,NA,NA,NA,"CT",1,224
"Weekly",0.05,"SameTimestamp",1000,"Monthly","BIC_ct",1544.06956391563,NA,NA,NA,"CT",1,224
"Weekly",0.05,"SameTimestamp",1000,"Monthly","error_var_dt",0.270462137929884,0.0120954366654158,0.246726789861678,0.29419748599809,"DT",1,224
"Weekly",0.05,"SameTimestamp",1000,"Monthly","beta_dt",0.0335126276685465,0.031616498587367,-0.0285296631083368,0.0955549184454297,"DT",1,224
"Weekly",0.05,"SameTimestamp",1000,"Monthly","LogLik_dt",1530.25405335766,NA,NA,NA,"DT",1,224
"Weekly",0.05,"SameTimestamp",1000,"Monthly","AIC_dt",1534.25405335766,NA,NA,NA,"DT",1,224
"Weekly",0.05,"SameTimestamp",1000,"Monthly","BIC_dt",1544.06956391563,NA,NA,NA,"DT",1,224
"Weekly",0.05,"SameTimestamp",1000,"Daily","error_var_ct",0.215592145923663,0.0118843538057527,0.192271014000266,0.238913277847059,"CT",1,225
"Weekly",0.05,"SameTimestamp",1000,"Daily","beta_ct",-0.44120832936657,0.037680422669107,-0.515150095352216,-0.367266563380924,"CT",1,225
"Weekly",0.05,"SameTimestamp",1000,"Daily","LogLik_ct",894.674351066948,NA,NA,NA,"CT",1,225
"Weekly",0.05,"SameTimestamp",1000,"Daily","AIC_ct",898.674351066948,NA,NA,NA,"CT",1,225
"Weekly",0.05,"SameTimestamp",1000,"Daily","BIC_ct",908.489861624912,NA,NA,NA,"CT",1,225
"Weekly",0.05,"SameTimestamp",1000,"Daily","error_var_dt",0.143224901097446,0.00640582011037487,0.130654509950114,0.155795292244778,"DT",1,225
"Weekly",0.05,"SameTimestamp",1000,"Daily","beta_dt",0.643258669669176,0.0242384161577572,0.595694678385475,0.690822660952877,"DT",1,225
"Weekly",0.05,"SameTimestamp",1000,"Daily","LogLik_dt",894.674351066956,NA,NA,NA,"DT",1,225
"Weekly",0.05,"SameTimestamp",1000,"Daily","AIC_dt",898.674351066956,NA,NA,NA,"DT",1,225
"Weekly",0.05,"SameTimestamp",1000,"Daily","BIC_dt",908.48986162492,NA,NA,NA,"DT",1,225
"Weekly",0.05,"SameTimestamp",1000,"Weekly","error_var_ct",1.86810093526841,0.737484643763257,0.420905997302431,3.31529587323439,"CT",1,225
"Weekly",0.05,"SameTimestamp",1000,"Weekly","beta_ct",-3.87412849444597,1.52464167820822,-6.86599244385072,-0.882264545041207,"CT",1,225
"Weekly",0.05,"SameTimestamp",1000,"Weekly","LogLik_ct",1414.89979220619,NA,NA,NA,"CT",1,225
"Weekly",0.05,"SameTimestamp",1000,"Weekly","AIC_ct",1418.89979220619,NA,NA,NA,"CT",1,225
"Weekly",0.05,"SameTimestamp",1000,"Weekly","BIC_ct",1428.71530276416,NA,NA,NA,"CT",1,225
"Weekly",0.05,"SameTimestamp",1000,"Weekly","error_var_dt",0.240995436290157,0.0107776508290718,0.219846030868769,0.262144841711546,"DT",1,225
"Weekly",0.05,"SameTimestamp",1000,"Weekly","beta_dt",0.0207722697894345,0.0316160003795191,-0.0412690433347182,0.0828135829135873,"DT",1,225
"Weekly",0.05,"SameTimestamp",1000,"Weekly","LogLik_dt",1414.89979220616,NA,NA,NA,"DT",1,225
"Weekly",0.05,"SameTimestamp",1000,"Weekly","AIC_dt",1418.89979220616,NA,NA,NA,"DT",1,225
"Weekly",0.05,"SameTimestamp",1000,"Weekly","BIC_dt",1428.71530276412,NA,NA,NA,"DT",1,225
"Weekly",0.05,"SameTimestamp",1000,"Monthly","error_var_ct",10.8113827420571,105.972643621232,-197.142877334377,218.765642818491,"CT",1,225
"Weekly",0.05,"SameTimestamp",1000,"Monthly","beta_ct",-20.1938348165227,197.942913061566,-408.624948889857,368.237279256812,"CT",1,225
"Weekly",0.05,"SameTimestamp",1000,"Monthly","LogLik_ct",1519.95260682185,NA,NA,NA,"CT",1,225
"Weekly",0.05,"SameTimestamp",1000,"Monthly","AIC_ct",1523.95260682185,NA,NA,NA,"CT",1,225
"Weekly",0.05,"SameTimestamp",1000,"Monthly","BIC_ct",1533.76811737981,NA,NA,NA,"CT",1,225
"Weekly",0.05,"SameTimestamp",1000,"Monthly","error_var_dt",0.267630487627596,0.0119688211779692,0.244143602078644,0.291117373176547,"DT",1,225
"Weekly",0.05,"SameTimestamp",1000,"Monthly","beta_dt",-0.0149444128887093,0.0316053003584539,-0.0769647289433603,0.0470759031659417,"DT",1,225
"Weekly",0.05,"SameTimestamp",1000,"Monthly","LogLik_dt",1519.72904827301,NA,NA,NA,"DT",1,225
"Weekly",0.05,"SameTimestamp",1000,"Monthly","AIC_dt",1523.72904827301,NA,NA,NA,"DT",1,225
"Weekly",0.05,"SameTimestamp",1000,"Monthly","BIC_dt",1533.54455883097,NA,NA,NA,"DT",1,225
"Weekly",0.05,"SameTimestamp",1000,"Daily","error_var_ct",0.204165720513971,0.0110263850892458,0.182528214133103,0.22580322689484,"CT",1,226
"Weekly",0.05,"SameTimestamp",1000,"Daily","beta_ct",-0.397152445052326,0.0348190884940471,-0.465479303162948,-0.328825586941704,"CT",1,226
"Weekly",0.05,"SameTimestamp",1000,"Daily","LogLik_ct",878.206470616232,NA,NA,NA,"CT",1,226
"Weekly",0.05,"SameTimestamp",1000,"Daily","AIC_ct",882.206470616232,NA,NA,NA,"CT",1,226
"Weekly",0.05,"SameTimestamp",1000,"Daily","BIC_ct",892.021981174196,NA,NA,NA,"CT",1,226
"Weekly",0.05,"SameTimestamp",1000,"Daily","error_var_dt",0.140883187398124,0.00630114641590941,0.128518201532176,0.153248173264073,"DT",1,226
"Weekly",0.05,"SameTimestamp",1000,"Daily","beta_dt",0.672231455232197,0.0234065676741443,0.626299832737215,0.718163077727178,"DT",1,226
"Weekly",0.05,"SameTimestamp",1000,"Daily","LogLik_dt",878.20647061622,NA,NA,NA,"DT",1,226
"Weekly",0.05,"SameTimestamp",1000,"Daily","AIC_dt",882.20647061622,NA,NA,NA,"DT",1,226
"Weekly",0.05,"SameTimestamp",1000,"Daily","BIC_dt",892.021981174185,NA,NA,NA,"DT",1,226
"Weekly",0.05,"SameTimestamp",1000,"Weekly","error_var_ct",1.71417955737906,0.548153151361838,0.638517206183574,2.78984190857455,"CT",1,226
"Weekly",0.05,"SameTimestamp",1000,"Weekly","beta_ct",-3.58314013787375,1.14079976895504,-5.82177610789196,-1.34450416785554,"CT",1,226
"Weekly",0.05,"SameTimestamp",1000,"Weekly","LogLik_ct",1406.65251728689,NA,NA,NA,"CT",1,226
"Weekly",0.05,"SameTimestamp",1000,"Weekly","AIC_ct",1410.65251728689,NA,NA,NA,"CT",1,226
"Weekly",0.05,"SameTimestamp",1000,"Weekly","BIC_ct",1420.46802784486,NA,NA,NA,"CT",1,226
"Weekly",0.05,"SameTimestamp",1000,"Weekly","error_var_dt",0.239016052439616,0.0106891252972174,0.218040364129036,0.259991740750196,"DT",1,226
"Weekly",0.05,"SameTimestamp",1000,"Weekly","beta_dt",0.0277883177640545,0.0316055661743943,-0.0342325199116045,0.0898091554397136,"DT",1,226
"Weekly",0.05,"SameTimestamp",1000,"Weekly","LogLik_dt",1406.65251728689,NA,NA,NA,"DT",1,226
"Weekly",0.05,"SameTimestamp",1000,"Weekly","AIC_dt",1410.65251728689,NA,NA,NA,"DT",1,226
"Weekly",0.05,"SameTimestamp",1000,"Weekly","BIC_dt",1420.46802784485,NA,NA,NA,"DT",1,226
"Weekly",0.05,"SameTimestamp",1000,"Monthly","error_var_ct",2.28332610741511,1.14064541835923,0.0449930256032189,4.52165918922701,"CT",1,226
"Weekly",0.05,"SameTimestamp",1000,"Monthly","beta_ct",-4.18091054445255,2.08415588969618,-8.27073109733789,-0.0910899915672125,"CT",1,226
"Weekly",0.05,"SameTimestamp",1000,"Monthly","LogLik_ct",1539.60078003274,NA,NA,NA,"CT",1,226
"Weekly",0.05,"SameTimestamp",1000,"Monthly","AIC_ct",1543.60078003274,NA,NA,NA,"CT",1,226
"Weekly",0.05,"SameTimestamp",1000,"Monthly","BIC_ct",1553.4162905907,NA,NA,NA,"CT",1,226
"Weekly",0.05,"SameTimestamp",1000,"Monthly","error_var_dt",0.273001963746931,0.0122089861800961,0.249043793028459,0.296960134465403,"DT",1,226
"Weekly",0.05,"SameTimestamp",1000,"Monthly","beta_dt",0.0152846266890844,0.0316150361447157,-0.0467547942794307,0.0773240476575995,"DT",1,226
"Weekly",0.05,"SameTimestamp",1000,"Monthly","LogLik_dt",1539.60078003266,NA,NA,NA,"DT",1,226
"Weekly",0.05,"SameTimestamp",1000,"Monthly","AIC_dt",1543.60078003266,NA,NA,NA,"DT",1,226
"Weekly",0.05,"SameTimestamp",1000,"Monthly","BIC_dt",1553.41629059062,NA,NA,NA,"DT",1,226
"Weekly",0.05,"SameTimestamp",1000,"Daily","error_var_ct",0.20669283776075,0.0110146310063549,0.185078396876098,0.228307278645403,"CT",1,227
"Weekly",0.05,"SameTimestamp",1000,"Daily","beta_ct",-0.364667443334538,0.0329072991626927,-0.429242722525936,-0.30009216414314,"CT",1,227
"Weekly",0.05,"SameTimestamp",1000,"Daily","LogLik_ct",919.27636436733,NA,NA,NA,"CT",1,227
"Weekly",0.05,"SameTimestamp",1000,"Daily","AIC_ct",923.27636436733,NA,NA,NA,"CT",1,227
"Weekly",0.05,"SameTimestamp",1000,"Daily","BIC_ct",933.091874925294,NA,NA,NA,"CT",1,227
"Weekly",0.05,"SameTimestamp",1000,"Daily","error_var_dt",0.146735642591579,0.00656422985830055,0.133854397805108,0.15961688737805,"DT",1,227
"Weekly",0.05,"SameTimestamp",1000,"Daily","beta_dt",0.694427554364773,0.0228516156675458,0.649584935880323,0.739270172849223,"DT",1,227
"Weekly",0.05,"SameTimestamp",1000,"Daily","LogLik_dt",919.27636436733,NA,NA,NA,"DT",1,227
"Weekly",0.05,"SameTimestamp",1000,"Daily","AIC_dt",923.27636436733,NA,NA,NA,"DT",1,227
"Weekly",0.05,"SameTimestamp",1000,"Daily","BIC_dt",933.091874925294,NA,NA,NA,"DT",1,227
"Weekly",0.05,"SameTimestamp",1000,"Weekly","error_var_ct",1.38884498437372,0.241185597936156,0.915557059811111,1.86213290893632,"CT",1,227
"Weekly",0.05,"SameTimestamp",1000,"Weekly","beta_ct",-2.68192555458145,0.46163370057459,-3.58780740624549,-1.77604370291742,"CT",1,227
"Weekly",0.05,"SameTimestamp",1000,"Weekly","LogLik_ct",1481.97735008026,NA,NA,NA,"CT",1,227
"Weekly",0.05,"SameTimestamp",1000,"Weekly","AIC_ct",1485.97735008026,NA,NA,NA,"CT",1,227
"Weekly",0.05,"SameTimestamp",1000,"Weekly","BIC_ct",1495.79286063822,NA,NA,NA,"CT",1,227
"Weekly",0.05,"SameTimestamp",1000,"Weekly","error_var_dt",0.257714332436979,0.0115253748048103,0.235097639036328,0.28033102583763,"DT",1,227
"Weekly",0.05,"SameTimestamp",1000,"Weekly","beta_dt",0.0684312913178875,0.0315567495582441,0.00650624839589368,0.130356334239881,"DT",1,227
"Weekly",0.05,"SameTimestamp",1000,"Weekly","LogLik_dt",1481.97735008026,NA,NA,NA,"DT",1,227
"Weekly",0.05,"SameTimestamp",1000,"Weekly","AIC_dt",1485.97735008026,NA,NA,NA,"DT",1,227
"Weekly",0.05,"SameTimestamp",1000,"Weekly","BIC_dt",1495.79286063822,NA,NA,NA,"DT",1,227
"Weekly",0.05,"SameTimestamp",1000,"Monthly","error_var_ct",13.5073993255237,57.6197627053013,-99.5621128590329,126.57691151008,"CT",1,227
"Weekly",0.05,"SameTimestamp",1000,"Monthly","beta_ct",-24.3065621699261,103.687213332719,-227.776033074705,179.162908734853,"CT",1,227
"Weekly",0.05,"SameTimestamp",1000,"Monthly","LogLik_ct",1557.22272920568,NA,NA,NA,"CT",1,227
"Weekly",0.05,"SameTimestamp",1000,"Monthly","AIC_ct",1561.22272920568,NA,NA,NA,"CT",1,227
"Weekly",0.05,"SameTimestamp",1000,"Monthly","BIC_ct",1571.03823976364,NA,NA,NA,"CT",1,227
"Weekly",0.05,"SameTimestamp",1000,"Monthly","error_var_dt",0.27737968500975,0.0124048042603817,0.253037252819601,0.301722117199899,"DT",1,227
"Weekly",0.05,"SameTimestamp",1000,"Monthly","beta_dt",-0.0413605995507373,0.031592677220375,-0.103356144728213,0.0206349456267389,"DT",1,227
"Weekly",0.05,"SameTimestamp",1000,"Monthly","LogLik_dt",1555.51027369758,NA,NA,NA,"DT",1,227
"Weekly",0.05,"SameTimestamp",1000,"Monthly","AIC_dt",1559.51027369758,NA,NA,NA,"DT",1,227
"Weekly",0.05,"SameTimestamp",1000,"Monthly","BIC_dt",1569.32578425554,NA,NA,NA,"DT",1,227
"Weekly",0.05,"SameTimestamp",1000,"Daily","error_var_ct",0.200161113512029,0.0108979612114004,0.178775618325568,0.221546608698491,"CT",1,228
"Weekly",0.05,"SameTimestamp",1000,"Daily","beta_ct",-0.414492973290958,0.0359371647694357,-0.485013876172119,-0.343972070409796,"CT",1,228
"Weekly",0.05,"SameTimestamp",1000,"Daily","LogLik_ct",843.493438667634,NA,NA,NA,"CT",1,228
"Weekly",0.05,"SameTimestamp",1000,"Daily","AIC_ct",847.493438667634,NA,NA,NA,"CT",1,228
"Weekly",0.05,"SameTimestamp",1000,"Daily","BIC_ct",857.308949225598,NA,NA,NA,"CT",1,228
"Weekly",0.05,"SameTimestamp",1000,"Daily","error_var_dt",0.136060753144592,0.00608585183429326,0.124118248250039,0.148003258039145,"DT",1,228
"Weekly",0.05,"SameTimestamp",1000,"Daily","beta_dt",0.660675165698477,0.0237426642860376,0.614084007687044,0.70726632370991,"DT",1,228
"Weekly",0.05,"SameTimestamp",1000,"Daily","LogLik_dt",843.493438667633,NA,NA,NA,"DT",1,228
"Weekly",0.05,"SameTimestamp",1000,"Daily","AIC_dt",847.493438667633,NA,NA,NA,"DT",1,228
"Weekly",0.05,"SameTimestamp",1000,"Daily","BIC_dt",857.308949225597,NA,NA,NA,"DT",1,228
"Weekly",0.05,"SameTimestamp",1000,"Weekly","error_var_ct",1.38185930814371,0.240421589531209,0.910070627132212,1.85364798915521,"CT",1,228
"Weekly",0.05,"SameTimestamp",1000,"Weekly","beta_ct",-2.68732305645203,0.463433394895827,-3.59673651861617,-1.77790959428789,"CT",1,228
"Weekly",0.05,"SameTimestamp",1000,"Weekly","LogLik_ct",1474.97215683634,NA,NA,NA,"CT",1,228
"Weekly",0.05,"SameTimestamp",1000,"Weekly","AIC_ct",1478.97215683634,NA,NA,NA,"CT",1,228
"Weekly",0.05,"SameTimestamp",1000,"Weekly","BIC_ct",1488.78766739431,NA,NA,NA,"CT",1,228
"Weekly",0.05,"SameTimestamp",1000,"Weekly","error_var_dt",0.255915982352346,0.011444919168741,0.233457170190626,0.278374794514066,"DT",1,228
"Weekly",0.05,"SameTimestamp",1000,"Weekly","beta_dt",0.0680629405618234,0.0315382736928528,0.00617415355253887,0.129951727571108,"DT",1,228
"Weekly",0.05,"SameTimestamp",1000,"Weekly","LogLik_dt",1474.97215683634,NA,NA,NA,"DT",1,228
"Weekly",0.05,"SameTimestamp",1000,"Weekly","AIC_dt",1478.97215683634,NA,NA,NA,"DT",1,228
"Weekly",0.05,"SameTimestamp",1000,"Weekly","BIC_dt",1488.78766739431,NA,NA,NA,"DT",1,228
"Weekly",0.05,"SameTimestamp",1000,"Monthly","error_var_ct",2.38115826256715,1.62617844369319,-0.809955249889468,5.57227177502377,"CT",1,228
"Weekly",0.05,"SameTimestamp",1000,"Monthly","beta_ct",-4.5824422517858,3.1257106919355,-10.7161464979278,1.55126199435618,"CT",1,228
"Weekly",0.05,"SameTimestamp",1000,"Monthly","LogLik_ct",1489.98063977069,NA,NA,NA,"CT",1,228
"Weekly",0.05,"SameTimestamp",1000,"Monthly","AIC_ct",1493.98063977069,NA,NA,NA,"CT",1,228
"Weekly",0.05,"SameTimestamp",1000,"Monthly","BIC_ct",1503.79615032866,NA,NA,NA,"CT",1,228
"Weekly",0.05,"SameTimestamp",1000,"Monthly","error_var_dt",0.259786160868756,0.0116180120752219,0.236987681732035,0.282584640005477,"DT",1,228
"Weekly",0.05,"SameTimestamp",1000,"Monthly","beta_dt",0.0102300090728204,0.0316332041311769,-0.0518450636455473,0.0723050817911881,"DT",1,228
"Weekly",0.05,"SameTimestamp",1000,"Monthly","LogLik_dt",1489.98063977058,NA,NA,NA,"DT",1,228
"Weekly",0.05,"SameTimestamp",1000,"Monthly","AIC_dt",1493.98063977058,NA,NA,NA,"DT",1,228
"Weekly",0.05,"SameTimestamp",1000,"Monthly","BIC_dt",1503.79615032854,NA,NA,NA,"DT",1,228
"Weekly",0.05,"SameTimestamp",1000,"Daily","error_var_ct",0.21330975203237,0.0116159528862945,0.190515313722557,0.236104190342184,"CT",1,229
"Weekly",0.05,"SameTimestamp",1000,"Daily","beta_ct",-0.414675298481296,0.0359571742476437,-0.485235466743532,-0.34411513021906,"CT",1,229
"Weekly",0.05,"SameTimestamp",1000,"Daily","LogLik_ct",907.014951736245,NA,NA,NA,"CT",1,229
"Weekly",0.05,"SameTimestamp",1000,"Daily","AIC_ct",911.014951736245,NA,NA,NA,"CT",1,229
"Weekly",0.05,"SameTimestamp",1000,"Daily","BIC_ct",920.830462294209,NA,NA,NA,"CT",1,229
"Weekly",0.05,"SameTimestamp",1000,"Daily","error_var_dt",0.144975776846855,0.00648483126385884,0.13225033902522,0.15770121466849,"DT",1,229
"Weekly",0.05,"SameTimestamp",1000,"Daily","beta_dt",0.660554685696708,0.0237516363899205,0.613945921375189,0.707163450018228,"DT",1,229
"Weekly",0.05,"SameTimestamp",1000,"Daily","LogLik_dt",907.014951736233,NA,NA,NA,"DT",1,229
"Weekly",0.05,"SameTimestamp",1000,"Daily","AIC_dt",911.014951736233,NA,NA,NA,"DT",1,229
"Weekly",0.05,"SameTimestamp",1000,"Daily","BIC_dt",920.830462294198,NA,NA,NA,"DT",1,229
"Weekly",0.05,"SameTimestamp",1000,"Weekly","error_var_ct",1.03607122167183,0.131641052548332,0.777746839615113,1.29439560372854,"CT",1,229
"Weekly",0.05,"SameTimestamp",1000,"Weekly","beta_ct",-2.1624912195605,0.273012255615321,-2.69823383829902,-1.62674860082199,"CT",1,229
"Weekly",0.05,"SameTimestamp",1000,"Weekly","LogLik_ct",1395.58943598772,NA,NA,NA,"CT",1,229
"Weekly",0.05,"SameTimestamp",1000,"Weekly","AIC_ct",1399.58943598772,NA,NA,NA,"CT",1,229
"Weekly",0.05,"SameTimestamp",1000,"Weekly","BIC_ct",1409.40494654569,NA,NA,NA,"CT",1,229
"Weekly",0.05,"SameTimestamp",1000,"Weekly","error_var_dt",0.236384782899343,0.0105715361033938,0.215639844459286,0.2571297213394,"DT",1,229
"Weekly",0.05,"SameTimestamp",1000,"Weekly","beta_dt",0.11503817501314,0.0314135867259764,0.0533940661118266,0.176682283914453,"DT",1,229
"Weekly",0.05,"SameTimestamp",1000,"Weekly","LogLik_dt",1395.58943598773,NA,NA,NA,"DT",1,229
"Weekly",0.05,"SameTimestamp",1000,"Weekly","AIC_dt",1399.58943598773,NA,NA,NA,"DT",1,229
"Weekly",0.05,"SameTimestamp",1000,"Weekly","BIC_dt",1409.40494654569,NA,NA,NA,"DT",1,229
"Weekly",0.05,"SameTimestamp",1000,"Monthly","error_var_ct",1.87946204007801,0.730005765775933,0.446943196667285,3.31198088348873,"CT",1,229
"Weekly",0.05,"SameTimestamp",1000,"Monthly","beta_ct",-3.84915436257156,1.49021149694131,-6.77345462171631,-0.924854103426807,"CT",1,229
"Weekly",0.05,"SameTimestamp",1000,"Monthly","LogLik_ct",1427.40845063054,NA,NA,NA,"CT",1,229
"Weekly",0.05,"SameTimestamp",1000,"Monthly","AIC_ct",1431.40845063054,NA,NA,NA,"CT",1,229
"Weekly",0.05,"SameTimestamp",1000,"Monthly","BIC_ct",1441.22396118851,NA,NA,NA,"CT",1,229
"Weekly",0.05,"SameTimestamp",1000,"Monthly","error_var_dt",0.244028848439175,0.0109133005454018,0.222613252278129,0.265444444600221,"DT",1,229
"Weekly",0.05,"SameTimestamp",1000,"Monthly","beta_dt",0.0212976186072507,0.031610767366916,-0.0407334255717606,0.083328662786262,"DT",1,229
"Weekly",0.05,"SameTimestamp",1000,"Monthly","LogLik_dt",1427.40845063053,NA,NA,NA,"DT",1,229
"Weekly",0.05,"SameTimestamp",1000,"Monthly","AIC_dt",1431.40845063053,NA,NA,NA,"DT",1,229
"Weekly",0.05,"SameTimestamp",1000,"Monthly","BIC_dt",1441.22396118849,NA,NA,NA,"DT",1,229
"Weekly",0.05,"SameTimestamp",1000,"Daily","error_var_ct",0.217195454478332,0.0120940056281646,0.19346291459045,0.240927994366214,"CT",1,230
"Weekly",0.05,"SameTimestamp",1000,"Daily","beta_ct",-0.464383619198175,0.0391195154132106,-0.541149373116509,-0.387617865279841,"CT",1,230
"Weekly",0.05,"SameTimestamp",1000,"Daily","LogLik_ct",882.480857497699,NA,NA,NA,"CT",1,230
"Weekly",0.05,"SameTimestamp",1000,"Daily","AIC_ct",886.480857497699,NA,NA,NA,"CT",1,230
"Weekly",0.05,"SameTimestamp",1000,"Daily","BIC_ct",896.296368055663,NA,NA,NA,"CT",1,230
"Weekly",0.05,"SameTimestamp",1000,"Daily","error_var_dt",0.1414719064671,0.00632787123916549,0.129054477436048,0.153889335498151,"DT",1,230
"Weekly",0.05,"SameTimestamp",1000,"Daily","beta_dt",0.628522405339552,0.0245875632879995,0.580273268997218,0.676771541681886,"DT",1,230
"Weekly",0.05,"SameTimestamp",1000,"Daily","LogLik_dt",882.4808574977,NA,NA,NA,"DT",1,230
"Weekly",0.05,"SameTimestamp",1000,"Daily","AIC_dt",886.4808574977,NA,NA,NA,"DT",1,230
"Weekly",0.05,"SameTimestamp",1000,"Daily","BIC_dt",896.296368055664,NA,NA,NA,"DT",1,230
"Weekly",0.05,"SameTimestamp",1000,"Weekly","error_var_ct",1.44344498465811,0.313988120255544,0.827293825365435,2.05959614395079,"CT",1,230
"Weekly",0.05,"SameTimestamp",1000,"Weekly","beta_ct",-3.0310586617775,0.654498765619429,-4.31540716790515,-1.74671015564985,"CT",1,230
"Weekly",0.05,"SameTimestamp",1000,"Weekly","LogLik_ct",1400.5188804986,NA,NA,NA,"CT",1,230
"Weekly",0.05,"SameTimestamp",1000,"Weekly","AIC_ct",1404.5188804986,NA,NA,NA,"CT",1,230
"Weekly",0.05,"SameTimestamp",1000,"Weekly","BIC_ct",1414.33439105656,NA,NA,NA,"CT",1,230
"Weekly",0.05,"SameTimestamp",1000,"Weekly","error_var_dt",0.237554306282299,0.0106237598950575,0.216706887054912,0.258401725509687,"DT",1,230
"Weekly",0.05,"SameTimestamp",1000,"Weekly","beta_dt",0.0482644624307439,0.031575078237038,-0.0136965475739471,0.110225472435435,"DT",1,230
"Weekly",0.05,"SameTimestamp",1000,"Weekly","LogLik_dt",1400.51888049854,NA,NA,NA,"DT",1,230
"Weekly",0.05,"SameTimestamp",1000,"Weekly","AIC_dt",1404.51888049854,NA,NA,NA,"DT",1,230
"Weekly",0.05,"SameTimestamp",1000,"Weekly","BIC_dt",1414.33439105651,NA,NA,NA,"DT",1,230
"Weekly",0.05,"SameTimestamp",1000,"Monthly","error_var_ct",7.47051981091798,136.657876331738,-260.698571617595,275.639611239431,"CT",1,230
"Weekly",0.05,"SameTimestamp",1000,"Monthly","beta_ct",-15.9470468859401,291.718648726709,-588.397951888231,556.503858116351,"CT",1,230
"Weekly",0.05,"SameTimestamp",1000,"Monthly","LogLik_ct",1386.42483363927,NA,NA,NA,"CT",1,230
"Weekly",0.05,"SameTimestamp",1000,"Monthly","AIC_ct",1390.42483363927,NA,NA,NA,"CT",1,230
"Weekly",0.05,"SameTimestamp",1000,"Monthly","BIC_ct",1400.24034419723,NA,NA,NA,"CT",1,230
"Weekly",0.05,"SameTimestamp",1000,"Monthly","error_var_dt",0.234225508722718,0.0104748850060555,0.213670232508173,0.254780784937263,"DT",1,230
"Weekly",0.05,"SameTimestamp",1000,"Monthly","beta_dt",-0.00432228868956706,0.0316262200222676,-0.0663836562180774,0.0577390788389433,"DT",1,230
"Weekly",0.05,"SameTimestamp",1000,"Monthly","LogLik_dt",1386.40615467709,NA,NA,NA,"DT",1,230
"Weekly",0.05,"SameTimestamp",1000,"Monthly","AIC_dt",1390.40615467709,NA,NA,NA,"DT",1,230
"Weekly",0.05,"SameTimestamp",1000,"Monthly","BIC_dt",1400.22166523505,NA,NA,NA,"DT",1,230
"Weekly",0.05,"SameTimestamp",1000,"Daily","error_var_ct",0.201868412003043,0.0112270936639382,0.179837047342199,0.223899776663888,"CT",1,231
"Weekly",0.05,"SameTimestamp",1000,"Daily","beta_ct",-0.461068954628167,0.0389412370938614,-0.537484866033179,-0.384653043223156,"CT",1,231
"Weekly",0.05,"SameTimestamp",1000,"Daily","LogLik_ct",812.051435057121,NA,NA,NA,"CT",1,231
"Weekly",0.05,"SameTimestamp",1000,"Daily","AIC_ct",816.051435057121,NA,NA,NA,"CT",1,231
"Weekly",0.05,"SameTimestamp",1000,"Daily","BIC_ct",825.866945615085,NA,NA,NA,"CT",1,231
"Weekly",0.05,"SameTimestamp",1000,"Daily","error_var_dt",0.131858606799073,0.00589766943642075,0.120285379578189,0.143431834019957,"DT",1,231
"Weekly",0.05,"SameTimestamp",1000,"Daily","beta_dt",0.630609192738433,0.0245569240131584,0.582420181042528,0.678798204434338,"DT",1,231
"Weekly",0.05,"SameTimestamp",1000,"Daily","LogLik_dt",812.051435057123,NA,NA,NA,"DT",1,231
"Weekly",0.05,"SameTimestamp",1000,"Daily","AIC_dt",816.051435057123,NA,NA,NA,"DT",1,231
"Weekly",0.05,"SameTimestamp",1000,"Daily","BIC_dt",825.866945615087,NA,NA,NA,"DT",1,231
"Weekly",0.05,"SameTimestamp",1000,"Weekly","error_var_ct",1.67612497324719,0.501947736244923,0.691133313881435,2.66111663261295,"CT",1,231
"Weekly",0.05,"SameTimestamp",1000,"Weekly","beta_ct",-3.49842732322013,1.04263513333442,-5.54443099240491,-1.45242365403534,"CT",1,231
"Weekly",0.05,"SameTimestamp",1000,"Weekly","LogLik_ct",1407.98593279178,NA,NA,NA,"CT",1,231
"Weekly",0.05,"SameTimestamp",1000,"Weekly","AIC_ct",1411.98593279178,NA,NA,NA,"CT",1,231
"Weekly",0.05,"SameTimestamp",1000,"Weekly","BIC_ct",1421.80144334975,NA,NA,NA,"CT",1,231
"Weekly",0.05,"SameTimestamp",1000,"Weekly","error_var_dt",0.239334942570927,0.0107033904459225,0.21833126120155,0.260338623940305,"DT",1,231
"Weekly",0.05,"SameTimestamp",1000,"Weekly","beta_dt",0.0302449128571595,0.0315957526634583,-0.0317566673824698,0.0922464930967888,"DT",1,231
"Weekly",0.05,"SameTimestamp",1000,"Weekly","LogLik_dt",1407.98593279179,NA,NA,NA,"DT",1,231
"Weekly",0.05,"SameTimestamp",1000,"Weekly","AIC_dt",1411.98593279179,NA,NA,NA,"DT",1,231
"Weekly",0.05,"SameTimestamp",1000,"Weekly","BIC_dt",1421.80144334975,NA,NA,NA,"DT",1,231
"Weekly",0.05,"SameTimestamp",1000,"Monthly","error_var_ct",1.65876769683829,0.364211666972284,0.944060909045646,2.37347448463094,"CT",1,231
"Weekly",0.05,"SameTimestamp",1000,"Monthly","beta_ct",-3.0436050792411,0.663455065469899,-4.34552888258493,-1.74168127589728,"CT",1,231
"Weekly",0.05,"SameTimestamp",1000,"Monthly","LogLik_ct",1535.48812300317,NA,NA,NA,"CT",1,231
"Weekly",0.05,"SameTimestamp",1000,"Monthly","AIC_ct",1539.48812300317,NA,NA,NA,"CT",1,231
"Weekly",0.05,"SameTimestamp",1000,"Monthly","BIC_ct",1549.30363356113,NA,NA,NA,"CT",1,231
"Weekly",0.05,"SameTimestamp",1000,"Monthly","error_var_dt",0.271881431173211,0.0121589038265125,0.248021539014435,0.295741323331986,"DT",1,231
"Weekly",0.05,"SameTimestamp",1000,"Monthly","beta_dt",0.0476627461403398,0.0316216246137581,-0.01438960363846,0.10971509591914,"DT",1,231
"Weekly",0.05,"SameTimestamp",1000,"Monthly","LogLik_dt",1535.48812300317,NA,NA,NA,"DT",1,231
"Weekly",0.05,"SameTimestamp",1000,"Monthly","AIC_dt",1539.48812300317,NA,NA,NA,"DT",1,231
"Weekly",0.05,"SameTimestamp",1000,"Monthly","BIC_dt",1549.30363356113,NA,NA,NA,"DT",1,231
"Weekly",0.05,"SameTimestamp",1000,"Daily","error_var_ct",0.223468044601412,0.0121655457228995,0.199595118789786,0.247340970413038,"CT",1,232
"Weekly",0.05,"SameTimestamp",1000,"Daily","beta_ct",-0.414403259514028,0.0359319701466706,-0.484913968783928,-0.343892550244129,"CT",1,232
"Weekly",0.05,"SameTimestamp",1000,"Daily","LogLik_ct",953.57862711918,NA,NA,NA,"CT",1,232
"Weekly",0.05,"SameTimestamp",1000,"Daily","AIC_ct",957.57862711918,NA,NA,NA,"CT",1,232
"Weekly",0.05,"SameTimestamp",1000,"Daily","BIC_ct",967.394137677144,NA,NA,NA,"CT",1,232
"Weekly",0.05,"SameTimestamp",1000,"Daily","error_var_dt",0.151915532128597,0.00679449761618145,0.138582423921782,0.165248640335411,"DT",1,232
"Weekly",0.05,"SameTimestamp",1000,"Daily","beta_dt",0.660734690447785,0.0237412761013822,0.614146256525353,0.707323124370218,"DT",1,232
"Weekly",0.05,"SameTimestamp",1000,"Daily","LogLik_dt",953.578627119075,NA,NA,NA,"DT",1,232
"Weekly",0.05,"SameTimestamp",1000,"Daily","AIC_dt",957.578627119075,NA,NA,NA,"DT",1,232
"Weekly",0.05,"SameTimestamp",1000,"Daily","BIC_dt",967.394137677039,NA,NA,NA,"DT",1,232
"Weekly",0.05,"SameTimestamp",1000,"Weekly","error_var_ct",11.5298239637569,39.8166442050226,-66.6039330271194,89.6635809546331,"CT",1,232
"Weekly",0.05,"SameTimestamp",1000,"Weekly","beta_ct",-21.2781342680917,73.4814111617102,-165.473579104989,122.917310568806,"CT",1,232
"Weekly",0.05,"SameTimestamp",1000,"Weekly","LogLik_ct",1531.98993241672,NA,NA,NA,"CT",1,232
"Weekly",0.05,"SameTimestamp",1000,"Weekly","AIC_ct",1535.98993241672,NA,NA,NA,"CT",1,232
"Weekly",0.05,"SameTimestamp",1000,"Weekly","BIC_ct",1545.80544297468,NA,NA,NA,"CT",1,232
"Weekly",0.05,"SameTimestamp",1000,"Weekly","error_var_dt",0.270893725127531,0.0121147439422486,0.247120489635451,0.29466696061961,"DT",1,232
"Weekly",0.05,"SameTimestamp",1000,"Weekly","beta_dt",-0.011894502736139,0.0316141152442311,-0.0739321165856437,0.0501431111133656,"DT",1,232
"Weekly",0.05,"SameTimestamp",1000,"Weekly","LogLik_dt",1531.84838192214,NA,NA,NA,"DT",1,232
"Weekly",0.05,"SameTimestamp",1000,"Weekly","AIC_dt",1535.84838192214,NA,NA,NA,"DT",1,232
"Weekly",0.05,"SameTimestamp",1000,"Weekly","BIC_dt",1545.6638924801,NA,NA,NA,"DT",1,232
"Weekly",0.05,"SameTimestamp",1000,"Monthly","error_var_ct",1.82564024974114,0.66636376799737,0.518008585753157,3.13327191372912,"CT",1,232
"Weekly",0.05,"SameTimestamp",1000,"Monthly","beta_ct",-3.76936737092405,1.37096550851073,-6.45966656673971,-1.07906817510839,"CT",1,232
"Weekly",0.05,"SameTimestamp",1000,"Monthly","LogLik_ct",1419.22122959121,NA,NA,NA,"CT",1,232
"Weekly",0.05,"SameTimestamp",1000,"Monthly","AIC_ct",1423.22122959121,NA,NA,NA,"CT",1,232
"Weekly",0.05,"SameTimestamp",1000,"Monthly","BIC_ct",1433.03674014918,NA,NA,NA,"CT",1,232
"Weekly",0.05,"SameTimestamp",1000,"Monthly","error_var_dt",0.24203913668059,0.0108243285744046,0.220798133695329,0.26328013966585,"DT",1,232
"Weekly",0.05,"SameTimestamp",1000,"Monthly","beta_dt",0.0230665915663917,0.0316008535383612,-0.0389449983194059,0.0850781814521894,"DT",1,232
"Weekly",0.05,"SameTimestamp",1000,"Monthly","LogLik_dt",1419.22122959121,NA,NA,NA,"DT",1,232
"Weekly",0.05,"SameTimestamp",1000,"Monthly","AIC_dt",1423.22122959121,NA,NA,NA,"DT",1,232
"Weekly",0.05,"SameTimestamp",1000,"Monthly","BIC_dt",1433.03674014918,NA,NA,NA,"DT",1,232
"Weekly",0.05,"SameTimestamp",1000,"Daily","error_var_ct",0.2073218813839,0.0114099768678768,0.18493163786474,0.22971212490306,"CT",1,233
"Weekly",0.05,"SameTimestamp",1000,"Daily","beta_ct",-0.438086939090053,0.0374571154844921,-0.5115905006603,-0.364583377519806,"CT",1,233
"Weekly",0.05,"SameTimestamp",1000,"Daily","LogLik_ct",858.232401863444,NA,NA,NA,"CT",1,233
"Weekly",0.05,"SameTimestamp",1000,"Daily","AIC_ct",862.232401863444,NA,NA,NA,"CT",1,233
"Weekly",0.05,"SameTimestamp",1000,"Daily","BIC_ct",872.047912421408,NA,NA,NA,"CT",1,233
"Weekly",0.05,"SameTimestamp",1000,"Daily","error_var_dt",0.138098926089182,0.00617657530189638,0.125978390988604,0.150219461189761,"DT",1,233
"Weekly",0.05,"SameTimestamp",1000,"Daily","beta_dt",0.645269659062683,0.0241702231118242,0.597839485658056,0.692699832467309,"DT",1,233
"Weekly",0.05,"SameTimestamp",1000,"Daily","LogLik_dt",858.232401863452,NA,NA,NA,"DT",1,233
"Weekly",0.05,"SameTimestamp",1000,"Daily","AIC_dt",862.232401863452,NA,NA,NA,"DT",1,233
"Weekly",0.05,"SameTimestamp",1000,"Daily","BIC_dt",872.047912421416,NA,NA,NA,"DT",1,233
"Weekly",0.05,"SameTimestamp",1000,"Weekly","error_var_ct",1.43347742708619,0.271519752889687,0.900663604774428,1.96629124939795,"CT",1,233
"Weekly",0.05,"SameTimestamp",1000,"Weekly","beta_ct",-2.82120518699426,0.529905267069237,-3.86105900169998,-1.78135137228854,"CT",1,233
"Weekly",0.05,"SameTimestamp",1000,"Weekly","LogLik_ct",1464.11841271167,NA,NA,NA,"CT",1,233
"Weekly",0.05,"SameTimestamp",1000,"Weekly","AIC_ct",1468.11841271167,NA,NA,NA,"CT",1,233
"Weekly",0.05,"SameTimestamp",1000,"Weekly","BIC_ct",1477.93392326963,NA,NA,NA,"CT",1,233
"Weekly",0.05,"SameTimestamp",1000,"Weekly","error_var_dt",0.25315366263757,0.0113213822551754,0.230937271789265,0.275370053485875,"DT",1,233
"Weekly",0.05,"SameTimestamp",1000,"Weekly","beta_dt",0.0595342095032873,0.0315611178391901,-0.00239940546712292,0.121467824473698,"DT",1,233
"Weekly",0.05,"SameTimestamp",1000,"Weekly","LogLik_dt",1464.11841271168,NA,NA,NA,"DT",1,233
"Weekly",0.05,"SameTimestamp",1000,"Weekly","AIC_dt",1468.11841271168,NA,NA,NA,"DT",1,233
"Weekly",0.05,"SameTimestamp",1000,"Weekly","BIC_dt",1477.93392326965,NA,NA,NA,"DT",1,233
"Weekly",0.05,"SameTimestamp",1000,"Monthly","error_var_ct",12.0989778587844,101.227909691194,-186.544505398612,210.74246111618,"CT",1,233
"Weekly",0.05,"SameTimestamp",1000,"Monthly","beta_ct",-22.8948971354691,191.556971781187,-398.794629066455,353.004834795516,"CT",1,233
"Weekly",0.05,"SameTimestamp",1000,"Monthly","LogLik_ct",1506.93657657893,NA,NA,NA,"CT",1,233
"Weekly",0.05,"SameTimestamp",1000,"Monthly","AIC_ct",1510.93657657893,NA,NA,NA,"CT",1,233
"Weekly",0.05,"SameTimestamp",1000,"Monthly","BIC_ct",1520.7520871369,NA,NA,NA,"CT",1,233
"Weekly",0.05,"SameTimestamp",1000,"Monthly","error_var_dt",0.264069851594636,0.0118095685001626,0.24089547379907,0.287244229390201,"DT",1,233
"Weekly",0.05,"SameTimestamp",1000,"Monthly","beta_dt",-0.0245134403882899,0.0316127563973797,-0.0865483877195132,0.0375215069429334,"DT",1,233
"Weekly",0.05,"SameTimestamp",1000,"Monthly","LogLik_dt",1506.33545988252,NA,NA,NA,"DT",1,233
"Weekly",0.05,"SameTimestamp",1000,"Monthly","AIC_dt",1510.33545988252,NA,NA,NA,"DT",1,233
"Weekly",0.05,"SameTimestamp",1000,"Monthly","BIC_dt",1520.15097044049,NA,NA,NA,"DT",1,233
"Weekly",0.05,"SameTimestamp",1000,"Daily","error_var_ct",0.22493739559147,0.0123951278939452,0.20061395171334,0.249260839469601,"CT",1,234
"Weekly",0.05,"SameTimestamp",1000,"Daily","beta_ct",-0.441383682227842,0.0376445824759259,-0.515255117601744,-0.367512246853939,"CT",1,234
"Weekly",0.05,"SameTimestamp",1000,"Daily","LogLik_ct",936.957325612962,NA,NA,NA,"CT",1,234
"Weekly",0.05,"SameTimestamp",1000,"Daily","AIC_ct",940.957325612962,NA,NA,NA,"CT",1,234
"Weekly",0.05,"SameTimestamp",1000,"Daily","BIC_ct",950.772836170927,NA,NA,NA,"CT",1,234
"Weekly",0.05,"SameTimestamp",1000,"Daily","error_var_dt",0.149410882881381,0.00668248890123654,0.136297573753295,0.162524192009466,"DT",1,234
"Weekly",0.05,"SameTimestamp",1000,"Daily","beta_dt",0.643145891181353,0.0242110904304311,0.595635522240295,0.69065626012241,"DT",1,234
"Weekly",0.05,"SameTimestamp",1000,"Daily","LogLik_dt",936.957325612962,NA,NA,NA,"DT",1,234
"Weekly",0.05,"SameTimestamp",1000,"Daily","AIC_dt",940.957325612962,NA,NA,NA,"DT",1,234
"Weekly",0.05,"SameTimestamp",1000,"Daily","BIC_dt",950.772836170926,NA,NA,NA,"DT",1,234
"Weekly",0.05,"SameTimestamp",1000,"Weekly","error_var_ct",1.6268220532455,0.388461942318061,0.864528002421035,2.38911610406996,"CT",1,234
"Weekly",0.05,"SameTimestamp",1000,"Weekly","beta_ct",-3.17117913054809,0.75227114474271,-4.64739019725473,-1.69496806384145,"CT",1,234
"Weekly",0.05,"SameTimestamp",1000,"Weekly","LogLik_ct",1475.49321548095,NA,NA,NA,"CT",1,234
"Weekly",0.05,"SameTimestamp",1000,"Weekly","AIC_ct",1479.49321548095,NA,NA,NA,"CT",1,234
"Weekly",0.05,"SameTimestamp",1000,"Weekly","BIC_ct",1489.30872603891,NA,NA,NA,"CT",1,234
"Weekly",0.05,"SameTimestamp",1000,"Weekly","error_var_dt",0.256049642539714,0.0114508886866413,0.233579116159725,0.278520168919703,"DT",1,234
"Weekly",0.05,"SameTimestamp",1000,"Weekly","beta_dt",0.0419540526764362,0.0315890788551893,-0.0200344312884088,0.103942536641281,"DT",1,234
"Weekly",0.05,"SameTimestamp",1000,"Weekly","LogLik_dt",1475.49321548095,NA,NA,NA,"DT",1,234
"Weekly",0.05,"SameTimestamp",1000,"Weekly","AIC_dt",1479.49321548095,NA,NA,NA,"DT",1,234
"Weekly",0.05,"SameTimestamp",1000,"Weekly","BIC_dt",1489.30872603891,NA,NA,NA,"DT",1,234
"Weekly",0.05,"SameTimestamp",1000,"Monthly","error_var_ct",1.84338799473604,0.621128038939223,0.624524169728536,3.06225181974354,"CT",1,234
"Weekly",0.05,"SameTimestamp",1000,"Monthly","beta_ct",-3.65561839031187,1.22678762992889,-6.06299170039574,-1.248245080228,"CT",1,234
"Weekly",0.05,"SameTimestamp",1000,"Monthly","LogLik_ct",1459.40161466506,NA,NA,NA,"CT",1,234
"Weekly",0.05,"SameTimestamp",1000,"Monthly","AIC_ct",1463.40161466506,NA,NA,NA,"CT",1,234
"Weekly",0.05,"SameTimestamp",1000,"Monthly","BIC_ct",1473.21712522303,NA,NA,NA,"CT",1,234
"Weekly",0.05,"SameTimestamp",1000,"Monthly","error_var_dt",0.251962382238124,0.0112681161681527,0.229850517514066,0.274074246962181,"DT",1,234
"Weekly",0.05,"SameTimestamp",1000,"Monthly","beta_dt",0.0258455009888531,0.0316319999348799,-0.0362272086880601,0.0879182106657664,"DT",1,234
"Weekly",0.05,"SameTimestamp",1000,"Monthly","LogLik_dt",1459.40161466506,NA,NA,NA,"DT",1,234
"Weekly",0.05,"SameTimestamp",1000,"Monthly","AIC_dt",1463.40161466506,NA,NA,NA,"DT",1,234
"Weekly",0.05,"SameTimestamp",1000,"Monthly","BIC_dt",1473.21712522303,NA,NA,NA,"DT",1,234
"Weekly",0.05,"SameTimestamp",1000,"Daily","error_var_ct",0.216781945670893,0.0120656598344275,0.193105029841838,0.240458861499947,"CT",1,235
"Weekly",0.05,"SameTimestamp",1000,"Daily","beta_ct",-0.463119233885719,0.0390195400049771,-0.539688802153354,-0.386549665618083,"CT",1,235
"Weekly",0.05,"SameTimestamp",1000,"Daily","LogLik_ct",882.215763829155,NA,NA,NA,"CT",1,235
"Weekly",0.05,"SameTimestamp",1000,"Daily","AIC_ct",886.215763829155,NA,NA,NA,"CT",1,235
"Weekly",0.05,"SameTimestamp",1000,"Daily","BIC_ct",896.03127438712,NA,NA,NA,"CT",1,235
"Weekly",0.05,"SameTimestamp",1000,"Daily","error_var_dt",0.141353968931994,0.00632471167424675,0.128942740038661,0.153765197825328,"DT",1,235
"Weekly",0.05,"SameTimestamp",1000,"Daily","beta_dt",0.629317595528027,0.0245560940257238,0.581130212548901,0.677504978507153,"DT",1,235
"Weekly",0.05,"SameTimestamp",1000,"Daily","LogLik_dt",882.215763829157,NA,NA,NA,"DT",1,235
"Weekly",0.05,"SameTimestamp",1000,"Daily","AIC_dt",886.215763829157,NA,NA,NA,"DT",1,235
"Weekly",0.05,"SameTimestamp",1000,"Daily","BIC_dt",896.031274387122,NA,NA,NA,"DT",1,235
"Weekly",0.05,"SameTimestamp",1000,"Weekly","error_var_ct",1.56452671362312,0.373567210589674,0.831461176967697,2.29759225027855,"CT",1,235
"Weekly",0.05,"SameTimestamp",1000,"Weekly","beta_ct",-3.16918235754517,0.751761183623596,-4.64439270761807,-1.69397200747227,"CT",1,235
"Weekly",0.05,"SameTimestamp",1000,"Weekly","LogLik_ct",1437.07381418338,NA,NA,NA,"CT",1,235
"Weekly",0.05,"SameTimestamp",1000,"Weekly","AIC_ct",1441.07381418338,NA,NA,NA,"CT",1,235
"Weekly",0.05,"SameTimestamp",1000,"Weekly","BIC_ct",1450.88932474134,NA,NA,NA,"CT",1,235
"Weekly",0.05,"SameTimestamp",1000,"Weekly","error_var_dt",0.24639822616426,0.0110193080168223,0.224774607399186,0.268021844929335,"DT",1,235
"Weekly",0.05,"SameTimestamp",1000,"Weekly","beta_dt",0.0420378941646297,0.0316073193569174,-0.0199863838496104,0.10406217217887,"DT",1,235
"Weekly",0.05,"SameTimestamp",1000,"Weekly","LogLik_dt",1437.07381418337,NA,NA,NA,"DT",1,235
"Weekly",0.05,"SameTimestamp",1000,"Weekly","AIC_dt",1441.07381418337,NA,NA,NA,"DT",1,235
"Weekly",0.05,"SameTimestamp",1000,"Weekly","BIC_dt",1450.88932474134,NA,NA,NA,"DT",1,235
"Weekly",0.05,"SameTimestamp",1000,"Monthly","error_var_ct",11.190418650832,64.4860122978689,-115.353003447929,137.733840749593,"CT",1,235
"Weekly",0.05,"SameTimestamp",1000,"Monthly","beta_ct",-22.1178374896243,127.453955406353,-272.225715189417,227.990040210169,"CT",1,235
"Weekly",0.05,"SameTimestamp",1000,"Monthly","LogLik_ct",1463.4039458568,NA,NA,NA,"CT",1,235
"Weekly",0.05,"SameTimestamp",1000,"Monthly","AIC_ct",1467.4039458568,NA,NA,NA,"CT",1,235
"Weekly",0.05,"SameTimestamp",1000,"Monthly","BIC_ct",1477.21945641477,NA,NA,NA,"CT",1,235
"Weekly",0.05,"SameTimestamp",1000,"Monthly","error_var_dt",0.252429907445343,0.01128905347552,0.230276956624791,0.274582858265896,"DT",1,235
"Weekly",0.05,"SameTimestamp",1000,"Monthly","beta_dt",-0.0463129087087266,0.0316040208553365,-0.108330713944406,0.0157048965269532,"DT",1,235
"Weekly",0.05,"SameTimestamp",1000,"Monthly","LogLik_dt",1461.25882362998,NA,NA,NA,"DT",1,235
"Weekly",0.05,"SameTimestamp",1000,"Monthly","AIC_dt",1465.25882362998,NA,NA,NA,"DT",1,235
"Weekly",0.05,"SameTimestamp",1000,"Monthly","BIC_dt",1475.07433418794,NA,NA,NA,"DT",1,235
"Weekly",0.05,"SameTimestamp",1000,"Daily","error_var_ct",0.207516415431051,0.011431259487424,0.185084408195811,0.229948422666291,"CT",1,236
"Weekly",0.05,"SameTimestamp",1000,"Daily","beta_ct",-0.439096458792154,0.0375735248949263,-0.512828455097872,-0.365364462486436,"CT",1,236
"Weekly",0.05,"SameTimestamp",1000,"Daily","LogLik_ct",858.306084097998,NA,NA,NA,"CT",1,236
"Weekly",0.05,"SameTimestamp",1000,"Daily","AIC_ct",862.306084097998,NA,NA,NA,"CT",1,236
"Weekly",0.05,"SameTimestamp",1000,"Daily","BIC_ct",872.121594655962,NA,NA,NA,"CT",1,236
"Weekly",0.05,"SameTimestamp",1000,"Daily","error_var_dt",0.138109248591033,0.006177031821971,0.125987817643271,0.150230679538795,"DT",1,236
"Weekly",0.05,"SameTimestamp",1000,"Daily","beta_dt",0.644618619382078,0.0242207363259078,0.597089321923357,0.692147916840799,"DT",1,236
"Weekly",0.05,"SameTimestamp",1000,"Daily","LogLik_dt",858.306084097771,NA,NA,NA,"DT",1,236
"Weekly",0.05,"SameTimestamp",1000,"Daily","AIC_dt",862.306084097771,NA,NA,NA,"DT",1,236
"Weekly",0.05,"SameTimestamp",1000,"Daily","BIC_dt",872.121594655735,NA,NA,NA,"DT",1,236
"Weekly",0.05,"SameTimestamp",1000,"Weekly","error_var_ct",1.62855961730794,0.485973286844814,0.674915244294697,2.58220399032118,"CT",1,236
"Weekly",0.05,"SameTimestamp",1000,"Weekly","beta_ct",-3.48979849471685,1.0363421818376,-5.52345325924569,-1.45614373018801,"CT",1,236
"Weekly",0.05,"SameTimestamp",1000,"Weekly","LogLik_ct",1381.65091435476,NA,NA,NA,"CT",1,236
"Weekly",0.05,"SameTimestamp",1000,"Weekly","AIC_ct",1385.65091435476,NA,NA,NA,"CT",1,236
"Weekly",0.05,"SameTimestamp",1000,"Weekly","BIC_ct",1395.46642491273,NA,NA,NA,"CT",1,236
"Weekly",0.05,"SameTimestamp",1000,"Weekly","error_var_dt",0.233114351473849,0.0104251815079485,0.212656610376093,0.253572092571605,"DT",1,236
"Weekly",0.05,"SameTimestamp",1000,"Weekly","beta_dt",0.0305071190691809,0.0315921375115021,-0.0314873670164815,0.0925016051548433,"DT",1,236
"Weekly",0.05,"SameTimestamp",1000,"Weekly","LogLik_dt",1381.65091435474,NA,NA,NA,"DT",1,236
"Weekly",0.05,"SameTimestamp",1000,"Weekly","AIC_dt",1385.65091435474,NA,NA,NA,"DT",1,236
"Weekly",0.05,"SameTimestamp",1000,"Weekly","BIC_dt",1395.4664249127,NA,NA,NA,"DT",1,236
"Weekly",0.05,"SameTimestamp",1000,"Monthly","error_var_ct",1.88797361483859,0.784002676353138,0.349494523558332,3.42645270611885,"CT",1,236
"Weekly",0.05,"SameTimestamp",1000,"Monthly","beta_ct",-3.95035240297807,1.63577834485681,-7.16030417666012,-0.740400629296027,"CT",1,236
"Weekly",0.05,"SameTimestamp",1000,"Monthly","LogLik_ct",1406.05826390757,NA,NA,NA,"CT",1,236
"Weekly",0.05,"SameTimestamp",1000,"Monthly","AIC_ct",1410.05826390757,NA,NA,NA,"CT",1,236
"Weekly",0.05,"SameTimestamp",1000,"Monthly","BIC_ct",1419.87377446554,NA,NA,NA,"CT",1,236
"Weekly",0.05,"SameTimestamp",1000,"Monthly","error_var_dt",0.238874061610593,0.0106827628266145,0.217910858624728,0.259837264596458,"DT",1,236
"Weekly",0.05,"SameTimestamp",1000,"Monthly","beta_dt",0.0192478298303858,0.0316089437179699,-0.0427796357310289,0.0812752953918005,"DT",1,236
"Weekly",0.05,"SameTimestamp",1000,"Monthly","LogLik_dt",1406.05826390749,NA,NA,NA,"DT",1,236
"Weekly",0.05,"SameTimestamp",1000,"Monthly","AIC_dt",1410.05826390749,NA,NA,NA,"DT",1,236
"Weekly",0.05,"SameTimestamp",1000,"Monthly","BIC_dt",1419.87377446546,NA,NA,NA,"DT",1,236
"Weekly",0.05,"SameTimestamp",1000,"Daily","error_var_ct",0.205612892097801,0.0109034584263699,0.184216609511569,0.227009174684033,"CT",1,237
"Weekly",0.05,"SameTimestamp",1000,"Daily","beta_ct",-0.35718822700658,0.0322858781563363,-0.420544067471559,-0.293832386541602,"CT",1,237
"Weekly",0.05,"SameTimestamp",1000,"Daily","LogLik_ct",920.309877930969,NA,NA,NA,"CT",1,237
"Weekly",0.05,"SameTimestamp",1000,"Daily","AIC_ct",924.309877930969,NA,NA,NA,"CT",1,237
"Weekly",0.05,"SameTimestamp",1000,"Daily","BIC_ct",934.125388488934,NA,NA,NA,"CT",1,237
"Weekly",0.05,"SameTimestamp",1000,"Daily","error_var_dt",0.146933659946819,0.00657194979941343,0.134037266018201,0.159830053875437,"DT",1,237
"Weekly",0.05,"SameTimestamp",1000,"Daily","beta_dt",0.699640802743356,0.0225885984887356,0.655314313147814,0.743967292338898,"DT",1,237
"Weekly",0.05,"SameTimestamp",1000,"Daily","LogLik_dt",920.309877930969,NA,NA,NA,"DT",1,237
"Weekly",0.05,"SameTimestamp",1000,"Daily","AIC_dt",924.309877930969,NA,NA,NA,"DT",1,237
"Weekly",0.05,"SameTimestamp",1000,"Daily","BIC_dt",934.125388488934,NA,NA,NA,"DT",1,237
"Weekly",0.05,"SameTimestamp",1000,"Weekly","error_var_ct",1.6965665609373,0.395305579897456,0.920842972635777,2.47229014923882,"CT",1,237
"Weekly",0.05,"SameTimestamp",1000,"Weekly","beta_ct",-3.13108061874174,0.724615166688381,-4.55302127889389,-1.70913995858958,"CT",1,237
"Weekly",0.05,"SameTimestamp",1000,"Weekly","LogLik_ct",1530.04949791318,NA,NA,NA,"CT",1,237
"Weekly",0.05,"SameTimestamp",1000,"Weekly","AIC_ct",1534.04949791318,NA,NA,NA,"CT",1,237
"Weekly",0.05,"SameTimestamp",1000,"Weekly","BIC_ct",1543.86500847115,NA,NA,NA,"CT",1,237
"Weekly",0.05,"SameTimestamp",1000,"Weekly","error_var_dt",0.270406801257593,0.0120929873451531,0.24667625958626,0.294137342928926,"DT",1,237
"Weekly",0.05,"SameTimestamp",1000,"Weekly","beta_dt",0.0436705603144787,0.031593632147834,-0.0183268587544695,0.105667979383427,"DT",1,237
"Weekly",0.05,"SameTimestamp",1000,"Weekly","LogLik_dt",1530.04949791318,NA,NA,NA,"DT",1,237
"Weekly",0.05,"SameTimestamp",1000,"Weekly","AIC_dt",1534.04949791318,NA,NA,NA,"DT",1,237
"Weekly",0.05,"SameTimestamp",1000,"Weekly","BIC_dt",1543.86500847114,NA,NA,NA,"DT",1,237
"Weekly",0.05,"SameTimestamp",1000,"Monthly","error_var_ct",13.5670205144345,130.806494886795,-243.119676427844,270.253717456713,"CT",1,237
"Weekly",0.05,"SameTimestamp",1000,"Monthly","beta_ct",-25.8349753598341,249.089372071717,-514.632784794674,462.962834075006,"CT",1,237
"Weekly",0.05,"SameTimestamp",1000,"Monthly","LogLik_ct",1500.64304989963,NA,NA,NA,"CT",1,237
"Weekly",0.05,"SameTimestamp",1000,"Monthly","AIC_ct",1504.64304989963,NA,NA,NA,"CT",1,237
"Weekly",0.05,"SameTimestamp",1000,"Monthly","BIC_ct",1514.4585604576,NA,NA,NA,"CT",1,237
"Weekly",0.05,"SameTimestamp",1000,"Monthly","error_var_dt",0.260759788464765,0.0116615448227586,0.237875883316257,0.283643693613273,"DT",1,237
"Weekly",0.05,"SameTimestamp",1000,"Monthly","beta_dt",-0.0830286822874669,0.0315059403358748,-0.144854020286739,-0.0212033442881947,"DT",1,237
"Weekly",0.05,"SameTimestamp",1000,"Monthly","LogLik_dt",1493.72208787246,NA,NA,NA,"DT",1,237
"Weekly",0.05,"SameTimestamp",1000,"Monthly","AIC_dt",1497.72208787246,NA,NA,NA,"DT",1,237
"Weekly",0.05,"SameTimestamp",1000,"Monthly","BIC_dt",1507.53759843042,NA,NA,NA,"DT",1,237
"Weekly",0.05,"SameTimestamp",1000,"Daily","error_var_ct",0.207004862757202,0.0112601464230242,0.184908637375473,0.22910108813893,"CT",1,238
"Weekly",0.05,"SameTimestamp",1000,"Daily","beta_ct",-0.412763437811695,0.0358170895431818,-0.48304871238374,-0.34247816323965,"CT",1,238
"Weekly",0.05,"SameTimestamp",1000,"Daily","LogLik_ct",878.517129889128,NA,NA,NA,"CT",1,238
"Weekly",0.05,"SameTimestamp",1000,"Daily","AIC_ct",882.517129889128,NA,NA,NA,"CT",1,238
"Weekly",0.05,"SameTimestamp",1000,"Daily","BIC_ct",892.332640447092,NA,NA,NA,"CT",1,238
"Weekly",0.05,"SameTimestamp",1000,"Daily","error_var_dt",0.140923181773377,0.00630303131031458,0.128554497105475,0.15329186644128,"DT",1,238
"Weekly",0.05,"SameTimestamp",1000,"Daily","beta_dt",0.661818825282744,0.0237047404203074,0.615302086755129,0.708335563810358,"DT",1,238
"Weekly",0.05,"SameTimestamp",1000,"Daily","LogLik_dt",878.517129889128,NA,NA,NA,"DT",1,238
"Weekly",0.05,"SameTimestamp",1000,"Daily","AIC_dt",882.517129889128,NA,NA,NA,"DT",1,238
"Weekly",0.05,"SameTimestamp",1000,"Daily","BIC_dt",892.332640447093,NA,NA,NA,"DT",1,238
"Weekly",0.05,"SameTimestamp",1000,"Weekly","error_var_ct",1.17191638235188,0.178675276229427,0.821294905029423,1.52253785967434,"CT",1,238
"Weekly",0.05,"SameTimestamp",1000,"Weekly","beta_ct",-2.47317136217839,0.373704206305524,-3.20650573088093,-1.73983699347585,"CT",1,238
"Weekly",0.05,"SameTimestamp",1000,"Weekly","LogLik_ct",1390.73498617817,NA,NA,NA,"CT",1,238
"Weekly",0.05,"SameTimestamp",1000,"Weekly","AIC_ct",1394.73498617817,NA,NA,NA,"CT",1,238
"Weekly",0.05,"SameTimestamp",1000,"Weekly","BIC_ct",1404.55049673613,NA,NA,NA,"CT",1,238
"Weekly",0.05,"SameTimestamp",1000,"Weekly","error_var_dt",0.235241449767299,0.010520328490888,0.214596998026498,0.2558859015081,"DT",1,238
"Weekly",0.05,"SameTimestamp",1000,"Weekly","beta_dt",0.0843170561248939,0.0314984096461484,0.0225064958923774,0.14612761635741,"DT",1,238
"Weekly",0.05,"SameTimestamp",1000,"Weekly","LogLik_dt",1390.73498617817,NA,NA,NA,"DT",1,238
"Weekly",0.05,"SameTimestamp",1000,"Weekly","AIC_dt",1394.73498617817,NA,NA,NA,"DT",1,238
"Weekly",0.05,"SameTimestamp",1000,"Weekly","BIC_dt",1404.55049673614,NA,NA,NA,"DT",1,238
"Weekly",0.05,"SameTimestamp",1000,"Monthly","error_var_ct",9.10367172830108,53.9722197485158,-96.8081243631624,115.015467819765,"CT",1,238
"Weekly",0.05,"SameTimestamp",1000,"Monthly","beta_ct",-18.3635217618663,108.869680702613,-232.002750921696,195.275707397963,"CT",1,238
"Weekly",0.05,"SameTimestamp",1000,"Monthly","LogLik_ct",1443.04566967118,NA,NA,NA,"CT",1,238
"Weekly",0.05,"SameTimestamp",1000,"Monthly","AIC_ct",1447.04566967118,NA,NA,NA,"CT",1,238
"Weekly",0.05,"SameTimestamp",1000,"Monthly","BIC_ct",1456.86118022914,NA,NA,NA,"CT",1,238
"Weekly",0.05,"SameTimestamp",1000,"Monthly","error_var_dt",0.247423909665785,0.0110651450013875,0.225710343194552,0.269137476137019,"DT",1,238
"Weekly",0.05,"SameTimestamp",1000,"Monthly","beta_dt",-0.0426635201462185,0.0316048435614692,-0.104682939810294,0.0193558995178574,"DT",1,238
"Weekly",0.05,"SameTimestamp",1000,"Monthly","LogLik_dt",1441.2250698273,NA,NA,NA,"DT",1,238
"Weekly",0.05,"SameTimestamp",1000,"Monthly","AIC_dt",1445.2250698273,NA,NA,NA,"DT",1,238
"Weekly",0.05,"SameTimestamp",1000,"Monthly","BIC_dt",1455.04058038526,NA,NA,NA,"DT",1,238
"Weekly",0.05,"SameTimestamp",1000,"Daily","error_var_ct",0.226004825681105,0.0126685139070663,0.201144905745276,0.250864745616934,"CT",1,239
"Weekly",0.05,"SameTimestamp",1000,"Daily","beta_ct",-0.479054617386811,0.0400777459640803,-0.557700744563558,-0.400408490210063,"CT",1,239
"Weekly",0.05,"SameTimestamp",1000,"Daily","LogLik_ct",909.760660686794,NA,NA,NA,"CT",1,239
"Weekly",0.05,"SameTimestamp",1000,"Daily","AIC_ct",913.760660686794,NA,NA,NA,"CT",1,239
"Weekly",0.05,"SameTimestamp",1000,"Daily","BIC_ct",923.576171244758,NA,NA,NA,"CT",1,239
"Weekly",0.05,"SameTimestamp",1000,"Daily","error_var_dt",0.145396168297237,0.00650309468233451,0.132634891455778,0.158157445138696,"DT",1,239
"Weekly",0.05,"SameTimestamp",1000,"Daily","beta_dt",0.619368653388158,0.0248231825827979,0.570657152095444,0.668080154680872,"DT",1,239
"Weekly",0.05,"SameTimestamp",1000,"Daily","LogLik_dt",909.760660686796,NA,NA,NA,"DT",1,239
"Weekly",0.05,"SameTimestamp",1000,"Daily","AIC_dt",913.760660686796,NA,NA,NA,"DT",1,239
"Weekly",0.05,"SameTimestamp",1000,"Daily","BIC_dt",923.57617124476,NA,NA,NA,"DT",1,239
"Weekly",0.05,"SameTimestamp",1000,"Weekly","error_var_ct",1.86371494319978,0.594578675428234,0.696949971780955,3.0304799146186,"CT",1,239
"Weekly",0.05,"SameTimestamp",1000,"Weekly","beta_ct",-3.58622560753068,1.13912931812982,-5.82158358661197,-1.35086762844939,"CT",1,239
"Weekly",0.05,"SameTimestamp",1000,"Weekly","LogLik_ct",1489.43374990887,NA,NA,NA,"CT",1,239
"Weekly",0.05,"SameTimestamp",1000,"Weekly","AIC_ct",1493.43374990887,NA,NA,NA,"CT",1,239
"Weekly",0.05,"SameTimestamp",1000,"Weekly","BIC_ct",1503.24926046684,NA,NA,NA,"CT",1,239
"Weekly",0.05,"SameTimestamp",1000,"Weekly","error_var_dt",0.259644101545586,0.0116116474331705,0.236858111994698,0.282430091096474,"DT",1,239
"Weekly",0.05,"SameTimestamp",1000,"Weekly","beta_dt",0.0277026716339272,0.0315985076302598,-0.034304314784723,0.0897096580525775,"DT",1,239
"Weekly",0.05,"SameTimestamp",1000,"Weekly","LogLik_dt",1489.43374990887,NA,NA,NA,"DT",1,239
"Weekly",0.05,"SameTimestamp",1000,"Weekly","AIC_dt",1493.43374990887,NA,NA,NA,"DT",1,239
"Weekly",0.05,"SameTimestamp",1000,"Weekly","BIC_dt",1503.24926046684,NA,NA,NA,"DT",1,239
"Weekly",0.05,"SameTimestamp",1000,"Monthly","error_var_ct",12.5480948897659,126.089824590011,-234.88289559776,259.979085377292,"CT",1,239
"Weekly",0.05,"SameTimestamp",1000,"Monthly","beta_ct",-23.236438374741,233.498546482797,-481.439761454096,434.966884704614,"CT",1,239
"Weekly",0.05,"SameTimestamp",1000,"Monthly","LogLik_ct",1528.5780724642,NA,NA,NA,"CT",1,239
"Weekly",0.05,"SameTimestamp",1000,"Monthly","AIC_ct",1532.5780724642,NA,NA,NA,"CT",1,239
"Weekly",0.05,"SameTimestamp",1000,"Monthly","BIC_ct",1542.39358302217,NA,NA,NA,"CT",1,239
"Weekly",0.05,"SameTimestamp",1000,"Monthly","error_var_dt",0.269698479603321,0.0120612838438744,0.246030150951547,0.293366808255096,"DT",1,239
"Weekly",0.05,"SameTimestamp",1000,"Monthly","beta_dt",-0.0339226893224166,0.0316028408500601,-0.0959381789876268,0.0280928003427936,"DT",1,239
"Weekly",0.05,"SameTimestamp",1000,"Monthly","LogLik_dt",1527.42654038292,NA,NA,NA,"DT",1,239
"Weekly",0.05,"SameTimestamp",1000,"Monthly","AIC_dt",1531.42654038292,NA,NA,NA,"DT",1,239
"Weekly",0.05,"SameTimestamp",1000,"Monthly","BIC_dt",1541.24205094089,NA,NA,NA,"DT",1,239
"Weekly",0.05,"SameTimestamp",1000,"Daily","error_var_ct",0.214394233576213,0.0121209246800995,0.1906088693807,0.238179597771725,"CT",1,240
"Weekly",0.05,"SameTimestamp",1000,"Daily","beta_ct",-0.497821158700584,0.0413035841588737,-0.578872796073744,-0.416769521327423,"CT",1,240
"Weekly",0.05,"SameTimestamp",1000,"Daily","LogLik_ct",841.370652024889,NA,NA,NA,"CT",1,240
"Weekly",0.05,"SameTimestamp",1000,"Daily","AIC_ct",845.370652024889,NA,NA,NA,"CT",1,240
"Weekly",0.05,"SameTimestamp",1000,"Daily","BIC_ct",855.186162582853,NA,NA,NA,"CT",1,240
"Weekly",0.05,"SameTimestamp",1000,"Daily","error_var_dt",0.135770217475071,0.00607294339454481,0.123853043316309,0.147687391633833,"DT",1,240
"Weekly",0.05,"SameTimestamp",1000,"Daily","beta_dt",0.607853599065122,0.0251063472599298,0.558586432660163,0.657120765470081,"DT",1,240
"Weekly",0.05,"SameTimestamp",1000,"Daily","LogLik_dt",841.370652024878,NA,NA,NA,"DT",1,240
"Weekly",0.05,"SameTimestamp",1000,"Daily","AIC_dt",845.370652024878,NA,NA,NA,"DT",1,240
"Weekly",0.05,"SameTimestamp",1000,"Daily","BIC_dt",855.186162582843,NA,NA,NA,"DT",1,240
"Weekly",0.05,"SameTimestamp",1000,"Weekly","error_var_ct",1.44060669712551,0.361272701618399,0.731667155903988,2.14954623834703,"CT",1,240
"Weekly",0.05,"SameTimestamp",1000,"Weekly","beta_ct",-3.24181594849562,0.807965700520399,-4.82731861859408,-1.65631327839716,"CT",1,240
"Weekly",0.05,"SameTimestamp",1000,"Weekly","LogLik_ct",1332.13189825531,NA,NA,NA,"CT",1,240
"Weekly",0.05,"SameTimestamp",1000,"Weekly","AIC_ct",1336.13189825531,NA,NA,NA,"CT",1,240
"Weekly",0.05,"SameTimestamp",1000,"Weekly","BIC_ct",1345.94740881328,NA,NA,NA,"CT",1,240
"Weekly",0.05,"SameTimestamp",1000,"Weekly","error_var_dt",0.221851750549675,0.00992153149003285,0.202382341565134,0.241321159534216,"DT",1,240
"Weekly",0.05,"SameTimestamp",1000,"Weekly","beta_dt",0.0390928258354434,0.0316182053292223,-0.0229528141476833,0.10113846581857,"DT",1,240
"Weekly",0.05,"SameTimestamp",1000,"Weekly","LogLik_dt",1332.13189825532,NA,NA,NA,"DT",1,240
"Weekly",0.05,"SameTimestamp",1000,"Weekly","AIC_dt",1336.13189825532,NA,NA,NA,"DT",1,240
"Weekly",0.05,"SameTimestamp",1000,"Weekly","BIC_dt",1345.94740881328,NA,NA,NA,"DT",1,240
"Weekly",0.05,"SameTimestamp",1000,"Monthly","error_var_ct",2.06841145305884,1.07143767606179,-0.0341125713470389,4.17093547746471,"CT",1,240
"Weekly",0.05,"SameTimestamp",1000,"Monthly","beta_ct",-4.23010073694924,2.18681360756795,-8.52137054156282,0.0611690676643288,"CT",1,240
"Weekly",0.05,"SameTimestamp",1000,"Monthly","LogLik_ct",1429.07331178594,NA,NA,NA,"CT",1,240
"Weekly",0.05,"SameTimestamp",1000,"Monthly","AIC_ct",1433.07331178594,NA,NA,NA,"CT",1,240
"Weekly",0.05,"SameTimestamp",1000,"Monthly","BIC_ct",1442.8888223439,NA,NA,NA,"CT",1,240
"Weekly",0.05,"SameTimestamp",1000,"Monthly","error_var_dt",0.244435494218152,0.0109315118991191,0.222984161205991,0.265886827230312,"DT",1,240
"Weekly",0.05,"SameTimestamp",1000,"Monthly","beta_dt",0.0145509054986141,0.0316204506472143,-0.0474991405597572,0.0766009515569854,"DT",1,240
"Weekly",0.05,"SameTimestamp",1000,"Monthly","LogLik_dt",1429.07331178594,NA,NA,NA,"DT",1,240
"Weekly",0.05,"SameTimestamp",1000,"Monthly","AIC_dt",1433.07331178594,NA,NA,NA,"DT",1,240
"Weekly",0.05,"SameTimestamp",1000,"Monthly","BIC_dt",1442.8888223439,NA,NA,NA,"DT",1,240
"Weekly",0.05,"SameTimestamp",1000,"Daily","error_var_ct",0.213703258922339,0.0117384223438532,0.19066849400975,0.236738023834928,"CT",1,241
"Weekly",0.05,"SameTimestamp",1000,"Daily","beta_ct",-0.430572952278354,0.037128518224667,-0.503431694603793,-0.357714209952914,"CT",1,241
"Weekly",0.05,"SameTimestamp",1000,"Daily","LogLik_ct",895.177932830528,NA,NA,NA,"CT",1,241
"Weekly",0.05,"SameTimestamp",1000,"Daily","AIC_ct",899.177932830528,NA,NA,NA,"CT",1,241
"Weekly",0.05,"SameTimestamp",1000,"Daily","BIC_ct",908.993443388492,NA,NA,NA,"CT",1,241
"Weekly",0.05,"SameTimestamp",1000,"Daily","error_var_dt",0.143269227349958,0.00640851978979375,0.130693538516196,0.15584491618372,"DT",1,241
"Weekly",0.05,"SameTimestamp",1000,"Daily","beta_dt",0.650136489665135,0.0241388816800049,0.602767818777016,0.697505160553253,"DT",1,241
"Weekly",0.05,"SameTimestamp",1000,"Daily","LogLik_dt",895.177932830528,NA,NA,NA,"DT",1,241
"Weekly",0.05,"SameTimestamp",1000,"Daily","AIC_dt",899.177932830528,NA,NA,NA,"DT",1,241
"Weekly",0.05,"SameTimestamp",1000,"Daily","BIC_dt",908.993443388492,NA,NA,NA,"DT",1,241
"Weekly",0.05,"SameTimestamp",1000,"Weekly","error_var_ct",1.3598901097462,0.258157107603655,0.853298328502436,1.86648189098996,"CT",1,241
"Weekly",0.05,"SameTimestamp",1000,"Weekly","beta_ct",-2.82174844850875,0.531223053586847,-3.86418820719816,-1.77930868981934,"CT",1,241
"Weekly",0.05,"SameTimestamp",1000,"Weekly","LogLik_ct",1411.23207625563,NA,NA,NA,"CT",1,241
"Weekly",0.05,"SameTimestamp",1000,"Weekly","AIC_ct",1415.23207625563,NA,NA,NA,"CT",1,241
"Weekly",0.05,"SameTimestamp",1000,"Weekly","BIC_ct",1425.04758681359,NA,NA,NA,"CT",1,241
"Weekly",0.05,"SameTimestamp",1000,"Weekly","error_var_dt",0.240112718447481,0.010738195844408,0.219040737084431,0.26118469981053,"DT",1,241
"Weekly",0.05,"SameTimestamp",1000,"Weekly","beta_dt",0.0595017785561644,0.0315812146152717,-0.00247127310334933,0.121474830215678,"DT",1,241
"Weekly",0.05,"SameTimestamp",1000,"Weekly","LogLik_dt",1411.23207625562,NA,NA,NA,"DT",1,241
"Weekly",0.05,"SameTimestamp",1000,"Weekly","AIC_dt",1415.23207625562,NA,NA,NA,"DT",1,241
"Weekly",0.05,"SameTimestamp",1000,"Weekly","BIC_dt",1425.04758681359,NA,NA,NA,"DT",1,241
"Weekly",0.05,"SameTimestamp",1000,"Monthly","error_var_ct",12.9972203080018,100.406795855106,-184.034959179032,210.029399795035,"CT",1,241
"Weekly",0.05,"SameTimestamp",1000,"Monthly","beta_ct",-27.5322748282758,212.695741166111,-444.913440043875,389.848890387323,"CT",1,241
"Weekly",0.05,"SameTimestamp",1000,"Monthly","LogLik_ct",1394.10658321665,NA,NA,NA,"CT",1,241
"Weekly",0.05,"SameTimestamp",1000,"Monthly","AIC_ct",1398.10658321665,NA,NA,NA,"CT",1,241
"Weekly",0.05,"SameTimestamp",1000,"Monthly","BIC_ct",1407.92209377461,NA,NA,NA,"CT",1,241
"Weekly",0.05,"SameTimestamp",1000,"Monthly","error_var_dt",0.234792890530875,0.0105002951416341,0.214187751014235,0.255398030047516,"DT",1,241
"Weekly",0.05,"SameTimestamp",1000,"Monthly","beta_dt",-0.072560449623108,0.0315417935070579,-0.134456143701364,-0.0106647555448517,"DT",1,241
"Weekly",0.05,"SameTimestamp",1000,"Monthly","LogLik_dt",1388.82841659108,NA,NA,NA,"DT",1,241
"Weekly",0.05,"SameTimestamp",1000,"Monthly","AIC_dt",1392.82841659108,NA,NA,NA,"DT",1,241
"Weekly",0.05,"SameTimestamp",1000,"Monthly","BIC_dt",1402.64392714905,NA,NA,NA,"DT",1,241
"Weekly",0.05,"SameTimestamp",1000,"Daily","error_var_ct",0.218163212486107,0.0119022438165959,0.194806974295277,0.241519450676938,"CT",1,242
"Weekly",0.05,"SameTimestamp",1000,"Daily","beta_ct",-0.418740026290885,0.0362030825173425,-0.48978274996105,-0.347697302620721,"CT",1,242
"Weekly",0.05,"SameTimestamp",1000,"Daily","LogLik_ct",926.238474607967,NA,NA,NA,"CT",1,242
"Weekly",0.05,"SameTimestamp",1000,"Daily","AIC_ct",930.238474607967,NA,NA,NA,"CT",1,242
"Weekly",0.05,"SameTimestamp",1000,"Daily","BIC_ct",940.053985165931,NA,NA,NA,"CT",1,242
"Weekly",0.05,"SameTimestamp",1000,"Daily","error_var_dt",0.14775542794599,0.00661006083849345,0.134784247235974,0.160726608656005,"DT",1,242
"Weekly",0.05,"SameTimestamp",1000,"Daily","beta_dt",0.657875179476809,0.0238166809523545,0.61113877566843,0.704611583285188,"DT",1,242
"Weekly",0.05,"SameTimestamp",1000,"Daily","LogLik_dt",926.238474607964,NA,NA,NA,"DT",1,242
"Weekly",0.05,"SameTimestamp",1000,"Daily","AIC_dt",930.238474607964,NA,NA,NA,"DT",1,242
"Weekly",0.05,"SameTimestamp",1000,"Daily","BIC_dt",940.053985165928,NA,NA,NA,"DT",1,242
"Weekly",0.05,"SameTimestamp",1000,"Weekly","error_var_ct",2.32298466372314,2.1022639562745,-1.80237005588705,6.44833938333333,"CT",1,242
"Weekly",0.05,"SameTimestamp",1000,"Weekly","beta_ct",-4.96682430988461,4.49154764606901,-13.7807637891597,3.84711516939047,"CT",1,242
"Weekly",0.05,"SameTimestamp",1000,"Weekly","LogLik_ct",1384.7536172948,NA,NA,NA,"CT",1,242
"Weekly",0.05,"SameTimestamp",1000,"Weekly","AIC_ct",1388.7536172948,NA,NA,NA,"CT",1,242
"Weekly",0.05,"SameTimestamp",1000,"Weekly","BIC_ct",1398.56912785276,NA,NA,NA,"CT",1,242
"Weekly",0.05,"SameTimestamp",1000,"Weekly","error_var_dt",0.233838749777488,0.0104575923699638,0.213317407578556,0.25436009197642,"DT",1,242
"Weekly",0.05,"SameTimestamp",1000,"Weekly","beta_dt",0.00696521821583189,0.031628557290942,-0.0551007358263406,0.0690311722580044,"DT",1,242
"Weekly",0.05,"SameTimestamp",1000,"Weekly","LogLik_dt",1384.7536172948,NA,NA,NA,"DT",1,242
"Weekly",0.05,"SameTimestamp",1000,"Weekly","AIC_dt",1388.7536172948,NA,NA,NA,"DT",1,242
"Weekly",0.05,"SameTimestamp",1000,"Weekly","BIC_dt",1398.56912785276,NA,NA,NA,"DT",1,242
"Weekly",0.05,"SameTimestamp",1000,"Monthly","error_var_ct",11.2137193203654,35.4394372068871,-58.3304733132026,80.7579119539333,"CT",1,242
"Weekly",0.05,"SameTimestamp",1000,"Monthly","beta_ct",-23.3613926779994,73.8312568080738,-168.243353299013,121.520567943014,"CT",1,242
"Weekly",0.05,"SameTimestamp",1000,"Monthly","LogLik_ct",1410.7846282975,NA,NA,NA,"CT",1,242
"Weekly",0.05,"SameTimestamp",1000,"Monthly","AIC_ct",1414.7846282975,NA,NA,NA,"CT",1,242
"Weekly",0.05,"SameTimestamp",1000,"Monthly","BIC_ct",1424.60013885547,NA,NA,NA,"CT",1,242
"Weekly",0.05,"SameTimestamp",1000,"Monthly","error_var_dt",0.239676708944753,0.0107186865303401,0.21864301147114,0.260710406418367,"DT",1,242
"Weekly",0.05,"SameTimestamp",1000,"Monthly","beta_dt",-0.0370216321673812,0.031615084785552,-0.0990611485857102,0.0250178842509478,"DT",1,242
"Weekly",0.05,"SameTimestamp",1000,"Monthly","LogLik_dt",1409.41430332871,NA,NA,NA,"DT",1,242
"Weekly",0.05,"SameTimestamp",1000,"Monthly","AIC_dt",1413.41430332871,NA,NA,NA,"DT",1,242
"Weekly",0.05,"SameTimestamp",1000,"Monthly","BIC_dt",1423.22981388667,NA,NA,NA,"DT",1,242
"Weekly",0.05,"SameTimestamp",1000,"Daily","error_var_ct",0.21162457204139,0.0116046909881465,0.188852233394436,0.234396910688344,"CT",1,243
"Weekly",0.05,"SameTimestamp",1000,"Daily","beta_ct",-0.430628648360903,0.0369492362852645,-0.503135578730167,-0.358121717991639,"CT",1,243
"Weekly",0.05,"SameTimestamp",1000,"Daily","LogLik_ct",885.247515861861,NA,NA,NA,"CT",1,243
"Weekly",0.05,"SameTimestamp",1000,"Daily","AIC_ct",889.247515861861,NA,NA,NA,"CT",1,243
"Weekly",0.05,"SameTimestamp",1000,"Daily","BIC_ct",899.063026419826,NA,NA,NA,"CT",1,243
"Weekly",0.05,"SameTimestamp",1000,"Daily","error_var_dt",0.141868870017062,0.00634548475025479,0.129416877304849,0.154320862729275,"DT",1,243
"Weekly",0.05,"SameTimestamp",1000,"Daily","beta_dt",0.65010018747331,0.0240206915659046,0.602963445665058,0.697236929281562,"DT",1,243
"Weekly",0.05,"SameTimestamp",1000,"Daily","LogLik_dt",885.247515861877,NA,NA,NA,"DT",1,243
"Weekly",0.05,"SameTimestamp",1000,"Daily","AIC_dt",889.247515861877,NA,NA,NA,"DT",1,243
"Weekly",0.05,"SameTimestamp",1000,"Daily","BIC_dt",899.063026419841,NA,NA,NA,"DT",1,243
"Weekly",0.05,"SameTimestamp",1000,"Weekly","error_var_ct",1.4271825608865,0.302476589286974,0.833620928693597,2.02074419307941,"CT",1,243
"Weekly",0.05,"SameTimestamp",1000,"Weekly","beta_ct",-2.99167492839971,0.629302777827017,-4.22658036300229,-1.75676949379714,"CT",1,243
"Weekly",0.05,"SameTimestamp",1000,"Weekly","LogLik_ct",1402.07557225142,NA,NA,NA,"CT",1,243
"Weekly",0.05,"SameTimestamp",1000,"Weekly","AIC_ct",1406.07557225142,NA,NA,NA,"CT",1,243
"Weekly",0.05,"SameTimestamp",1000,"Weekly","BIC_ct",1415.89108280938,NA,NA,NA,"CT",1,243
"Weekly",0.05,"SameTimestamp",1000,"Weekly","error_var_dt",0.237924450372016,0.0106403082541694,0.217044557652819,0.258804343091212,"DT",1,243
"Weekly",0.05,"SameTimestamp",1000,"Weekly","beta_dt",0.0502032286854395,0.0315866973745644,-0.0117805820069052,0.112187039377784,"DT",1,243
"Weekly",0.05,"SameTimestamp",1000,"Weekly","LogLik_dt",1402.07557225139,NA,NA,NA,"DT",1,243
"Weekly",0.05,"SameTimestamp",1000,"Weekly","AIC_dt",1406.07557225139,NA,NA,NA,"DT",1,243
"Weekly",0.05,"SameTimestamp",1000,"Weekly","BIC_dt",1415.89108280935,NA,NA,NA,"DT",1,243
"Weekly",0.05,"SameTimestamp",1000,"Monthly","error_var_ct",1.31520836749639,0.263528761264461,0.798075580345369,1.83234115464742,"CT",1,243
"Weekly",0.05,"SameTimestamp",1000,"Monthly","beta_ct",-2.9068039607922,0.577799201739946,-4.0406419152368,-1.7729660063476,"CT",1,243
"Weekly",0.05,"SameTimestamp",1000,"Monthly","LogLik_ct",1348.68020547183,NA,NA,NA,"CT",1,243
"Weekly",0.05,"SameTimestamp",1000,"Monthly","AIC_ct",1352.68020547183,NA,NA,NA,"CT",1,243
"Weekly",0.05,"SameTimestamp",1000,"Monthly","BIC_ct",1362.49571602979,NA,NA,NA,"CT",1,243
"Weekly",0.05,"SameTimestamp",1000,"Monthly","error_var_dt",0.225553612053112,0.0100870855085942,0.20575932994796,0.245347894158265,"DT",1,243
"Weekly",0.05,"SameTimestamp",1000,"Monthly","beta_dt",0.0546501980884074,0.0315658556244353,-0.00729271402314604,0.116593110199961,"DT",1,243
"Weekly",0.05,"SameTimestamp",1000,"Monthly","LogLik_dt",1348.68020547183,NA,NA,NA,"DT",1,243
"Weekly",0.05,"SameTimestamp",1000,"Monthly","AIC_dt",1352.68020547183,NA,NA,NA,"DT",1,243
"Weekly",0.05,"SameTimestamp",1000,"Monthly","BIC_dt",1362.4957160298,NA,NA,NA,"DT",1,243
"Weekly",0.05,"SameTimestamp",1000,"Daily","error_var_ct",0.200052226496561,0.010739348354038,0.178977983518824,0.221126469474298,"CT",1,244
"Weekly",0.05,"SameTimestamp",1000,"Daily","beta_ct",-0.383863644450385,0.0339709520982754,-0.450526171365712,-0.317201117535057,"CT",1,244
"Weekly",0.05,"SameTimestamp",1000,"Daily","LogLik_ct",869.620747796597,NA,NA,NA,"CT",1,244
"Weekly",0.05,"SameTimestamp",1000,"Daily","AIC_ct",873.620747796597,NA,NA,NA,"CT",1,244
"Weekly",0.05,"SameTimestamp",1000,"Daily","BIC_ct",883.436258354561,NA,NA,NA,"CT",1,244
"Weekly",0.05,"SameTimestamp",1000,"Daily","error_var_dt",0.13965203812412,0.00624673515947473,0.127393825593111,0.15191025065513,"DT",1,244
"Weekly",0.05,"SameTimestamp",1000,"Daily","beta_dt",0.681224312117922,0.023141634788122,0.635812577778978,0.726636046456866,"DT",1,244
"Weekly",0.05,"SameTimestamp",1000,"Daily","LogLik_dt",869.620747796595,NA,NA,NA,"DT",1,244
"Weekly",0.05,"SameTimestamp",1000,"Daily","AIC_dt",873.620747796595,NA,NA,NA,"DT",1,244
"Weekly",0.05,"SameTimestamp",1000,"Daily","BIC_dt",883.436258354559,NA,NA,NA,"DT",1,244
"Weekly",0.05,"SameTimestamp",1000,"Weekly","error_var_ct",1.16622841269692,0.169009587011707,0.834574295069516,1.49788253032432,"CT",1,244
"Weekly",0.05,"SameTimestamp",1000,"Weekly","beta_ct",-2.38808214953901,0.343102762212077,-3.06136610856725,-1.71479819051076,"CT",1,244
"Weekly",0.05,"SameTimestamp",1000,"Weekly","LogLik_ct",1419.55417041536,NA,NA,NA,"CT",1,244
"Weekly",0.05,"SameTimestamp",1000,"Weekly","AIC_ct",1423.55417041536,NA,NA,NA,"CT",1,244
"Weekly",0.05,"SameTimestamp",1000,"Weekly","BIC_ct",1433.36968097332,NA,NA,NA,"CT",1,244
"Weekly",0.05,"SameTimestamp",1000,"Weekly","error_var_dt",0.242118797067929,0.0108279347822585,0.220870717480064,0.263366876655795,"DT",1,244
"Weekly",0.05,"SameTimestamp",1000,"Weekly","beta_dt",0.0918056042947551,0.0314979204678732,0.0299960039958854,0.153615204593625,"DT",1,244
"Weekly",0.05,"SameTimestamp",1000,"Weekly","LogLik_dt",1419.55417041536,NA,NA,NA,"DT",1,244
"Weekly",0.05,"SameTimestamp",1000,"Weekly","AIC_dt",1423.55417041536,NA,NA,NA,"DT",1,244
"Weekly",0.05,"SameTimestamp",1000,"Weekly","BIC_dt",1433.36968097332,NA,NA,NA,"DT",1,244
"Weekly",0.05,"SameTimestamp",1000,"Monthly","error_var_ct",1.66507450469506,0.446412035502579,0.789062721277087,2.54108628811304,"CT",1,244
"Weekly",0.05,"SameTimestamp",1000,"Monthly","beta_ct",-3.33428672955798,0.888886146245117,-5.07858275273995,-1.58999070637601,"CT",1,244
"Weekly",0.05,"SameTimestamp",1000,"Monthly","LogLik_ct",1449.07051490633,NA,NA,NA,"CT",1,244
"Weekly",0.05,"SameTimestamp",1000,"Monthly","AIC_ct",1453.07051490633,NA,NA,NA,"CT",1,244
"Weekly",0.05,"SameTimestamp",1000,"Monthly","BIC_ct",1462.88602546429,NA,NA,NA,"CT",1,244
"Weekly",0.05,"SameTimestamp",1000,"Monthly","error_var_dt",0.249372602114986,0.0111522916677964,0.227488024334494,0.271257179895478,"DT",1,244
"Weekly",0.05,"SameTimestamp",1000,"Monthly","beta_dt",0.0356399857186688,0.0316074238273822,-0.0263844973020471,0.0976644687393846,"DT",1,244
"Weekly",0.05,"SameTimestamp",1000,"Monthly","LogLik_dt",1449.07051490633,NA,NA,NA,"DT",1,244
"Weekly",0.05,"SameTimestamp",1000,"Monthly","AIC_dt",1453.07051490633,NA,NA,NA,"DT",1,244
"Weekly",0.05,"SameTimestamp",1000,"Monthly","BIC_dt",1462.88602546429,NA,NA,NA,"DT",1,244
"Weekly",0.05,"SameTimestamp",1000,"Daily","error_var_ct",0.201419933902346,0.0109690519003895,0.179894934678598,0.222944933126093,"CT",1,245
"Weekly",0.05,"SameTimestamp",1000,"Daily","beta_ct",-0.415344656662798,0.035968091234211,-0.48592624775442,-0.344763065571176,"CT",1,245
"Weekly",0.05,"SameTimestamp",1000,"Daily","LogLik_ct",849.15133819827,NA,NA,NA,"CT",1,245
"Weekly",0.05,"SameTimestamp",1000,"Daily","AIC_ct",853.15133819827,NA,NA,NA,"CT",1,245
"Weekly",0.05,"SameTimestamp",1000,"Daily","BIC_ct",862.966848756234,NA,NA,NA,"CT",1,245
"Weekly",0.05,"SameTimestamp",1000,"Daily","error_var_dt",0.13681581828263,0.00612004964293023,0.12480620569171,0.14882543087355,"DT",1,245
"Weekly",0.05,"SameTimestamp",1000,"Daily","beta_dt",0.660112728329851,0.0237429967973403,0.613520917818494,0.706704538841208,"DT",1,245
"Weekly",0.05,"SameTimestamp",1000,"Daily","LogLik_dt",849.15133819827,NA,NA,NA,"DT",1,245
"Weekly",0.05,"SameTimestamp",1000,"Daily","AIC_dt",853.15133819827,NA,NA,NA,"DT",1,245
"Weekly",0.05,"SameTimestamp",1000,"Daily","BIC_dt",862.966848756234,NA,NA,NA,"DT",1,245
"Weekly",0.05,"SameTimestamp",1000,"Weekly","error_var_ct",1.33629974795108,0.225127479807379,0.894523296157102,1.77807619974506,"CT",1,245
"Weekly",0.05,"SameTimestamp",1000,"Weekly","beta_ct",-2.63378533544166,0.439748082962715,-3.49672018435789,-1.77085048652543,"CT",1,245
"Weekly",0.05,"SameTimestamp",1000,"Weekly","LogLik_ct",1461.04540186334,NA,NA,NA,"CT",1,245
"Weekly",0.05,"SameTimestamp",1000,"Weekly","AIC_ct",1465.04540186334,NA,NA,NA,"CT",1,245
"Weekly",0.05,"SameTimestamp",1000,"Weekly","BIC_ct",1474.8609124213,NA,NA,NA,"CT",1,245
"Weekly",0.05,"SameTimestamp",1000,"Weekly","error_var_dt",0.25237620791582,0.0112866537467969,0.230227966176724,0.274524449654915,"DT",1,245
"Weekly",0.05,"SameTimestamp",1000,"Weekly","beta_dt",0.0718061217548064,0.0315342112184257,0.00992530669785522,0.133686936811758,"DT",1,245
"Weekly",0.05,"SameTimestamp",1000,"Weekly","LogLik_dt",1461.04540186333,NA,NA,NA,"DT",1,245
"Weekly",0.05,"SameTimestamp",1000,"Weekly","AIC_dt",1465.04540186333,NA,NA,NA,"DT",1,245
"Weekly",0.05,"SameTimestamp",1000,"Weekly","BIC_dt",1474.86091242129,NA,NA,NA,"DT",1,245
"Weekly",0.05,"SameTimestamp",1000,"Monthly","error_var_ct",11.8859903193221,72.6365015184928,-130.651455304923,154.423435943567,"CT",1,245
"Weekly",0.05,"SameTimestamp",1000,"Monthly","beta_ct",-22.3816665669746,136.777616936917,-290.785729664591,246.022396530642,"CT",1,245
"Weekly",0.05,"SameTimestamp",1000,"Monthly","LogLik_ct",1511.84996157087,NA,NA,NA,"CT",1,245
"Weekly",0.05,"SameTimestamp",1000,"Monthly","AIC_ct",1515.84996157087,NA,NA,NA,"CT",1,245
"Weekly",0.05,"SameTimestamp",1000,"Monthly","BIC_ct",1525.66547212883,NA,NA,NA,"CT",1,245
"Weekly",0.05,"SameTimestamp",1000,"Monthly","error_var_dt",0.265418014111179,0.0118698488485767,0.242125345832115,0.288710682390244,"DT",1,245
"Weekly",0.05,"SameTimestamp",1000,"Monthly","beta_dt",-0.0205568509886821,0.0316424540745711,-0.0826500752324677,0.0415363732551034,"DT",1,245
"Weekly",0.05,"SameTimestamp",1000,"Monthly","LogLik_dt",1511.4279943535,NA,NA,NA,"DT",1,245
"Weekly",0.05,"SameTimestamp",1000,"Monthly","AIC_dt",1515.4279943535,NA,NA,NA,"DT",1,245
"Weekly",0.05,"SameTimestamp",1000,"Monthly","BIC_dt",1525.24350491147,NA,NA,NA,"DT",1,245
"Weekly",0.05,"SameTimestamp",1000,"Daily","error_var_ct",0.231513057581833,0.0127384885283484,0.206515823711996,0.25651029145167,"CT",1,246
"Weekly",0.05,"SameTimestamp",1000,"Daily","beta_ct",-0.438121848874667,0.0374348760926146,-0.511581769217099,-0.364661928532235,"CT",1,246
"Weekly",0.05,"SameTimestamp",1000,"Daily","LogLik_ct",968.551617481566,NA,NA,NA,"CT",1,246
"Weekly",0.05,"SameTimestamp",1000,"Daily","AIC_ct",972.551617481566,NA,NA,NA,"CT",1,246
"Weekly",0.05,"SameTimestamp",1000,"Daily","BIC_ct",982.36712803953,NA,NA,NA,"CT",1,246
"Weekly",0.05,"SameTimestamp",1000,"Daily","error_var_dt",0.15420822371478,0.00689701546682208,0.140673940723171,0.167742506706389,"DT",1,246
"Weekly",0.05,"SameTimestamp",1000,"Daily","beta_dt",0.64524686260258,0.0241543403495327,0.59784785656311,0.69264586864205,"DT",1,246
"Weekly",0.05,"SameTimestamp",1000,"Daily","LogLik_dt",968.551617481399,NA,NA,NA,"DT",1,246
"Weekly",0.05,"SameTimestamp",1000,"Daily","AIC_dt",972.551617481399,NA,NA,NA,"DT",1,246
"Weekly",0.05,"SameTimestamp",1000,"Daily","BIC_dt",982.367128039363,NA,NA,NA,"DT",1,246
"Weekly",0.05,"SameTimestamp",1000,"Weekly","error_var_ct",1.45151864376426,0.26538035825066,0.930752395485279,1.97228489204324,"CT",1,246
"Weekly",0.05,"SameTimestamp",1000,"Weekly","beta_ct",-2.76506522743334,0.50118966963138,-3.74856930305747,-1.78156115180921,"CT",1,246
"Weekly",0.05,"SameTimestamp",1000,"Weekly","LogLik_ct",1496.30277909522,NA,NA,NA,"CT",1,246
"Weekly",0.05,"SameTimestamp",1000,"Weekly","AIC_ct",1500.30277909522,NA,NA,NA,"CT",1,246
"Weekly",0.05,"SameTimestamp",1000,"Weekly","BIC_ct",1510.11828965319,NA,NA,NA,"CT",1,246
"Weekly",0.05,"SameTimestamp",1000,"Weekly","error_var_dt",0.26143373259822,0.0116916592295482,0.238490732772372,0.284376732424067,"DT",1,246
"Weekly",0.05,"SameTimestamp",1000,"Weekly","beta_dt",0.0629719601284734,0.0315455777396622,0.00106884010268676,0.12487508015426,"DT",1,246
"Weekly",0.05,"SameTimestamp",1000,"Weekly","LogLik_dt",1496.30277909522,NA,NA,NA,"DT",1,246
"Weekly",0.05,"SameTimestamp",1000,"Weekly","AIC_dt",1500.30277909522,NA,NA,NA,"DT",1,246
"Weekly",0.05,"SameTimestamp",1000,"Weekly","BIC_dt",1510.11828965318,NA,NA,NA,"DT",1,246
"Weekly",0.05,"SameTimestamp",1000,"Monthly","error_var_ct",1.57738633397654,0.420649606554812,0.751929171699785,2.4028434962533,"CT",1,246
"Weekly",0.05,"SameTimestamp",1000,"Monthly","beta_ct",-3.32707773380487,0.882207800922282,-5.05826857896459,-1.59588688864515,"CT",1,246
"Weekly",0.05,"SameTimestamp",1000,"Monthly","LogLik_ct",1397.11537104258,NA,NA,NA,"CT",1,246
"Weekly",0.05,"SameTimestamp",1000,"Monthly","AIC_ct",1401.11537104258,NA,NA,NA,"CT",1,246
"Weekly",0.05,"SameTimestamp",1000,"Monthly","BIC_ct",1410.93088160055,NA,NA,NA,"CT",1,246
"Weekly",0.05,"SameTimestamp",1000,"Monthly","error_var_dt",0.236747349736151,0.0105876645298337,0.215970761854579,0.257523937617723,"DT",1,246
"Weekly",0.05,"SameTimestamp",1000,"Monthly","beta_dt",0.0358978419216157,0.0315967388778686,-0.026105673605093,0.0979013574483244,"DT",1,246
"Weekly",0.05,"SameTimestamp",1000,"Monthly","LogLik_dt",1397.11537104258,NA,NA,NA,"DT",1,246
"Weekly",0.05,"SameTimestamp",1000,"Monthly","AIC_dt",1401.11537104258,NA,NA,NA,"DT",1,246
"Weekly",0.05,"SameTimestamp",1000,"Monthly","BIC_dt",1410.93088160055,NA,NA,NA,"DT",1,246
"Weekly",0.05,"SameTimestamp",1000,"Daily","error_var_ct",0.204411263187535,0.0113027883397994,0.182231359906038,0.226591166469032,"CT",1,247
"Weekly",0.05,"SameTimestamp",1000,"Daily","beta_ct",-0.448936873137206,0.0381241801731236,-0.523749441815394,-0.374124304459018,"CT",1,247
"Weekly",0.05,"SameTimestamp",1000,"Daily","LogLik_ct",834.922050428238,NA,NA,NA,"CT",1,247
"Weekly",0.05,"SameTimestamp",1000,"Daily","AIC_ct",838.922050428238,NA,NA,NA,"CT",1,247
"Weekly",0.05,"SameTimestamp",1000,"Daily","BIC_ct",848.737560986202,NA,NA,NA,"CT",1,247
"Weekly",0.05,"SameTimestamp",1000,"Daily","error_var_dt",0.13490422376455,0.00603401252215411,0.123063445178131,0.146745002350969,"DT",1,247
"Weekly",0.05,"SameTimestamp",1000,"Daily","beta_dt",0.638306393193524,0.0243350148064915,0.590552842606256,0.686059943780791,"DT",1,247
"Weekly",0.05,"SameTimestamp",1000,"Daily","LogLik_dt",834.922050428242,NA,NA,NA,"DT",1,247
"Weekly",0.05,"SameTimestamp",1000,"Daily","AIC_dt",838.922050428242,NA,NA,NA,"DT",1,247
"Weekly",0.05,"SameTimestamp",1000,"Daily","BIC_dt",848.737560986206,NA,NA,NA,"DT",1,247
"Weekly",0.05,"SameTimestamp",1000,"Weekly","error_var_ct",1.81425595839226,0.511574192045563,0.810373928599054,2.81813798818546,"CT",1,247
"Weekly",0.05,"SameTimestamp",1000,"Weekly","beta_ct",-3.40895086344513,0.956176690619155,-5.28529375162236,-1.5326079752679,"CT",1,247
"Weekly",0.05,"SameTimestamp",1000,"Weekly","LogLik_ct",1512.90635746946,NA,NA,NA,"CT",1,247
"Weekly",0.05,"SameTimestamp",1000,"Weekly","AIC_ct",1516.90635746946,NA,NA,NA,"CT",1,247
"Weekly",0.05,"SameTimestamp",1000,"Weekly","BIC_ct",1526.72186802742,NA,NA,NA,"CT",1,247
"Weekly",0.05,"SameTimestamp",1000,"Weekly","error_var_dt",0.265810687088624,0.0118874084740607,0.242483560870227,0.28913781330702,"DT",1,247
"Weekly",0.05,"SameTimestamp",1000,"Weekly","beta_dt",0.033075875841526,0.0316128252374483,-0.0289592065772542,0.0951109582603062,"DT",1,247
"Weekly",0.05,"SameTimestamp",1000,"Weekly","LogLik_dt",1512.90635746946,NA,NA,NA,"DT",1,247
"Weekly",0.05,"SameTimestamp",1000,"Weekly","AIC_dt",1516.90635746946,NA,NA,NA,"DT",1,247
"Weekly",0.05,"SameTimestamp",1000,"Weekly","BIC_dt",1526.72186802742,NA,NA,NA,"DT",1,247
"Weekly",0.05,"SameTimestamp",1000,"Monthly","error_var_ct",11.5517224127299,54.8241145627579,-96.0317801654741,119.135224990934,"CT",1,247
"Weekly",0.05,"SameTimestamp",1000,"Monthly","beta_ct",-22.6593062791666,107.541045648478,-233.691302948112,188.372690389779,"CT",1,247
"Weekly",0.05,"SameTimestamp",1000,"Monthly","LogLik_ct",1470.99320916089,NA,NA,NA,"CT",1,247
"Weekly",0.05,"SameTimestamp",1000,"Monthly","AIC_ct",1474.99320916089,NA,NA,NA,"CT",1,247
"Weekly",0.05,"SameTimestamp",1000,"Monthly","BIC_ct",1484.80871971886,NA,NA,NA,"CT",1,247
"Weekly",0.05,"SameTimestamp",1000,"Monthly","error_var_dt",0.254674880866768,0.0113894202491888,0.23232497640383,0.277024785329707,"DT",1,247
"Weekly",0.05,"SameTimestamp",1000,"Monthly","beta_dt",-0.0297197390018706,0.0316112641368329,-0.0917517580119041,0.032312280008163,"DT",1,247
"Weekly",0.05,"SameTimestamp",1000,"Monthly","LogLik_dt",1470.10970316733,NA,NA,NA,"DT",1,247
"Weekly",0.05,"SameTimestamp",1000,"Monthly","AIC_dt",1474.10970316733,NA,NA,NA,"DT",1,247
"Weekly",0.05,"SameTimestamp",1000,"Monthly","BIC_dt",1483.9252137253,NA,NA,NA,"DT",1,247
"Weekly",0.05,"SameTimestamp",1000,"Daily","error_var_ct",0.198395615914426,0.0108358680700947,0.1771319685258,0.219659263303052,"CT",1,248
"Weekly",0.05,"SameTimestamp",1000,"Daily","beta_ct",-0.421755466812489,0.0363768129342902,-0.493139108469358,-0.350371825155619,"CT",1,248
"Weekly",0.05,"SameTimestamp",1000,"Daily","LogLik_ct",828.494682905145,NA,NA,NA,"CT",1,248
"Weekly",0.05,"SameTimestamp",1000,"Daily","AIC_ct",832.494682905145,NA,NA,NA,"CT",1,248
"Weekly",0.05,"SameTimestamp",1000,"Daily","BIC_ct",842.310193463109,NA,NA,NA,"CT",1,248
"Weekly",0.05,"SameTimestamp",1000,"Daily","error_var_dt",0.134018800749653,0.00599492412876363,0.122254726845191,0.145782874654115,"DT",1,248
"Weekly",0.05,"SameTimestamp",1000,"Daily","beta_dt",0.655894413942706,0.0238592920413069,0.609074392729199,0.702714435156213,"DT",1,248
"Weekly",0.05,"SameTimestamp",1000,"Daily","LogLik_dt",828.494682905145,NA,NA,NA,"DT",1,248
"Weekly",0.05,"SameTimestamp",1000,"Daily","AIC_dt",832.494682905145,NA,NA,NA,"DT",1,248
"Weekly",0.05,"SameTimestamp",1000,"Daily","BIC_dt",842.310193463109,NA,NA,NA,"DT",1,248
"Weekly",0.05,"SameTimestamp",1000,"Weekly","error_var_ct",2.27066507052006,2.03414557614215,-1.72101828963383,6.26234843067395,"CT",1,248
"Weekly",0.05,"SameTimestamp",1000,"Weekly","beta_ct",-4.90994719486836,4.39505926867734,-13.5345437603422,3.71464937060552,"CT",1,248
"Weekly",0.05,"SameTimestamp",1000,"Weekly","LogLik_ct",1373.48532857045,NA,NA,NA,"CT",1,248
"Weekly",0.05,"SameTimestamp",1000,"Weekly","AIC_ct",1377.48532857045,NA,NA,NA,"CT",1,248
"Weekly",0.05,"SameTimestamp",1000,"Weekly","BIC_ct",1387.30083912842,NA,NA,NA,"CT",1,248
"Weekly",0.05,"SameTimestamp",1000,"Weekly","error_var_dt",0.231218582696556,0.010340402049051,0.210927207644246,0.251509957748866,"DT",1,248
"Weekly",0.05,"SameTimestamp",1000,"Weekly","beta_dt",0.00737277626391458,0.0316178401277112,-0.0546721470700146,0.0694176995978438,"DT",1,248
"Weekly",0.05,"SameTimestamp",1000,"Weekly","LogLik_dt",1373.48532857043,NA,NA,NA,"DT",1,248
"Weekly",0.05,"SameTimestamp",1000,"Weekly","AIC_dt",1377.48532857043,NA,NA,NA,"DT",1,248
"Weekly",0.05,"SameTimestamp",1000,"Weekly","BIC_dt",1387.30083912839,NA,NA,NA,"DT",1,248
"Weekly",0.05,"SameTimestamp",1000,"Monthly","error_var_ct",8.85656462942679,36.722011067324,-63.2044728145231,80.9176020733766,"CT",1,248
"Weekly",0.05,"SameTimestamp",1000,"Monthly","beta_ct",-17.294199258673,71.7071216997639,-158.007886543695,123.419488026349,"CT",1,248
"Weekly",0.05,"SameTimestamp",1000,"Monthly","LogLik_ct",1475.52157561625,NA,NA,NA,"CT",1,248
"Weekly",0.05,"SameTimestamp",1000,"Monthly","AIC_ct",1479.52157561625,NA,NA,NA,"CT",1,248
"Weekly",0.05,"SameTimestamp",1000,"Monthly","BIC_ct",1489.33708617422,NA,NA,NA,"CT",1,248
"Weekly",0.05,"SameTimestamp",1000,"Monthly","error_var_dt",0.255898526229452,0.0114441373925675,0.23344124817767,0.278355804281234,"DT",1,248
"Weekly",0.05,"SameTimestamp",1000,"Monthly","beta_dt",-0.0248629435346107,0.031609457775448,-0.0868914178511045,0.037165530781883,"DT",1,248
"Weekly",0.05,"SameTimestamp",1000,"Monthly","LogLik_dt",1474.90307672185,NA,NA,NA,"DT",1,248
"Weekly",0.05,"SameTimestamp",1000,"Monthly","AIC_dt",1478.90307672185,NA,NA,NA,"DT",1,248
"Weekly",0.05,"SameTimestamp",1000,"Monthly","BIC_dt",1488.71858727982,NA,NA,NA,"DT",1,248
"Weekly",0.05,"SameTimestamp",1000,"Daily","error_var_ct",0.213546160153923,0.0118357639499467,0.190320378003506,0.23677194230434,"CT",1,249
"Weekly",0.05,"SameTimestamp",1000,"Daily","beta_ct",-0.454205607129018,0.0384661394419475,-0.52968921584447,-0.378721998413567,"CT",1,249
"Weekly",0.05,"SameTimestamp",1000,"Daily","LogLik_ct",874.046360588017,NA,NA,NA,"CT",1,249
"Weekly",0.05,"SameTimestamp",1000,"Daily","AIC_ct",878.046360588017,NA,NA,NA,"CT",1,249
"Weekly",0.05,"SameTimestamp",1000,"Daily","BIC_ct",887.861871145981,NA,NA,NA,"CT",1,249
"Weekly",0.05,"SameTimestamp",1000,"Daily","error_var_dt",0.140302070453819,0.0062750607463383,0.12798827351672,0.152615867390919,"DT",1,249
"Weekly",0.05,"SameTimestamp",1000,"Daily","beta_dt",0.634952157495753,0.024424008307851,0.587023971482828,0.682880343508678,"DT",1,249
"Weekly",0.05,"SameTimestamp",1000,"Daily","LogLik_dt",874.046360588017,NA,NA,NA,"DT",1,249
"Weekly",0.05,"SameTimestamp",1000,"Daily","AIC_dt",878.046360588017,NA,NA,NA,"DT",1,249
"Weekly",0.05,"SameTimestamp",1000,"Daily","BIC_dt",887.861871145982,NA,NA,NA,"DT",1,249
"Weekly",0.05,"SameTimestamp",1000,"Weekly","error_var_ct",1.35810312968366,0.242542930520157,0.882151658345793,1.83405460102153,"CT",1,249
"Weekly",0.05,"SameTimestamp",1000,"Weekly","beta_ct",-2.72857174547314,0.483057086805362,-3.67649354518145,-1.78064994576482,"CT",1,249
"Weekly",0.05,"SameTimestamp",1000,"Weekly","LogLik_ct",1442.76561894778,NA,NA,NA,"CT",1,249
"Weekly",0.05,"SameTimestamp",1000,"Weekly","AIC_ct",1446.76561894778,NA,NA,NA,"CT",1,249
"Weekly",0.05,"SameTimestamp",1000,"Weekly","BIC_ct",1456.58112950575,NA,NA,NA,"CT",1,249
"Weekly",0.05,"SameTimestamp",1000,"Weekly","error_var_dt",0.247805430605973,0.0110822020643465,0.226058392393491,0.269552468818456,"DT",1,249
"Weekly",0.05,"SameTimestamp",1000,"Weekly","beta_dt",0.065312599286577,0.0315394263833893,0.00342155030760473,0.127203648265549,"DT",1,249
"Weekly",0.05,"SameTimestamp",1000,"Weekly","LogLik_dt",1442.76561894779,NA,NA,NA,"DT",1,249
"Weekly",0.05,"SameTimestamp",1000,"Weekly","AIC_dt",1446.76561894779,NA,NA,NA,"DT",1,249
"Weekly",0.05,"SameTimestamp",1000,"Weekly","BIC_dt",1456.58112950575,NA,NA,NA,"DT",1,249
"Weekly",0.05,"SameTimestamp",1000,"Monthly","error_var_ct",8.31673390725495,41.3164895241278,-72.760228168496,89.3936959830059,"CT",1,249
"Weekly",0.05,"SameTimestamp",1000,"Monthly","beta_ct",-17.7147568730925,88.0040727524433,-190.408588107102,154.979074360917,"CT",1,249
"Weekly",0.05,"SameTimestamp",1000,"Monthly","LogLik_ct",1388.60462443193,NA,NA,NA,"CT",1,249
"Weekly",0.05,"SameTimestamp",1000,"Monthly","AIC_ct",1392.60462443193,NA,NA,NA,"CT",1,249
"Weekly",0.05,"SameTimestamp",1000,"Monthly","BIC_ct",1402.42013498989,NA,NA,NA,"CT",1,249
"Weekly",0.05,"SameTimestamp",1000,"Monthly","error_var_dt",0.234615144136612,0.010492313922299,0.214025666478586,0.255204621794639,"DT",1,249
"Weekly",0.05,"SameTimestamp",1000,"Monthly","beta_dt",-0.0231570241467625,0.0316158589550389,-0.085198059748131,0.038884011454606,"DT",1,249
"Weekly",0.05,"SameTimestamp",1000,"Monthly","LogLik_dt",1388.06827982859,NA,NA,NA,"DT",1,249
"Weekly",0.05,"SameTimestamp",1000,"Monthly","AIC_dt",1392.06827982859,NA,NA,NA,"DT",1,249
"Weekly",0.05,"SameTimestamp",1000,"Monthly","BIC_dt",1401.88379038655,NA,NA,NA,"DT",1,249
"Weekly",0.05,"SameTimestamp",1000,"Daily","error_var_ct",0.21250919248144,0.0114441948542572,0.190051801670339,0.234966583292542,"CT",1,250
"Weekly",0.05,"SameTimestamp",1000,"Daily","beta_ct",-0.390766318651703,0.0344206869366992,-0.458311377816479,-0.323221259486927,"CT",1,250
"Weekly",0.05,"SameTimestamp",1000,"Daily","LogLik_ct",923.801203407501,NA,NA,NA,"CT",1,250
"Weekly",0.05,"SameTimestamp",1000,"Daily","AIC_ct",927.801203407501,NA,NA,NA,"CT",1,250
"Weekly",0.05,"SameTimestamp",1000,"Daily","BIC_ct",937.616713965465,NA,NA,NA,"CT",1,250
"Weekly",0.05,"SameTimestamp",1000,"Daily","error_var_dt",0.14745754466749,0.00659513649970908,0.134515650570727,0.160399438764254,"DT",1,250
"Weekly",0.05,"SameTimestamp",1000,"Daily","beta_dt",0.676538230192097,0.0232867990197616,0.630841634408268,0.722234825975925,"DT",1,250
"Weekly",0.05,"SameTimestamp",1000,"Daily","LogLik_dt",923.801203407501,NA,NA,NA,"DT",1,250
"Weekly",0.05,"SameTimestamp",1000,"Daily","AIC_dt",927.801203407501,NA,NA,NA,"DT",1,250
"Weekly",0.05,"SameTimestamp",1000,"Daily","BIC_dt",937.616713965465,NA,NA,NA,"DT",1,250
"Weekly",0.05,"SameTimestamp",1000,"Weekly","error_var_ct",1.46259245784796,0.290558887165097,0.892417398282454,2.03276751741346,"CT",1,250
"Weekly",0.05,"SameTimestamp",1000,"Weekly","beta_ct",-2.89141265888139,0.569823793974168,-4.00960015898168,-1.77322515878111,"CT",1,250
"Weekly",0.05,"SameTimestamp",1000,"Weekly","LogLik_ct",1460.11038732853,NA,NA,NA,"CT",1,250
"Weekly",0.05,"SameTimestamp",1000,"Weekly","AIC_ct",1464.11038732853,NA,NA,NA,"CT",1,250
"Weekly",0.05,"SameTimestamp",1000,"Weekly","BIC_ct",1473.92589788649,NA,NA,NA,"CT",1,250
"Weekly",0.05,"SameTimestamp",1000,"Weekly","error_var_dt",0.252141070142842,0.0112760708636457,0.230013595608942,0.274268544676742,"DT",1,250
"Weekly",0.05,"SameTimestamp",1000,"Weekly","beta_dt",0.0554978077193537,0.0315977827848924,-0.00650775630690455,0.117503371745612,"DT",1,250
"Weekly",0.05,"SameTimestamp",1000,"Weekly","LogLik_dt",1460.11038732854,NA,NA,NA,"DT",1,250
"Weekly",0.05,"SameTimestamp",1000,"Weekly","AIC_dt",1464.11038732854,NA,NA,NA,"DT",1,250
"Weekly",0.05,"SameTimestamp",1000,"Weekly","BIC_dt",1473.9258978865,NA,NA,NA,"DT",1,250
"Weekly",0.05,"SameTimestamp",1000,"Monthly","error_var_ct",13.5120379241254,56.4191562857091,-97.2014773625744,124.225553210825,"CT",1,250
"Weekly",0.05,"SameTimestamp",1000,"Monthly","beta_ct",-27.9032269932963,116.508820006162,-256.533037752357,200.726583765764,"CT",1,250
"Weekly",0.05,"SameTimestamp",1000,"Monthly","LogLik_ct",1419.56845862314,NA,NA,NA,"CT",1,250
"Weekly",0.05,"SameTimestamp",1000,"Monthly","AIC_ct",1423.56845862314,NA,NA,NA,"CT",1,250
"Weekly",0.05,"SameTimestamp",1000,"Monthly","BIC_ct",1433.38396918111,NA,NA,NA,"CT",1,250
"Weekly",0.05,"SameTimestamp",1000,"Monthly","error_var_dt",0.241869679446953,0.010816753733181,0.220643540868657,0.263095818025249,"DT",1,250
"Weekly",0.05,"SameTimestamp",1000,"Monthly","beta_dt",-0.0323462392248633,0.0315947362641645,-0.0943458249444366,0.0296533464947101,"DT",1,250
"Weekly",0.05,"SameTimestamp",1000,"Monthly","LogLik_dt",1418.52084960345,NA,NA,NA,"DT",1,250
"Weekly",0.05,"SameTimestamp",1000,"Monthly","AIC_dt",1422.52084960345,NA,NA,NA,"DT",1,250
"Weekly",0.05,"SameTimestamp",1000,"Monthly","BIC_dt",1432.33636016142,NA,NA,NA,"DT",1,250
"Weekly",0.05,"SameTimestamp",1000,"Daily","error_var_ct",0.216798949000249,0.0117585003348834,0.193724784261197,0.239873113739301,"CT",1,251
"Weekly",0.05,"SameTimestamp",1000,"Daily","beta_ct",-0.406443476791961,0.0354131795458418,-0.475936142991088,-0.336950810592833,"CT",1,251
"Weekly",0.05,"SameTimestamp",1000,"Daily","LogLik_ct",930.162094777406,NA,NA,NA,"CT",1,251
"Weekly",0.05,"SameTimestamp",1000,"Daily","AIC_ct",934.162094777406,NA,NA,NA,"CT",1,251
"Weekly",0.05,"SameTimestamp",1000,"Daily","BIC_ct",943.97760533537,NA,NA,NA,"CT",1,251
"Weekly",0.05,"SameTimestamp",1000,"Daily","error_var_dt",0.148399746602148,0.00663724414049284,0.135375223036273,0.161424270168023,"DT",1,251
"Weekly",0.05,"SameTimestamp",1000,"Daily","beta_dt",0.666014740551927,0.0235858866308527,0.619731233460264,0.71229824764359,"DT",1,251
"Weekly",0.05,"SameTimestamp",1000,"Daily","LogLik_dt",930.162094777405,NA,NA,NA,"DT",1,251
"Weekly",0.05,"SameTimestamp",1000,"Daily","AIC_dt",934.162094777405,NA,NA,NA,"DT",1,251
"Weekly",0.05,"SameTimestamp",1000,"Daily","BIC_dt",943.977605335369,NA,NA,NA,"DT",1,251
"Weekly",0.05,"SameTimestamp",1000,"Weekly","error_var_ct",1.27088892310443,0.204965791281546,0.868676540640141,1.67310130556871,"CT",1,251
"Weekly",0.05,"SameTimestamp",1000,"Weekly","beta_ct",-2.56676156481883,0.410236608744898,-3.37178489454464,-1.76173823509302,"CT",1,251
"Weekly",0.05,"SameTimestamp",1000,"Weekly","LogLik_ct",1435.8887422963,NA,NA,NA,"CT",1,251
"Weekly",0.05,"SameTimestamp",1000,"Weekly","AIC_ct",1439.8887422963,NA,NA,NA,"CT",1,251
"Weekly",0.05,"SameTimestamp",1000,"Weekly","BIC_ct",1449.70425285426,NA,NA,NA,"CT",1,251
"Weekly",0.05,"SameTimestamp",1000,"Weekly","error_var_dt",0.246107142401608,0.0110062612941774,0.224509125730257,0.26770515907296,"DT",1,251
"Weekly",0.05,"SameTimestamp",1000,"Weekly","beta_dt",0.0767840263629022,0.0315144464003591,0.0149419965808684,0.138626056144936,"DT",1,251
"Weekly",0.05,"SameTimestamp",1000,"Weekly","LogLik_dt",1435.88874229616,NA,NA,NA,"DT",1,251
"Weekly",0.05,"SameTimestamp",1000,"Weekly","AIC_dt",1439.88874229616,NA,NA,NA,"DT",1,251
"Weekly",0.05,"SameTimestamp",1000,"Weekly","BIC_dt",1449.70425285413,NA,NA,NA,"DT",1,251
"Weekly",0.05,"SameTimestamp",1000,"Monthly","error_var_ct",1.64940280112784,0.351870097368571,0.958914357687297,2.33989124456838,"CT",1,251
"Weekly",0.05,"SameTimestamp",1000,"Monthly","beta_ct",-2.99969390533216,0.635123907330382,-4.24602236985373,-1.75336544081058,"CT",1,251
"Weekly",0.05,"SameTimestamp",1000,"Monthly","LogLik_ct",1544.14953357429,NA,NA,NA,"CT",1,251
"Weekly",0.05,"SameTimestamp",1000,"Monthly","AIC_ct",1548.14953357429,NA,NA,NA,"CT",1,251
"Weekly",0.05,"SameTimestamp",1000,"Monthly","BIC_ct",1557.96504413226,NA,NA,NA,"CT",1,251
"Weekly",0.05,"SameTimestamp",1000,"Monthly","error_var_dt",0.274246611133313,0.0122646839736075,0.250179142457918,0.298314079808708,"DT",1,251
"Weekly",0.05,"SameTimestamp",1000,"Monthly","beta_dt",0.0498022658984233,0.0315733653506739,-0.0121553828424144,0.111759914639261,"DT",1,251
"Weekly",0.05,"SameTimestamp",1000,"Monthly","LogLik_dt",1544.14953357429,NA,NA,NA,"DT",1,251
"Weekly",0.05,"SameTimestamp",1000,"Monthly","AIC_dt",1548.14953357429,NA,NA,NA,"DT",1,251
"Weekly",0.05,"SameTimestamp",1000,"Monthly","BIC_dt",1557.96504413226,NA,NA,NA,"DT",1,251
"Weekly",0.05,"SameTimestamp",1000,"Daily","error_var_ct",0.217560867055103,0.0118175672344008,0.194370793030745,0.240750941079462,"CT",1,252
"Weekly",0.05,"SameTimestamp",1000,"Daily","beta_ct",-0.408466719890224,0.0356056447650318,-0.478337068110668,-0.33859637166978,"CT",1,252
"Weekly",0.05,"SameTimestamp",1000,"Daily","LogLik_ct",931.923004843746,NA,NA,NA,"CT",1,252
"Weekly",0.05,"SameTimestamp",1000,"Daily","AIC_ct",935.923004843746,NA,NA,NA,"CT",1,252
"Weekly",0.05,"SameTimestamp",1000,"Daily","BIC_ct",945.73851540171,NA,NA,NA,"CT",1,252
"Weekly",0.05,"SameTimestamp",1000,"Daily","error_var_dt",0.148660683760855,0.00664893524979908,0.13561321827429,0.16170814924742,"DT",1,252
"Weekly",0.05,"SameTimestamp",1000,"Daily","beta_dt",0.664668594460468,0.0236656120465708,0.618228639069806,0.71110854985113,"DT",1,252
"Weekly",0.05,"SameTimestamp",1000,"Daily","LogLik_dt",931.923004843746,NA,NA,NA,"DT",1,252
"Weekly",0.05,"SameTimestamp",1000,"Daily","AIC_dt",935.923004843746,NA,NA,NA,"DT",1,252
"Weekly",0.05,"SameTimestamp",1000,"Daily","BIC_dt",945.73851540171,NA,NA,NA,"DT",1,252
"Weekly",0.05,"SameTimestamp",1000,"Weekly","error_var_ct",1.79000173755474,0.571604860616327,0.668319180776986,2.91168429433249,"CT",1,252
"Weekly",0.05,"SameTimestamp",1000,"Weekly","beta_ct",-3.5813805833013,1.13864003954607,-5.81577843189627,-1.34698273470632,"CT",1,252
"Weekly",0.05,"SameTimestamp",1000,"Weekly","LogLik_ct",1450.42291200147,NA,NA,NA,"CT",1,252
"Weekly",0.05,"SameTimestamp",1000,"Weekly","AIC_ct",1454.42291200147,NA,NA,NA,"CT",1,252
"Weekly",0.05,"SameTimestamp",1000,"Weekly","BIC_ct",1464.23842255944,NA,NA,NA,"CT",1,252
"Weekly",0.05,"SameTimestamp",1000,"Weekly","error_var_dt",0.249710217822345,0.0111673844676964,0.22779602285077,0.271624412793919,"DT",1,252
"Weekly",0.05,"SameTimestamp",1000,"Weekly","beta_dt",0.0278372339685082,0.0315974543343348,-0.0341676855263848,0.0898421534634011,"DT",1,252
"Weekly",0.05,"SameTimestamp",1000,"Weekly","LogLik_dt",1450.42291200147,NA,NA,NA,"DT",1,252
"Weekly",0.05,"SameTimestamp",1000,"Weekly","AIC_dt",1454.42291200147,NA,NA,NA,"DT",1,252
"Weekly",0.05,"SameTimestamp",1000,"Weekly","BIC_dt",1464.23842255943,NA,NA,NA,"DT",1,252
"Weekly",0.05,"SameTimestamp",1000,"Monthly","error_var_ct",8.93441687242461,77.9239291529436,-143.978754635945,161.847588380794,"CT",1,252
"Weekly",0.05,"SameTimestamp",1000,"Monthly","beta_ct",-16.7370060073487,145.976055852364,-303.19152527134,269.717513256643,"CT",1,252
"Weekly",0.05,"SameTimestamp",1000,"Monthly","LogLik_ct",1517.02921033458,NA,NA,NA,"CT",1,252
"Weekly",0.05,"SameTimestamp",1000,"Monthly","AIC_ct",1521.02921033458,NA,NA,NA,"CT",1,252
"Weekly",0.05,"SameTimestamp",1000,"Monthly","BIC_ct",1530.84472089255,NA,NA,NA,"CT",1,252
"Weekly",0.05,"SameTimestamp",1000,"Monthly","error_var_dt",0.266866964911608,0.0119346270923884,0.243447179753124,0.290286750070091,"DT",1,252
"Weekly",0.05,"SameTimestamp",1000,"Monthly","beta_dt",-0.0125294135273529,0.0316053581719337,-0.0745498430316547,0.0494910159769489,"DT",1,252
"Weekly",0.05,"SameTimestamp",1000,"Monthly","LogLik_dt",1516.87206603732,NA,NA,NA,"DT",1,252
"Weekly",0.05,"SameTimestamp",1000,"Monthly","AIC_dt",1520.87206603732,NA,NA,NA,"DT",1,252
"Weekly",0.05,"SameTimestamp",1000,"Monthly","BIC_dt",1530.68757659528,NA,NA,NA,"DT",1,252
"Weekly",0.05,"SameTimestamp",1000,"Daily","error_var_ct",0.230091121448264,0.0123618349984681,0.205833009520042,0.254349233376485,"CT",1,253
"Weekly",0.05,"SameTimestamp",1000,"Daily","beta_ct",-0.384780734599581,0.0340757750432791,-0.451648959676456,-0.317912509522705,"CT",1,253
"Weekly",0.05,"SameTimestamp",1000,"Daily","LogLik_ct",1008.65741024911,NA,NA,NA,"CT",1,253
"Weekly",0.05,"SameTimestamp",1000,"Daily","AIC_ct",1012.65741024911,NA,NA,NA,"CT",1,253
"Weekly",0.05,"SameTimestamp",1000,"Daily","BIC_ct",1022.47292080707,NA,NA,NA,"CT",1,253
"Weekly",0.05,"SameTimestamp",1000,"Daily","error_var_dt",0.160492952158714,0.00717876733266627,0.146405776469663,0.174580127847765,"DT",1,253
"Weekly",0.05,"SameTimestamp",1000,"Daily","beta_dt",0.680599864918174,0.0231920920974898,0.635089116229144,0.726110613607203,"DT",1,253
"Weekly",0.05,"SameTimestamp",1000,"Daily","LogLik_dt",1008.65741024911,NA,NA,NA,"DT",1,253
"Weekly",0.05,"SameTimestamp",1000,"Daily","AIC_dt",1012.65741024911,NA,NA,NA,"DT",1,253
"Weekly",0.05,"SameTimestamp",1000,"Daily","BIC_dt",1022.47292080707,NA,NA,NA,"DT",1,253
"Weekly",0.05,"SameTimestamp",1000,"Weekly","error_var_ct",1.35879460981579,0.220606202040888,0.925890438078272,1.79169878155331,"CT",1,253
"Weekly",0.05,"SameTimestamp",1000,"Weekly","beta_ct",-2.57466753492671,0.414282497228747,-3.38763026974104,-1.76170480011239,"CT",1,253
"Weekly",0.05,"SameTimestamp",1000,"Weekly","LogLik_ct",1499.78947483848,NA,NA,NA,"CT",1,253
"Weekly",0.05,"SameTimestamp",1000,"Weekly","AIC_ct",1503.78947483848,NA,NA,NA,"CT",1,253
"Weekly",0.05,"SameTimestamp",1000,"Weekly","BIC_ct",1513.60498539645,NA,NA,NA,"CT",1,253
"Weekly",0.05,"SameTimestamp",1000,"Weekly","error_var_dt",0.26234632217157,0.011732528205514,0.239323123556992,0.285369520786148,"DT",1,253
"Weekly",0.05,"SameTimestamp",1000,"Weekly","beta_dt",0.0761791168514321,0.0315598369743597,0.0142480153721358,0.138110218330728,"DT",1,253
"Weekly",0.05,"SameTimestamp",1000,"Weekly","LogLik_dt",1499.78947483848,NA,NA,NA,"DT",1,253
"Weekly",0.05,"SameTimestamp",1000,"Weekly","AIC_dt",1503.78947483848,NA,NA,NA,"DT",1,253
"Weekly",0.05,"SameTimestamp",1000,"Weekly","BIC_dt",1513.60498539645,NA,NA,NA,"DT",1,253
"Weekly",0.05,"SameTimestamp",1000,"Monthly","error_var_ct",9.9659680097549,71.2508410909226,-129.852342004715,149.784278024224,"CT",1,253
"Weekly",0.05,"SameTimestamp",1000,"Monthly","beta_ct",-21.6953656847628,155.111977201101,-326.077660450737,282.686929081212,"CT",1,253
"Weekly",0.05,"SameTimestamp",1000,"Monthly","LogLik_ct",1366.80943204167,NA,NA,NA,"CT",1,253
"Weekly",0.05,"SameTimestamp",1000,"Monthly","AIC_ct",1370.80943204167,NA,NA,NA,"CT",1,253
"Weekly",0.05,"SameTimestamp",1000,"Monthly","BIC_ct",1380.62494259963,NA,NA,NA,"CT",1,253
"Weekly",0.05,"SameTimestamp",1000,"Monthly","error_var_dt",0.22949638005,0.0102633816352205,0.20935614516577,0.249636614934229,"DT",1,253
"Weekly",0.05,"SameTimestamp",1000,"Monthly","beta_dt",-0.0283031548228152,0.031637332464419,-0.0903863287308427,0.0337800190852124,"DT",1,253
"Weekly",0.05,"SameTimestamp",1000,"Monthly","LogLik_dt",1366.00944804423,NA,NA,NA,"DT",1,253
"Weekly",0.05,"SameTimestamp",1000,"Monthly","AIC_dt",1370.00944804423,NA,NA,NA,"DT",1,253
"Weekly",0.05,"SameTimestamp",1000,"Monthly","BIC_dt",1379.82495860219,NA,NA,NA,"DT",1,253
"Weekly",0.05,"SameTimestamp",1000,"Daily","error_var_ct",0.225895852664458,0.0126547523255032,0.201062937617944,0.250728767710972,"CT",1,254
"Weekly",0.05,"SameTimestamp",1000,"Daily","beta_ct",-0.475747259943598,0.0399649107438031,-0.554171966157902,-0.397322553729294,"CT",1,254
"Weekly",0.05,"SameTimestamp",1000,"Daily","LogLik_ct",912.002480017931,NA,NA,NA,"CT",1,254
"Weekly",0.05,"SameTimestamp",1000,"Daily","AIC_ct",916.002480017931,NA,NA,NA,"CT",1,254
"Weekly",0.05,"SameTimestamp",1000,"Daily","BIC_ct",925.817990575895,NA,NA,NA,"CT",1,254
"Weekly",0.05,"SameTimestamp",1000,"Daily","error_var_dt",0.14573192248592,0.00651785513859738,0.132941680624285,0.158522164347555,"DT",1,254
"Weekly",0.05,"SameTimestamp",1000,"Daily","beta_dt",0.621420528493406,0.0248348238955731,0.572686182997681,0.67015487398913,"DT",1,254
"Weekly",0.05,"SameTimestamp",1000,"Daily","LogLik_dt",912.00248001793,NA,NA,NA,"DT",1,254
"Weekly",0.05,"SameTimestamp",1000,"Daily","AIC_dt",916.00248001793,NA,NA,NA,"DT",1,254
"Weekly",0.05,"SameTimestamp",1000,"Daily","BIC_dt",925.817990575895,NA,NA,NA,"DT",1,254
"Weekly",0.05,"SameTimestamp",1000,"Weekly","error_var_ct",1.59531022272401,0.410657716258337,0.789460537267355,2.40115990818067,"CT",1,254
"Weekly",0.05,"SameTimestamp",1000,"Weekly","beta_ct",-3.2782166209512,0.838884636670002,-4.92439272779361,-1.63204051410879,"CT",1,254
"Weekly",0.05,"SameTimestamp",1000,"Weekly","LogLik_ct",1423.07637761692,NA,NA,NA,"CT",1,254
"Weekly",0.05,"SameTimestamp",1000,"Weekly","AIC_ct",1427.07637761692,NA,NA,NA,"CT",1,254
"Weekly",0.05,"SameTimestamp",1000,"Weekly","BIC_ct",1436.89188817489,NA,NA,NA,"CT",1,254
"Weekly",0.05,"SameTimestamp",1000,"Weekly","error_var_dt",0.242974034561081,0.0108661223500509,0.221651018016535,0.264297051105627,"DT",1,254
"Weekly",0.05,"SameTimestamp",1000,"Weekly","beta_dt",0.0376953473634334,0.0316550111058635,-0.0244225180335964,0.0998132127604632,"DT",1,254
"Weekly",0.05,"SameTimestamp",1000,"Weekly","LogLik_dt",1423.0763776169,NA,NA,NA,"DT",1,254
"Weekly",0.05,"SameTimestamp",1000,"Weekly","AIC_dt",1427.0763776169,NA,NA,NA,"DT",1,254
"Weekly",0.05,"SameTimestamp",1000,"Weekly","BIC_dt",1436.89188817486,NA,NA,NA,"DT",1,254
"Weekly",0.05,"SameTimestamp",1000,"Monthly","error_var_ct",10.8649548496145,123.655290078292,-231.788653421944,253.518563121173,"CT",1,254
"Weekly",0.05,"SameTimestamp",1000,"Monthly","beta_ct",-23.1238446614895,263.175812356127,-539.564026376154,493.316337053175,"CT",1,254
"Weekly",0.05,"SameTimestamp",1000,"Monthly","LogLik_ct",1389.40895351603,NA,NA,NA,"CT",1,254
"Weekly",0.05,"SameTimestamp",1000,"Monthly","AIC_ct",1393.40895351603,NA,NA,NA,"CT",1,254
"Weekly",0.05,"SameTimestamp",1000,"Monthly","BIC_ct",1403.224464074,NA,NA,NA,"CT",1,254
"Weekly",0.05,"SameTimestamp",1000,"Monthly","error_var_dt",0.234012560685037,0.0104653600112729,0.213475975739999,0.254549145630076,"DT",1,254
"Weekly",0.05,"SameTimestamp",1000,"Monthly","beta_dt",-0.0624601788588692,0.0315466514807403,-0.124365405928736,-0.00055495178900223,"DT",1,254
"Weekly",0.05,"SameTimestamp",1000,"Monthly","LogLik_dt",1385.49651927809,NA,NA,NA,"DT",1,254
"Weekly",0.05,"SameTimestamp",1000,"Monthly","AIC_dt",1389.49651927809,NA,NA,NA,"DT",1,254
"Weekly",0.05,"SameTimestamp",1000,"Monthly","BIC_dt",1399.31202983605,NA,NA,NA,"DT",1,254
"Weekly",0.05,"SameTimestamp",1000,"Daily","error_var_ct",0.186947357842897,0.010493268456865,0.166356007064388,0.207538708621406,"CT",1,255
"Weekly",0.05,"SameTimestamp",1000,"Daily","beta_ct",-0.48111888591268,0.0402562199509886,-0.560115239568849,-0.402122532256511,"CT",1,255
"Weekly",0.05,"SameTimestamp",1000,"Daily","LogLik_ct",718.262814092736,NA,NA,NA,"CT",1,255
"Weekly",0.05,"SameTimestamp",1000,"Daily","AIC_ct",722.262814092736,NA,NA,NA,"CT",1,255
"Weekly",0.05,"SameTimestamp",1000,"Daily","BIC_ct",732.0783246507,NA,NA,NA,"CT",1,255
"Weekly",0.05,"SameTimestamp",1000,"Daily","error_var_dt",0.120060284218853,0.00536980075167019,0.1095229143476,0.130597654090106,"DT",1,255
"Weekly",0.05,"SameTimestamp",1000,"Daily","beta_dt",0.618091423522161,0.0248822004498063,0.569264109162549,0.666918737881772,"DT",1,255
"Weekly",0.05,"SameTimestamp",1000,"Daily","LogLik_dt",718.262814092738,NA,NA,NA,"DT",1,255
"Weekly",0.05,"SameTimestamp",1000,"Daily","AIC_dt",722.262814092738,NA,NA,NA,"DT",1,255
"Weekly",0.05,"SameTimestamp",1000,"Daily","BIC_dt",732.078324650702,NA,NA,NA,"DT",1,255
"Weekly",0.05,"SameTimestamp",1000,"Weekly","error_var_ct",0.934282635255651,0.10619467085976,0.725892682452046,1.14267258805926,"CT",1,255
"Weekly",0.05,"SameTimestamp",1000,"Weekly","beta_ct",-1.9617953363773,0.222613594675762,-2.3986386931328,-1.5249519796218,"CT",1,255
"Weekly",0.05,"SameTimestamp",1000,"Weekly","LogLik_ct",1382.92571679611,NA,NA,NA,"CT",1,255
"Weekly",0.05,"SameTimestamp",1000,"Weekly","AIC_ct",1386.92571679611,NA,NA,NA,"CT",1,255
"Weekly",0.05,"SameTimestamp",1000,"Weekly","BIC_ct",1396.74122735408,NA,NA,NA,"CT",1,255
"Weekly",0.05,"SameTimestamp",1000,"Weekly","error_var_dt",0.233411613721423,0.0104384733292013,0.212927789563367,0.253895437879479,"DT",1,255
"Weekly",0.05,"SameTimestamp",1000,"Weekly","beta_dt",0.14060598109072,0.0312986672866436,0.0791873830963558,0.202024579085083,"DT",1,255
"Weekly",0.05,"SameTimestamp",1000,"Weekly","LogLik_dt",1382.92571679603,NA,NA,NA,"DT",1,255
"Weekly",0.05,"SameTimestamp",1000,"Weekly","AIC_dt",1386.92571679603,NA,NA,NA,"DT",1,255
"Weekly",0.05,"SameTimestamp",1000,"Weekly","BIC_dt",1396.74122735399,NA,NA,NA,"DT",1,255
"Weekly",0.05,"SameTimestamp",1000,"Monthly","error_var_ct",10.5149457580268,32.7126423064972,-53.678350677108,74.7082421931616,"CT",1,255
"Weekly",0.05,"SameTimestamp",1000,"Monthly","beta_ct",-23.1075912648532,71.8895089997759,-164.179184276535,117.964001746829,"CT",1,255
"Weekly",0.05,"SameTimestamp",1000,"Monthly","LogLik_ct",1357.36839018532,NA,NA,NA,"CT",1,255
"Weekly",0.05,"SameTimestamp",1000,"Monthly","AIC_ct",1361.36839018532,NA,NA,NA,"CT",1,255
"Weekly",0.05,"SameTimestamp",1000,"Monthly","BIC_ct",1371.18390074328,NA,NA,NA,"CT",1,255
"Weekly",0.05,"SameTimestamp",1000,"Monthly","error_var_dt",0.227105988756777,0.0101564742875285,0.207175542338951,0.247036435174603,"DT",1,255
"Weekly",0.05,"SameTimestamp",1000,"Monthly","beta_dt",-0.0427351165599821,0.0315779529517813,-0.10470176772976,0.0192315346097961,"DT",1,255
"Weekly",0.05,"SameTimestamp",1000,"Monthly","LogLik_dt",1355.53862831161,NA,NA,NA,"DT",1,255
"Weekly",0.05,"SameTimestamp",1000,"Monthly","AIC_dt",1359.53862831161,NA,NA,NA,"DT",1,255
"Weekly",0.05,"SameTimestamp",1000,"Monthly","BIC_dt",1369.35413886958,NA,NA,NA,"DT",1,255
"Weekly",0.05,"SameTimestamp",1000,"Daily","error_var_ct",0.206542345649125,0.0111409435812642,0.184680036662329,0.228404654635922,"CT",1,256
"Weekly",0.05,"SameTimestamp",1000,"Daily","beta_ct",-0.393980415214111,0.0346392131594907,-0.461954296926056,-0.326006533502166,"CT",1,256
"Weekly",0.05,"SameTimestamp",1000,"Daily","LogLik_ct",892.570920865875,NA,NA,NA,"CT",1,256
"Weekly",0.05,"SameTimestamp",1000,"Daily","AIC_ct",896.570920865875,NA,NA,NA,"CT",1,256
"Weekly",0.05,"SameTimestamp",1000,"Daily","BIC_ct",906.386431423839,NA,NA,NA,"CT",1,256
"Weekly",0.05,"SameTimestamp",1000,"Daily","error_var_dt",0.142916778174764,0.00639221988698642,0.130373075277295,0.155460481072233,"DT",1,256
"Weekly",0.05,"SameTimestamp",1000,"Daily","beta_dt",0.674367281672707,0.0233594646001492,0.628528091380653,0.720206471964761,"DT",1,256
"Weekly",0.05,"SameTimestamp",1000,"Daily","LogLik_dt",892.57092086587,NA,NA,NA,"DT",1,256
"Weekly",0.05,"SameTimestamp",1000,"Daily","AIC_dt",896.57092086587,NA,NA,NA,"DT",1,256
"Weekly",0.05,"SameTimestamp",1000,"Daily","BIC_dt",906.386431423834,NA,NA,NA,"DT",1,256
"Weekly",0.05,"SameTimestamp",1000,"Weekly","error_var_ct",1.2659476680808,0.193593096072876,0.886052369878819,1.64584296628279,"CT",1,256
"Weekly",0.05,"SameTimestamp",1000,"Weekly","beta_ct",-2.47766862243452,0.37555054062826,-3.21462612513484,-1.7407111197342,"CT",1,256
"Weekly",0.05,"SameTimestamp",1000,"Weekly","LogLik_ct",1466.16256361437,NA,NA,NA,"CT",1,256
"Weekly",0.05,"SameTimestamp",1000,"Weekly","AIC_ct",1470.16256361437,NA,NA,NA,"CT",1,256
"Weekly",0.05,"SameTimestamp",1000,"Weekly","BIC_ct",1479.97807417234,NA,NA,NA,"CT",1,256
"Weekly",0.05,"SameTimestamp",1000,"Weekly","error_var_dt",0.253671487513373,0.0113445433675593,0.231409646709081,0.275933328317665,"DT",1,256
"Weekly",0.05,"SameTimestamp",1000,"Weekly","beta_dt",0.0839387000380796,0.0315362180087228,0.0220539469781012,0.145823453098058,"DT",1,256
"Weekly",0.05,"SameTimestamp",1000,"Weekly","LogLik_dt",1466.16256361431,NA,NA,NA,"DT",1,256
"Weekly",0.05,"SameTimestamp",1000,"Weekly","AIC_dt",1470.16256361431,NA,NA,NA,"DT",1,256
"Weekly",0.05,"SameTimestamp",1000,"Weekly","BIC_dt",1479.97807417228,NA,NA,NA,"DT",1,256
"Weekly",0.05,"SameTimestamp",1000,"Monthly","error_var_ct",10.6205110096529,125.419056080792,-235.494204218045,256.73522623735,"CT",1,256
"Weekly",0.05,"SameTimestamp",1000,"Monthly","beta_ct",-21.0967096799784,249.134304976154,-509.98269270921,467.789273349253,"CT",1,256
"Weekly",0.05,"SameTimestamp",1000,"Monthly","LogLik_ct",1458.40073772654,NA,NA,NA,"CT",1,256
"Weekly",0.05,"SameTimestamp",1000,"Monthly","AIC_ct",1462.40073772654,NA,NA,NA,"CT",1,256
"Weekly",0.05,"SameTimestamp",1000,"Monthly","BIC_ct",1472.21624828451,NA,NA,NA,"CT",1,256
"Weekly",0.05,"SameTimestamp",1000,"Monthly","error_var_dt",0.251707276132059,0.0112566974403639,0.229617818823795,0.273796733440324,"DT",1,256
"Weekly",0.05,"SameTimestamp",1000,"Monthly","beta_dt",-0.00349052424370723,0.0316384729966119,-0.0655759362626297,0.0585948877752153,"DT",1,256
"Weekly",0.05,"SameTimestamp",1000,"Monthly","LogLik_dt",1458.38856614352,NA,NA,NA,"DT",1,256
"Weekly",0.05,"SameTimestamp",1000,"Monthly","AIC_dt",1462.38856614352,NA,NA,NA,"DT",1,256
"Weekly",0.05,"SameTimestamp",1000,"Monthly","BIC_dt",1472.20407670149,NA,NA,NA,"DT",1,256
"Weekly",0.05,"SameTimestamp",1000,"Daily","error_var_ct",0.208117366495852,0.0114066809316062,0.185733590721244,0.23050114227046,"CT",1,257
"Weekly",0.05,"SameTimestamp",1000,"Daily","beta_ct",-0.429081206702887,0.0368364952323518,-0.501366900898007,-0.356795512507767,"CT",1,257
"Weekly",0.05,"SameTimestamp",1000,"Daily","LogLik_ct",870.540913613674,NA,NA,NA,"CT",1,257
"Weekly",0.05,"SameTimestamp",1000,"Daily","AIC_ct",874.540913613674,NA,NA,NA,"CT",1,257
"Weekly",0.05,"SameTimestamp",1000,"Daily","BIC_ct",884.356424171639,NA,NA,NA,"CT",1,257
"Weekly",0.05,"SameTimestamp",1000,"Daily","error_var_dt",0.139703188578235,0.00625102242295353,0.127436562982551,0.151969814173919,"DT",1,257
"Weekly",0.05,"SameTimestamp",1000,"Daily","beta_dt",0.651107014586257,0.0239846530320535,0.604040992601396,0.698173036571117,"DT",1,257
"Weekly",0.05,"SameTimestamp",1000,"Daily","LogLik_dt",870.540913613683,NA,NA,NA,"DT",1,257
"Weekly",0.05,"SameTimestamp",1000,"Daily","AIC_dt",874.540913613683,NA,NA,NA,"DT",1,257
"Weekly",0.05,"SameTimestamp",1000,"Daily","BIC_dt",884.356424171647,NA,NA,NA,"DT",1,257
"Weekly",0.05,"SameTimestamp",1000,"Weekly","error_var_ct",1.25130704521185,0.188207863230878,0.881979399875062,1.62063469054863,"CT",1,257
"Weekly",0.05,"SameTimestamp",1000,"Weekly","beta_ct",-2.45116594277473,0.365403925136198,-3.16821234535686,-1.73411954019261,"CT",1,257
"Weekly",0.05,"SameTimestamp",1000,"Weekly","LogLik_ct",1464.91009656947,NA,NA,NA,"CT",1,257
"Weekly",0.05,"SameTimestamp",1000,"Weekly","AIC_ct",1468.91009656947,NA,NA,NA,"CT",1,257
"Weekly",0.05,"SameTimestamp",1000,"Weekly","BIC_ct",1478.72560712744,NA,NA,NA,"CT",1,257
"Weekly",0.05,"SameTimestamp",1000,"Weekly","error_var_dt",0.253350994789431,0.0113303296378686,0.231117046142396,0.275584943436467,"DT",1,257
"Weekly",0.05,"SameTimestamp",1000,"Weekly","beta_dt",0.0861930519362443,0.0315166104992156,0.0243467754584497,0.148039328414039,"DT",1,257
"Weekly",0.05,"SameTimestamp",1000,"Weekly","LogLik_dt",1464.91009656947,NA,NA,NA,"DT",1,257
"Weekly",0.05,"SameTimestamp",1000,"Weekly","AIC_dt",1468.91009656947,NA,NA,NA,"DT",1,257
"Weekly",0.05,"SameTimestamp",1000,"Weekly","BIC_dt",1478.72560712743,NA,NA,NA,"DT",1,257
"Weekly",0.05,"SameTimestamp",1000,"Monthly","error_var_ct",10.9663499116535,234.16105964395,-448.537048635392,470.469748458699,"CT",1,257
"Weekly",0.05,"SameTimestamp",1000,"Monthly","beta_ct",-20.8168992608519,444.488461342359,-893.053977929361,851.420179407657,"CT",1,257
"Weekly",0.05,"SameTimestamp",1000,"Monthly","LogLik_ct",1503.79054420628,NA,NA,NA,"CT",1,257
"Weekly",0.05,"SameTimestamp",1000,"Monthly","AIC_ct",1507.79054420628,NA,NA,NA,"CT",1,257
"Weekly",0.05,"SameTimestamp",1000,"Monthly","BIC_ct",1517.60605476424,NA,NA,NA,"CT",1,257
"Weekly",0.05,"SameTimestamp",1000,"Monthly","error_var_dt",0.262314276859033,0.0117311319782708,0.23929381811574,0.285334735602327,"DT",1,257
"Weekly",0.05,"SameTimestamp",1000,"Monthly","beta_dt",-0.0641896175669921,0.0315950093794233,-0.126189739231311,-0.00218949590267289,"DT",1,257
"Weekly",0.05,"SameTimestamp",1000,"Monthly","LogLik_dt",1499.6715449036,NA,NA,NA,"DT",1,257
"Weekly",0.05,"SameTimestamp",1000,"Monthly","AIC_dt",1503.6715449036,NA,NA,NA,"DT",1,257
"Weekly",0.05,"SameTimestamp",1000,"Monthly","BIC_dt",1513.48705546157,NA,NA,NA,"DT",1,257
"Weekly",0.05,"SameTimestamp",1000,"Daily","error_var_ct",0.208927022575801,0.0116179435398358,0.186128677928747,0.231725367222856,"CT",1,258
"Weekly",0.05,"SameTimestamp",1000,"Daily","beta_ct",-0.461412653564166,0.0389335738904945,-0.537813527165727,-0.385011779962606,"CT",1,258
"Weekly",0.05,"SameTimestamp",1000,"Daily","LogLik_ct",846.066404145882,NA,NA,NA,"CT",1,258
"Weekly",0.05,"SameTimestamp",1000,"Daily","AIC_ct",850.066404145882,NA,NA,NA,"CT",1,258
"Weekly",0.05,"SameTimestamp",1000,"Daily","BIC_ct",859.881914703846,NA,NA,NA,"CT",1,258
"Weekly",0.05,"SameTimestamp",1000,"Daily","error_var_dt",0.136429423666042,0.00610189120992378,0.124455444077857,0.148403403254227,"DT",1,258
"Weekly",0.05,"SameTimestamp",1000,"Daily","beta_dt",0.630392347452958,0.024543335590184,0.582230000850502,0.678554694055414,"DT",1,258
"Weekly",0.05,"SameTimestamp",1000,"Daily","LogLik_dt",846.066404145904,NA,NA,NA,"DT",1,258
"Weekly",0.05,"SameTimestamp",1000,"Daily","AIC_dt",850.066404145904,NA,NA,NA,"DT",1,258
"Weekly",0.05,"SameTimestamp",1000,"Daily","BIC_dt",859.881914703868,NA,NA,NA,"DT",1,258
"Weekly",0.05,"SameTimestamp",1000,"Weekly","error_var_ct",2.54816016097933,3.75644010090635,-4.82324905381269,9.91956937577135,"CT",1,258
"Weekly",0.05,"SameTimestamp",1000,"Weekly","beta_ct",-5.45431947668192,8.0376500587198,-21.2269143049145,10.3182753515506,"CT",1,258
"Weekly",0.05,"SameTimestamp",1000,"Weekly","LogLik_ct",1383.67532153775,NA,NA,NA,"CT",1,258
"Weekly",0.05,"SameTimestamp",1000,"Weekly","AIC_ct",1387.67532153775,NA,NA,NA,"CT",1,258
"Weekly",0.05,"SameTimestamp",1000,"Weekly","BIC_ct",1397.49083209571,NA,NA,NA,"CT",1,258
"Weekly",0.05,"SameTimestamp",1000,"Weekly","error_var_dt",0.233586751615651,0.0104463202454153,0.213087529147244,0.254085974084058,"DT",1,258
"Weekly",0.05,"SameTimestamp",1000,"Weekly","beta_dt",0.00427777955087108,0.0316064603819558,-0.0577448128632324,0.0663003719649745,"DT",1,258
"Weekly",0.05,"SameTimestamp",1000,"Weekly","LogLik_dt",1383.67532153775,NA,NA,NA,"DT",1,258
"Weekly",0.05,"SameTimestamp",1000,"Weekly","AIC_dt",1387.67532153775,NA,NA,NA,"DT",1,258
"Weekly",0.05,"SameTimestamp",1000,"Weekly","BIC_dt",1397.49083209572,NA,NA,NA,"DT",1,258
"Weekly",0.05,"SameTimestamp",1000,"Monthly","error_var_ct",12.2459000036816,111.180718493522,-205.928368930517,230.42016893788,"CT",1,258
"Weekly",0.05,"SameTimestamp",1000,"Monthly","beta_ct",-24.4519344429209,222.003388565064,-460.097859900036,411.193991014195,"CT",1,258
"Weekly",0.05,"SameTimestamp",1000,"Monthly","LogLik_ct",1453.21179243163,NA,NA,NA,"CT",1,258
"Weekly",0.05,"SameTimestamp",1000,"Monthly","AIC_ct",1457.21179243163,NA,NA,NA,"CT",1,258
"Weekly",0.05,"SameTimestamp",1000,"Monthly","BIC_ct",1467.02730298959,NA,NA,NA,"CT",1,258
"Weekly",0.05,"SameTimestamp",1000,"Monthly","error_var_dt",0.249408018761559,0.0111538743292943,0.227520335262559,0.27129570226056,"DT",1,258
"Weekly",0.05,"SameTimestamp",1000,"Monthly","beta_dt",-0.0632081211047452,0.0315737719773706,-0.125166567785041,-0.0012496744244491,"DT",1,258
"Weekly",0.05,"SameTimestamp",1000,"Monthly","LogLik_dt",1449.21204938974,NA,NA,NA,"DT",1,258
"Weekly",0.05,"SameTimestamp",1000,"Monthly","AIC_dt",1453.21204938974,NA,NA,NA,"DT",1,258
"Weekly",0.05,"SameTimestamp",1000,"Monthly","BIC_dt",1463.0275599477,NA,NA,NA,"DT",1,258
"Weekly",0.05,"SameTimestamp",1000,"Daily","error_var_ct",0.231384338424536,0.0128883383843733,0.206093048325965,0.256675628523107,"CT",1,259
"Weekly",0.05,"SameTimestamp",1000,"Daily","beta_ct",-0.464724477169119,0.039150199876931,-0.541550444409786,-0.387898509928452,"CT",1,259
"Weekly",0.05,"SameTimestamp",1000,"Daily","LogLik_ct",945.653860906297,NA,NA,NA,"CT",1,259
"Weekly",0.05,"SameTimestamp",1000,"Daily","AIC_ct",949.653860906297,NA,NA,NA,"CT",1,259
"Weekly",0.05,"SameTimestamp",1000,"Daily","BIC_ct",959.469371464261,NA,NA,NA,"CT",1,259
"Weekly",0.05,"SameTimestamp",1000,"Daily","error_var_dt",0.150670425081222,0.00674005566090986,0.137444150450874,0.163896699711571,"DT",1,259
"Weekly",0.05,"SameTimestamp",1000,"Daily","beta_dt",0.62830820147862,0.0245984138946429,0.580037772566819,0.676578630390422,"DT",1,259
"Weekly",0.05,"SameTimestamp",1000,"Daily","LogLik_dt",945.653860906297,NA,NA,NA,"DT",1,259
"Weekly",0.05,"SameTimestamp",1000,"Daily","AIC_dt",949.653860906297,NA,NA,NA,"DT",1,259
"Weekly",0.05,"SameTimestamp",1000,"Daily","BIC_dt",959.469371464261,NA,NA,NA,"DT",1,259
"Weekly",0.05,"SameTimestamp",1000,"Weekly","error_var_ct",1.84781425816575,0.647089393615893,0.578005452285025,3.11762306404648,"CT",1,259
"Weekly",0.05,"SameTimestamp",1000,"Weekly","beta_ct",-3.70965514988684,1.2941659761222,-6.24924762190729,-1.17006267786638,"CT",1,259
"Weekly",0.05,"SameTimestamp",1000,"Weekly","LogLik_ct",1447.19518279835,NA,NA,NA,"CT",1,259
"Weekly",0.05,"SameTimestamp",1000,"Weekly","AIC_ct",1451.19518279835,NA,NA,NA,"CT",1,259
"Weekly",0.05,"SameTimestamp",1000,"Weekly","BIC_ct",1461.01069335632,NA,NA,NA,"CT",1,259
"Weekly",0.05,"SameTimestamp",1000,"Weekly","error_var_dt",0.248905398168534,0.0111313848625146,0.227061846629102,0.270748949707966,"DT",1,259
"Weekly",0.05,"SameTimestamp",1000,"Weekly","beta_dt",0.0244859453246381,0.0316110089951279,-0.0375455730108565,0.0865174636601327,"DT",1,259
"Weekly",0.05,"SameTimestamp",1000,"Weekly","LogLik_dt",1447.19518279835,NA,NA,NA,"DT",1,259
"Weekly",0.05,"SameTimestamp",1000,"Weekly","AIC_dt",1451.19518279835,NA,NA,NA,"DT",1,259
"Weekly",0.05,"SameTimestamp",1000,"Weekly","BIC_dt",1461.01069335632,NA,NA,NA,"DT",1,259
"Weekly",0.05,"SameTimestamp",1000,"Monthly","error_var_ct",9.50970066077138,49.9377212894636,-88.4850414329599,107.504442754503,"CT",1,259
"Weekly",0.05,"SameTimestamp",1000,"Monthly","beta_ct",-18.2996180039463,96.0956488809601,-206.871865300427,170.272629292534,"CT",1,259
"Weekly",0.05,"SameTimestamp",1000,"Monthly","LogLik_ct",1490.16738056782,NA,NA,NA,"CT",1,259
"Weekly",0.05,"SameTimestamp",1000,"Monthly","AIC_ct",1494.16738056782,NA,NA,NA,"CT",1,259
"Weekly",0.05,"SameTimestamp",1000,"Monthly","BIC_ct",1503.98289112579,NA,NA,NA,"CT",1,259
"Weekly",0.05,"SameTimestamp",1000,"Monthly","error_var_dt",0.259834581347847,0.0116201558911713,0.237031895317307,0.282637267378388,"DT",1,259
"Weekly",0.05,"SameTimestamp",1000,"Monthly","beta_dt",-0.000626970469260034,0.0316288848041883,-0.0626935672034752,0.0614396262649552,"DT",1,259
"Weekly",0.05,"SameTimestamp",1000,"Monthly","LogLik_dt",1490.16698759761,NA,NA,NA,"DT",1,259
"Weekly",0.05,"SameTimestamp",1000,"Monthly","AIC_dt",1494.16698759761,NA,NA,NA,"DT",1,259
"Weekly",0.05,"SameTimestamp",1000,"Monthly","BIC_dt",1503.98249815558,NA,NA,NA,"DT",1,259
"Weekly",0.05,"SameTimestamp",1000,"Daily","error_var_ct",0.234415027442473,0.0132596728285638,0.20839505325201,0.260435001632936,"CT",1,260
"Weekly",0.05,"SameTimestamp",1000,"Daily","beta_ct",-0.496609709235206,0.0413453207515735,-0.577743247955322,-0.41547617051509,"CT",1,260
"Weekly",0.05,"SameTimestamp",1000,"Daily","LogLik_ct",931.616894744357,NA,NA,NA,"CT",1,260
"Weekly",0.05,"SameTimestamp",1000,"Daily","AIC_ct",935.616894744357,NA,NA,NA,"CT",1,260
"Weekly",0.05,"SameTimestamp",1000,"Daily","BIC_ct",945.432405302322,NA,NA,NA,"CT",1,260
"Weekly",0.05,"SameTimestamp",1000,"Daily","error_var_dt",0.148599428439766,0.00664663241525218,0.135556481895429,0.161642374984103,"DT",1,260
"Weekly",0.05,"SameTimestamp",1000,"Daily","beta_dt",0.60859046581984,0.0251624547945974,0.559213197406873,0.657967734232806,"DT",1,260
"Weekly",0.05,"SameTimestamp",1000,"Daily","LogLik_dt",931.616894744357,NA,NA,NA,"DT",1,260
"Weekly",0.05,"SameTimestamp",1000,"Daily","AIC_dt",935.616894744357,NA,NA,NA,"DT",1,260
"Weekly",0.05,"SameTimestamp",1000,"Daily","BIC_dt",945.432405302321,NA,NA,NA,"DT",1,260
"Weekly",0.05,"SameTimestamp",1000,"Weekly","error_var_ct",1.06674142519227,0.13851497396329,0.794928078504456,1.33855477188009,"CT",1,260
"Weekly",0.05,"SameTimestamp",1000,"Weekly","beta_ct",-2.20089065366259,0.283793232871756,-2.75778920540091,-1.64399210192427,"CT",1,260
"Weekly",0.05,"SameTimestamp",1000,"Weekly","LogLik_ct",1408.14981562427,NA,NA,NA,"CT",1,260
"Weekly",0.05,"SameTimestamp",1000,"Weekly","AIC_ct",1412.14981562427,NA,NA,NA,"CT",1,260
"Weekly",0.05,"SameTimestamp",1000,"Weekly","BIC_ct",1421.96532618224,NA,NA,NA,"CT",1,260
"Weekly",0.05,"SameTimestamp",1000,"Weekly","error_var_dt",0.239373083852617,0.0107051500658027,0.218365949512381,0.260380218192853,"DT",1,260
"Weekly",0.05,"SameTimestamp",1000,"Weekly","beta_dt",0.110704513408786,0.0314199355333783,0.049047945994591,0.17236108082298,"DT",1,260
"Weekly",0.05,"SameTimestamp",1000,"Weekly","LogLik_dt",1408.14981562427,NA,NA,NA,"DT",1,260
"Weekly",0.05,"SameTimestamp",1000,"Weekly","AIC_dt",1412.14981562427,NA,NA,NA,"DT",1,260
"Weekly",0.05,"SameTimestamp",1000,"Weekly","BIC_dt",1421.96532618224,NA,NA,NA,"DT",1,260
"Weekly",0.05,"SameTimestamp",1000,"Monthly","error_var_ct",1.70695828225779,0.45704128644016,0.810088304325087,2.60382826019049,"CT",1,260
"Weekly",0.05,"SameTimestamp",1000,"Monthly","beta_ct",-3.33474879240002,0.887879570175711,-5.07706957202317,-1.59242801277687,"CT",1,260
"Weekly",0.05,"SameTimestamp",1000,"Monthly","LogLik_ct",1473.77612500829,NA,NA,NA,"CT",1,260
"Weekly",0.05,"SameTimestamp",1000,"Monthly","AIC_ct",1477.77612500829,NA,NA,NA,"CT",1,260
"Weekly",0.05,"SameTimestamp",1000,"Monthly","BIC_ct",1487.59163556626,NA,NA,NA,"CT",1,260
"Weekly",0.05,"SameTimestamp",1000,"Monthly","error_var_dt",0.255610264766925,0.0114312499354855,0.233178276275827,0.278042253258022,"DT",1,260
"Weekly",0.05,"SameTimestamp",1000,"Monthly","beta_dt",0.0356235088914635,0.0316183333630902,-0.0264223823375258,0.0976694001204528,"DT",1,260
"Weekly",0.05,"SameTimestamp",1000,"Monthly","LogLik_dt",1473.7761250083,NA,NA,NA,"DT",1,260
"Weekly",0.05,"SameTimestamp",1000,"Monthly","AIC_dt",1477.7761250083,NA,NA,NA,"DT",1,260
"Weekly",0.05,"SameTimestamp",1000,"Monthly","BIC_dt",1487.59163556626,NA,NA,NA,"DT",1,260
"Weekly",0.05,"SameTimestamp",1000,"Daily","error_var_ct",0.215554916639398,0.0116785796542992,0.192637583375222,0.238472249903573,"CT",1,261
"Weekly",0.05,"SameTimestamp",1000,"Daily","beta_ct",-0.403358342076271,0.0352506176251952,-0.47253200666546,-0.334184677487083,"CT",1,261
"Weekly",0.05,"SameTimestamp",1000,"Daily","LogLik_ct",927.149950498627,NA,NA,NA,"CT",1,261
"Weekly",0.05,"SameTimestamp",1000,"Daily","AIC_ct",931.149950498627,NA,NA,NA,"CT",1,261
"Weekly",0.05,"SameTimestamp",1000,"Daily","BIC_ct",940.965461056591,NA,NA,NA,"CT",1,261
"Weekly",0.05,"SameTimestamp",1000,"Daily","error_var_dt",0.147943158103424,0.00661708992690818,0.134958183938509,0.160928132268339,"DT",1,261
"Weekly",0.05,"SameTimestamp",1000,"Daily","beta_dt",0.668072658212446,0.0235499582496843,0.62185965478726,0.714285661637632,"DT",1,261
"Weekly",0.05,"SameTimestamp",1000,"Daily","LogLik_dt",927.149950498628,NA,NA,NA,"DT",1,261
"Weekly",0.05,"SameTimestamp",1000,"Daily","AIC_dt",931.149950498628,NA,NA,NA,"DT",1,261
"Weekly",0.05,"SameTimestamp",1000,"Daily","BIC_dt",940.965461056592,NA,NA,NA,"DT",1,261
"Weekly",0.05,"SameTimestamp",1000,"Weekly","error_var_ct",1.326674526221,0.218992318693903,0.896937340847165,1.75641171159484,"CT",1,261
"Weekly",0.05,"SameTimestamp",1000,"Weekly","beta_ct",-2.60340704058565,0.425888051246061,-3.4391438076028,-1.76767027356851,"CT",1,261
"Weekly",0.05,"SameTimestamp",1000,"Weekly","LogLik_ct",1465.0909657196,NA,NA,NA,"CT",1,261
"Weekly",0.05,"SameTimestamp",1000,"Weekly","AIC_ct",1469.0909657196,NA,NA,NA,"CT",1,261
"Weekly",0.05,"SameTimestamp",1000,"Weekly","BIC_ct",1478.90647627757,NA,NA,NA,"CT",1,261
"Weekly",0.05,"SameTimestamp",1000,"Weekly","error_var_dt",0.253399765830238,0.0113323751489869,0.231161803196795,0.275637728463681,"DT",1,261
"Weekly",0.05,"SameTimestamp",1000,"Weekly","beta_dt",0.0740209429187667,0.0315229625209006,0.0121622016205773,0.135879684216956,"DT",1,261
"Weekly",0.05,"SameTimestamp",1000,"Weekly","LogLik_dt",1465.09096571959,NA,NA,NA,"DT",1,261
"Weekly",0.05,"SameTimestamp",1000,"Weekly","AIC_dt",1469.09096571959,NA,NA,NA,"DT",1,261
"Weekly",0.05,"SameTimestamp",1000,"Weekly","BIC_dt",1478.90647627756,NA,NA,NA,"DT",1,261
"Weekly",0.05,"SameTimestamp",1000,"Monthly","error_var_ct",11.1559388005832,39.5435261213721,-66.4418679010651,88.7537455022315,"CT",1,261
"Weekly",0.05,"SameTimestamp",1000,"Monthly","beta_ct",-23.0229322676096,81.6061150236033,-183.161801012841,137.115936477622,"CT",1,261
"Weekly",0.05,"SameTimestamp",1000,"Monthly","LogLik_ct",1420.21236294618,NA,NA,NA,"CT",1,261
"Weekly",0.05,"SameTimestamp",1000,"Monthly","AIC_ct",1424.21236294618,NA,NA,NA,"CT",1,261
"Weekly",0.05,"SameTimestamp",1000,"Monthly","BIC_ct",1434.02787350415,NA,NA,NA,"CT",1,261
"Weekly",0.05,"SameTimestamp",1000,"Monthly","error_var_dt",0.241752689848986,0.0108115004259059,0.22053686004086,0.262968519657113,"DT",1,261
"Weekly",0.05,"SameTimestamp",1000,"Monthly","beta_dt",-0.0467262758165045,0.0316664675249939,-0.10886662259252,0.0154140709595113,"DT",1,261
"Weekly",0.05,"SameTimestamp",1000,"Monthly","LogLik_dt",1418.0374012172,NA,NA,NA,"DT",1,261
"Weekly",0.05,"SameTimestamp",1000,"Monthly","AIC_dt",1422.0374012172,NA,NA,NA,"DT",1,261
"Weekly",0.05,"SameTimestamp",1000,"Monthly","BIC_dt",1431.85291177517,NA,NA,NA,"DT",1,261
"Weekly",0.05,"SameTimestamp",1000,"Daily","error_var_ct",0.213233397296948,0.011520458212208,0.190626351918104,0.235840442675791,"CT",1,262
"Weekly",0.05,"SameTimestamp",1000,"Daily","beta_ct",-0.397914108730872,0.0348616727321368,-0.466324531556125,-0.32950368590562,"CT",1,262
"Weekly",0.05,"SameTimestamp",1000,"Daily","LogLik_ct",921.182916373422,NA,NA,NA,"CT",1,262
"Weekly",0.05,"SameTimestamp",1000,"Daily","AIC_ct",925.182916373422,NA,NA,NA,"CT",1,262
"Weekly",0.05,"SameTimestamp",1000,"Daily","BIC_ct",934.998426931386,NA,NA,NA,"CT",1,262
"Weekly",0.05,"SameTimestamp",1000,"Daily","error_var_dt",0.147042916763274,0.00657732854717577,0.134135967907715,0.159949865618832,"DT",1,262
"Weekly",0.05,"SameTimestamp",1000,"Daily","beta_dt",0.671719761175625,0.0234173513565801,0.625766977439165,0.717672544912086,"DT",1,262
"Weekly",0.05,"SameTimestamp",1000,"Daily","LogLik_dt",921.182916373416,NA,NA,NA,"DT",1,262
"Weekly",0.05,"SameTimestamp",1000,"Daily","AIC_dt",925.182916373416,NA,NA,NA,"DT",1,262
"Weekly",0.05,"SameTimestamp",1000,"Daily","BIC_dt",934.998426931381,NA,NA,NA,"DT",1,262
"Weekly",0.05,"SameTimestamp",1000,"Weekly","error_var_ct",2.06809488786572,0.942827245365995,0.217948137816117,3.91824163791532,"CT",1,262
"Weekly",0.05,"SameTimestamp",1000,"Weekly","beta_ct",-4.0606286098401,1.84661728737667,-7.68431788018898,-0.436939339491217,"CT",1,262
"Weekly",0.05,"SameTimestamp",1000,"Weekly","LogLik_ct",1469.7227775046,NA,NA,NA,"CT",1,262
"Weekly",0.05,"SameTimestamp",1000,"Weekly","AIC_ct",1473.7227775046,NA,NA,NA,"CT",1,262
"Weekly",0.05,"SameTimestamp",1000,"Weekly","BIC_ct",1483.53828806257,NA,NA,NA,"CT",1,262
"Weekly",0.05,"SameTimestamp",1000,"Weekly","error_var_dt",0.254576368836583,0.0113849986785934,0.232235140994422,0.276917596678744,"DT",1,262
"Weekly",0.05,"SameTimestamp",1000,"Weekly","beta_dt",0.0172380842100177,0.0316336385155053,-0.0448378409176939,0.0793140093377292,"DT",1,262
"Weekly",0.05,"SameTimestamp",1000,"Weekly","LogLik_dt",1469.72277750459,NA,NA,NA,"DT",1,262
"Weekly",0.05,"SameTimestamp",1000,"Weekly","AIC_dt",1473.72277750459,NA,NA,NA,"DT",1,262
"Weekly",0.05,"SameTimestamp",1000,"Weekly","BIC_dt",1483.53828806255,NA,NA,NA,"DT",1,262
"Weekly",0.05,"SameTimestamp",1000,"Monthly","error_var_ct",1.99292427556524,0.761379999903076,0.498838546395826,3.48701000473465,"CT",1,262
"Weekly",0.05,"SameTimestamp",1000,"Monthly","beta_ct",-3.83119454495864,1.45880275268483,-6.69386019776922,-0.968528892148051,"CT",1,262
"Weekly",0.05,"SameTimestamp",1000,"Monthly","LogLik_ct",1490.68615910456,NA,NA,NA,"CT",1,262
"Weekly",0.05,"SameTimestamp",1000,"Monthly","AIC_ct",1494.68615910456,NA,NA,NA,"CT",1,262
"Weekly",0.05,"SameTimestamp",1000,"Monthly","BIC_ct",1504.50166966253,NA,NA,NA,"CT",1,262
"Weekly",0.05,"SameTimestamp",1000,"Monthly","error_var_dt",0.259969461916377,0.0116261999399725,0.237154915412667,0.282784008420086,"DT",1,262
"Weekly",0.05,"SameTimestamp",1000,"Monthly","beta_dt",0.021683656294871,0.03161046465285,-0.0403467938564983,0.0837141064462402,"DT",1,262
"Weekly",0.05,"SameTimestamp",1000,"Monthly","LogLik_dt",1490.68615910456,NA,NA,NA,"DT",1,262
"Weekly",0.05,"SameTimestamp",1000,"Monthly","AIC_dt",1494.68615910456,NA,NA,NA,"DT",1,262
"Weekly",0.05,"SameTimestamp",1000,"Monthly","BIC_dt",1504.50166966253,NA,NA,NA,"DT",1,262
"Weekly",0.05,"SameTimestamp",1000,"Daily","error_var_ct",0.224814002757679,0.0123774275192681,0.200525293016523,0.249102712498835,"CT",1,263
"Weekly",0.05,"SameTimestamp",1000,"Daily","beta_ct",-0.438721513466403,0.0375109566719299,-0.512330729702917,-0.365112297229889,"CT",1,263
"Weekly",0.05,"SameTimestamp",1000,"Daily","LogLik_ct",938.668442297188,NA,NA,NA,"CT",1,263
"Weekly",0.05,"SameTimestamp",1000,"Daily","AIC_ct",942.668442297188,NA,NA,NA,"CT",1,263
"Weekly",0.05,"SameTimestamp",1000,"Daily","BIC_ct",952.483952855153,NA,NA,NA,"CT",1,263
"Weekly",0.05,"SameTimestamp",1000,"Daily","error_var_dt",0.149669267842039,0.00669397879331205,0.1365334116497,0.162805124034379,"DT",1,263
"Weekly",0.05,"SameTimestamp",1000,"Daily","beta_dt",0.644860339716509,0.0241895258647958,0.597392287765359,0.69232839166766,"DT",1,263
"Weekly",0.05,"SameTimestamp",1000,"Daily","LogLik_dt",938.668442297187,NA,NA,NA,"DT",1,263
"Weekly",0.05,"SameTimestamp",1000,"Daily","AIC_dt",942.668442297187,NA,NA,NA,"DT",1,263
"Weekly",0.05,"SameTimestamp",1000,"Daily","BIC_dt",952.483952855152,NA,NA,NA,"DT",1,263
"Weekly",0.05,"SameTimestamp",1000,"Weekly","error_var_ct",2.22906961580954,1.36151289685934,-0.442680350746718,4.9008195823658,"CT",1,263
"Weekly",0.05,"SameTimestamp",1000,"Weekly","beta_ct",-4.47483601705927,2.72928869795163,-9.83062589190758,0.880953857789043,"CT",1,263
"Weekly",0.05,"SameTimestamp",1000,"Weekly","LogLik_ct",1447.71465524581,NA,NA,NA,"CT",1,263
"Weekly",0.05,"SameTimestamp",1000,"Weekly","AIC_ct",1451.71465524581,NA,NA,NA,"CT",1,263
"Weekly",0.05,"SameTimestamp",1000,"Weekly","BIC_ct",1461.53016580378,NA,NA,NA,"CT",1,263
"Weekly",0.05,"SameTimestamp",1000,"Weekly","error_var_dt",0.249034856407656,0.011137178089329,0.227179936592843,0.27088977622247,"DT",1,263
"Weekly",0.05,"SameTimestamp",1000,"Weekly","beta_dt",0.0113920504973632,0.0316278427349777,-0.0506725013437153,0.0734566023384416,"DT",1,263
"Weekly",0.05,"SameTimestamp",1000,"Weekly","LogLik_dt",1447.71465524581,NA,NA,NA,"DT",1,263
"Weekly",0.05,"SameTimestamp",1000,"Weekly","AIC_dt",1451.71465524581,NA,NA,NA,"DT",1,263
"Weekly",0.05,"SameTimestamp",1000,"Weekly","BIC_dt",1461.53016580378,NA,NA,NA,"DT",1,263
"Weekly",0.05,"SameTimestamp",1000,"Monthly","error_var_ct",10.0052867670663,43.0734922276428,-74.5195103789096,94.5300839130422,"CT",1,263
"Weekly",0.05,"SameTimestamp",1000,"Monthly","beta_ct",-20.6682378069293,88.9767473139377,-195.270786345885,153.934310732027,"CT",1,263
"Weekly",0.05,"SameTimestamp",1000,"Monthly","LogLik_ct",1419.2452549044,NA,NA,NA,"CT",1,263
"Weekly",0.05,"SameTimestamp",1000,"Monthly","AIC_ct",1423.2452549044,NA,NA,NA,"CT",1,263
"Weekly",0.05,"SameTimestamp",1000,"Monthly","BIC_ct",1433.06076546237,NA,NA,NA,"CT",1,263
"Weekly",0.05,"SameTimestamp",1000,"Monthly","error_var_dt",0.242044911271178,0.0108245609507259,0.220803452284781,0.263286370257575,"DT",1,263
"Weekly",0.05,"SameTimestamp",1000,"Monthly","beta_dt",-0.000434792799306607,0.0316063005717341,-0.0624570716115665,0.0615874860129533,"DT",1,263
"Weekly",0.05,"SameTimestamp",1000,"Monthly","LogLik_dt",1419.2450656984,NA,NA,NA,"DT",1,263
"Weekly",0.05,"SameTimestamp",1000,"Monthly","AIC_dt",1423.2450656984,NA,NA,NA,"DT",1,263
"Weekly",0.05,"SameTimestamp",1000,"Monthly","BIC_dt",1433.06057625637,NA,NA,NA,"DT",1,263
"Weekly",0.05,"SameTimestamp",1000,"Daily","error_var_ct",0.196648607996446,0.01063640310003,0.175776378513834,0.217520837479058,"CT",1,264
"Weekly",0.05,"SameTimestamp",1000,"Daily","beta_ct",-0.400106570094626,0.0350214195655479,-0.468830470374119,-0.331382669815133,"CT",1,264
"Weekly",0.05,"SameTimestamp",1000,"Daily","LogLik_ct",838.173066893225,NA,NA,NA,"CT",1,264
"Weekly",0.05,"SameTimestamp",1000,"Daily","AIC_ct",842.173066893225,NA,NA,NA,"CT",1,264
"Weekly",0.05,"SameTimestamp",1000,"Daily","BIC_ct",851.988577451189,NA,NA,NA,"CT",1,264
"Weekly",0.05,"SameTimestamp",1000,"Daily","error_var_dt",0.135348351229969,0.00605374556433804,0.123468849723689,0.147227852736249,"DT",1,264
"Weekly",0.05,"SameTimestamp",1000,"Daily","beta_dt",0.670248627792707,0.0234731496933708,0.624186348799317,0.716310906786096,"DT",1,264
"Weekly",0.05,"SameTimestamp",1000,"Daily","LogLik_dt",838.173066893225,NA,NA,NA,"DT",1,264
"Weekly",0.05,"SameTimestamp",1000,"Daily","AIC_dt",842.173066893225,NA,NA,NA,"DT",1,264
"Weekly",0.05,"SameTimestamp",1000,"Daily","BIC_dt",851.988577451189,NA,NA,NA,"DT",1,264
"Weekly",0.05,"SameTimestamp",1000,"Weekly","error_var_ct",1.38339773404169,0.260845205206095,0.871530993819585,1.89526447426379,"CT",1,264
"Weekly",0.05,"SameTimestamp",1000,"Weekly","beta_ct",-2.81299030274176,0.525943192062371,-3.84506918282034,-1.78091142266318,"CT",1,264
"Weekly",0.05,"SameTimestamp",1000,"Weekly","LogLik_ct",1431.41517898062,NA,NA,NA,"CT",1,264
"Weekly",0.05,"SameTimestamp",1000,"Weekly","AIC_ct",1435.41517898062,NA,NA,NA,"CT",1,264
"Weekly",0.05,"SameTimestamp",1000,"Weekly","BIC_ct",1445.23068953859,NA,NA,NA,"CT",1,264
"Weekly",0.05,"SameTimestamp",1000,"Weekly","error_var_dt",0.245008521045183,0.010957108747461,0.223506958337175,0.26651008375319,"DT",1,264
"Weekly",0.05,"SameTimestamp",1000,"Weekly","beta_dt",0.0600252473267771,0.0315564984088738,-0.00189930275499232,0.121949797408547,"DT",1,264
"Weekly",0.05,"SameTimestamp",1000,"Weekly","LogLik_dt",1431.41517898061,NA,NA,NA,"DT",1,264
"Weekly",0.05,"SameTimestamp",1000,"Weekly","AIC_dt",1435.41517898061,NA,NA,NA,"DT",1,264
"Weekly",0.05,"SameTimestamp",1000,"Weekly","BIC_dt",1445.23068953858,NA,NA,NA,"DT",1,264
"Weekly",0.05,"SameTimestamp",1000,"Monthly","error_var_ct",10.7726126754907,34.3478897349648,-56.6295936953469,78.1748190463284,"CT",1,264
"Weekly",0.05,"SameTimestamp",1000,"Monthly","beta_ct",-21.0113985916731,66.9944923571695,-152.477309144273,110.454511960927,"CT",1,264
"Weekly",0.05,"SameTimestamp",1000,"Monthly","LogLik_ct",1476.67612492401,NA,NA,NA,"CT",1,264
"Weekly",0.05,"SameTimestamp",1000,"Monthly","AIC_ct",1480.67612492401,NA,NA,NA,"CT",1,264
"Weekly",0.05,"SameTimestamp",1000,"Monthly","BIC_ct",1490.49163548198,NA,NA,NA,"CT",1,264
"Weekly",0.05,"SameTimestamp",1000,"Monthly","error_var_dt",0.256325778065729,0.0114632120340615,0.23383106909949,0.278820487031967,"DT",1,264
"Weekly",0.05,"SameTimestamp",1000,"Monthly","beta_dt",-0.0102494523542396,0.0316074494541198,-0.0722739856633042,0.051775080954825,"DT",1,264
"Weekly",0.05,"SameTimestamp",1000,"Monthly","LogLik_dt",1476.57097992209,NA,NA,NA,"DT",1,264
"Weekly",0.05,"SameTimestamp",1000,"Monthly","AIC_dt",1480.57097992209,NA,NA,NA,"DT",1,264
"Weekly",0.05,"SameTimestamp",1000,"Monthly","BIC_dt",1490.38649048005,NA,NA,NA,"DT",1,264
"Weekly",0.05,"SameTimestamp",1000,"Daily","error_var_ct",0.215053595910692,0.0118288148252049,0.191841450299333,0.23826574152205,"CT",1,265
"Weekly",0.05,"SameTimestamp",1000,"Daily","beta_ct",-0.435356412551328,0.0373564785875472,-0.508662490405727,-0.362050334696929,"CT",1,265
"Weekly",0.05,"SameTimestamp",1000,"Daily","LogLik_ct",897.198433564235,NA,NA,NA,"CT",1,265
"Weekly",0.05,"SameTimestamp",1000,"Daily","AIC_ct",901.198433564235,NA,NA,NA,"CT",1,265
"Weekly",0.05,"SameTimestamp",1000,"Daily","BIC_ct",911.0139441222,NA,NA,NA,"CT",1,265
"Weekly",0.05,"SameTimestamp",1000,"Daily","error_var_dt",0.143584368218613,0.00642196149192228,0.130982302207452,0.156186434229775,"DT",1,265
"Weekly",0.05,"SameTimestamp",1000,"Daily","beta_dt",0.647034011596599,0.0241711992530995,0.5996019226718,0.694466100521398,"DT",1,265
"Weekly",0.05,"SameTimestamp",1000,"Daily","LogLik_dt",897.198433564243,NA,NA,NA,"DT",1,265
"Weekly",0.05,"SameTimestamp",1000,"Daily","AIC_dt",901.198433564243,NA,NA,NA,"DT",1,265
"Weekly",0.05,"SameTimestamp",1000,"Daily","BIC_dt",911.013944122207,NA,NA,NA,"DT",1,265
"Weekly",0.05,"SameTimestamp",1000,"Weekly","error_var_ct",1.75998840894119,0.490419688156086,0.797618688865799,2.72235812901657,"CT",1,265
"Weekly",0.05,"SameTimestamp",1000,"Weekly","beta_ct",-3.3924797007568,0.940260754746418,-5.23759012596303,-1.54736927555057,"CT",1,265
"Weekly",0.05,"SameTimestamp",1000,"Weekly","LogLik_ct",1487.34467797236,NA,NA,NA,"CT",1,265
"Weekly",0.05,"SameTimestamp",1000,"Weekly","AIC_ct",1491.34467797236,NA,NA,NA,"CT",1,265
"Weekly",0.05,"SameTimestamp",1000,"Weekly","BIC_ct",1501.16018853033,NA,NA,NA,"CT",1,265
"Weekly",0.05,"SameTimestamp",1000,"Weekly","error_var_dt",0.259102264387231,0.0115874242564209,0.23636380892274,0.281840719851721,"DT",1,265
"Weekly",0.05,"SameTimestamp",1000,"Weekly","beta_dt",0.0336251019788812,0.0315964887481892,-0.0283779227085822,0.0956281266663447,"DT",1,265
"Weekly",0.05,"SameTimestamp",1000,"Weekly","LogLik_dt",1487.34467797235,NA,NA,NA,"DT",1,265
"Weekly",0.05,"SameTimestamp",1000,"Weekly","AIC_dt",1491.34467797235,NA,NA,NA,"DT",1,265
"Weekly",0.05,"SameTimestamp",1000,"Weekly","BIC_dt",1501.16018853032,NA,NA,NA,"DT",1,265
"Weekly",0.05,"SameTimestamp",1000,"Monthly","error_var_ct",9.99118264202406,58.2507324503063,-104.316506131975,124.298871416023,"CT",1,265
"Weekly",0.05,"SameTimestamp",1000,"Monthly","beta_ct",-19.6352179328073,114.476214932027,-244.276368319007,205.005932453392,"CT",1,265
"Weekly",0.05,"SameTimestamp",1000,"Monthly","LogLik_ct",1469.1094037189,NA,NA,NA,"CT",1,265
"Weekly",0.05,"SameTimestamp",1000,"Monthly","AIC_ct",1473.1094037189,NA,NA,NA,"CT",1,265
"Weekly",0.05,"SameTimestamp",1000,"Monthly","BIC_ct",1482.92491427686,NA,NA,NA,"CT",1,265
"Weekly",0.05,"SameTimestamp",1000,"Monthly","error_var_dt",0.254416669864486,0.011377874151337,0.232089422760593,0.276743916968379,"DT",1,265
"Weekly",0.05,"SameTimestamp",1000,"Monthly","beta_dt",-0.00378023626353553,0.0316110777634003,-0.0658118895456985,0.0582514170186275,"DT",1,265
"Weekly",0.05,"SameTimestamp",1000,"Monthly","LogLik_dt",1469.09510314984,NA,NA,NA,"DT",1,265
"Weekly",0.05,"SameTimestamp",1000,"Monthly","AIC_dt",1473.09510314984,NA,NA,NA,"DT",1,265
"Weekly",0.05,"SameTimestamp",1000,"Monthly","BIC_dt",1482.91061370781,NA,NA,NA,"DT",1,265
"Weekly",0.05,"SameTimestamp",1000,"Daily","error_var_ct",0.224929384840804,0.0125124735183165,0.200375669058006,0.249483100623602,"CT",1,266
"Weekly",0.05,"SameTimestamp",1000,"Daily","beta_ct",-0.461586687808383,0.0389650046557349,-0.538049239228914,-0.385124136387851,"CT",1,266
"Weekly",0.05,"SameTimestamp",1000,"Daily","LogLik_ct",919.944289779972,NA,NA,NA,"CT",1,266
"Weekly",0.05,"SameTimestamp",1000,"Daily","AIC_ct",923.944289779972,NA,NA,NA,"CT",1,266
"Weekly",0.05,"SameTimestamp",1000,"Daily","BIC_ct",933.759800337937,NA,NA,NA,"CT",1,266
"Weekly",0.05,"SameTimestamp",1000,"Daily","error_var_dt",0.146857298410658,0.0065691648047669,0.133966369585875,0.159748227235442,"DT",1,266
"Weekly",0.05,"SameTimestamp",1000,"Daily","beta_dt",0.630282790118611,0.0245591252809882,0.582089458788816,0.678476121448406,"DT",1,266
"Weekly",0.05,"SameTimestamp",1000,"Daily","LogLik_dt",919.944289779973,NA,NA,NA,"DT",1,266
"Weekly",0.05,"SameTimestamp",1000,"Daily","AIC_dt",923.944289779973,NA,NA,NA,"DT",1,266
"Weekly",0.05,"SameTimestamp",1000,"Daily","BIC_dt",933.759800337937,NA,NA,NA,"DT",1,266
"Weekly",0.05,"SameTimestamp",1000,"Weekly","error_var_ct",1.51908841839055,0.264233516246626,1.00057266299562,2.03760417378549,"CT",1,266
"Weekly",0.05,"SameTimestamp",1000,"Weekly","beta_ct",-2.68544790611693,0.463008144453663,-3.59402688271928,-1.77686892951459,"CT",1,266
"Weekly",0.05,"SameTimestamp",1000,"Weekly","LogLik_ct",1570.33413720517,NA,NA,NA,"CT",1,266
"Weekly",0.05,"SameTimestamp",1000,"Weekly","AIC_ct",1574.33413720517,NA,NA,NA,"CT",1,266
"Weekly",0.05,"SameTimestamp",1000,"Weekly","BIC_ct",1584.14964776314,NA,NA,NA,"CT",1,266
"Weekly",0.05,"SameTimestamp",1000,"Weekly","error_var_dt",0.281521870693517,0.0125900451067349,0.256815933151204,0.30622780823583,"DT",1,266
"Weekly",0.05,"SameTimestamp",1000,"Weekly","beta_dt",0.0681906082911185,0.031558410810391,0.00626230542911377,0.130118911153123,"DT",1,266
"Weekly",0.05,"SameTimestamp",1000,"Weekly","LogLik_dt",1570.33413720517,NA,NA,NA,"DT",1,266
"Weekly",0.05,"SameTimestamp",1000,"Weekly","AIC_dt",1574.33413720517,NA,NA,NA,"DT",1,266
"Weekly",0.05,"SameTimestamp",1000,"Weekly","BIC_dt",1584.14964776313,NA,NA,NA,"DT",1,266
"Weekly",0.05,"SameTimestamp",1000,"Monthly","error_var_ct",8.50244714299176,69.3143793754273,-127.515868368637,144.520762654621,"CT",1,266
"Weekly",0.05,"SameTimestamp",1000,"Monthly","beta_ct",-16.0437282906693,130.794790777663,-272.70745780219,240.620001220852,"CT",1,266
"Weekly",0.05,"SameTimestamp",1000,"Monthly","LogLik_ct",1509.79019598705,NA,NA,NA,"CT",1,266
"Weekly",0.05,"SameTimestamp",1000,"Monthly","AIC_ct",1513.79019598705,NA,NA,NA,"CT",1,266
"Weekly",0.05,"SameTimestamp",1000,"Monthly","BIC_ct",1523.60570654501,NA,NA,NA,"CT",1,266
"Weekly",0.05,"SameTimestamp",1000,"Monthly","error_var_dt",0.264944271946699,0.0118486605127068,0.24169318236717,0.288195361526228,"DT",1,266
"Weekly",0.05,"SameTimestamp",1000,"Monthly","beta_dt",-0.0121974149968756,0.0316173285831992,-0.0742413345070171,0.049846504513266,"DT",1,266
"Weekly",0.05,"SameTimestamp",1000,"Monthly","LogLik_dt",1509.64137686825,NA,NA,NA,"DT",1,266
"Weekly",0.05,"SameTimestamp",1000,"Monthly","AIC_dt",1513.64137686825,NA,NA,NA,"DT",1,266
"Weekly",0.05,"SameTimestamp",1000,"Monthly","BIC_dt",1523.45688742621,NA,NA,NA,"DT",1,266
"Weekly",0.05,"SameTimestamp",1000,"Daily","error_var_ct",0.195856485852241,0.0104822538680899,0.175286749431745,0.216426222272738,"CT",1,267
"Weekly",0.05,"SameTimestamp",1000,"Daily","beta_ct",-0.37510228169437,0.0335325295816231,-0.440904474971357,-0.309300088417383,"CT",1,267
"Weekly",0.05,"SameTimestamp",1000,"Daily","LogLik_ct",855.908881110449,NA,NA,NA,"CT",1,267
"Weekly",0.05,"SameTimestamp",1000,"Daily","AIC_ct",859.908881110449,NA,NA,NA,"CT",1,267
"Weekly",0.05,"SameTimestamp",1000,"Daily","BIC_ct",869.724391668414,NA,NA,NA,"CT",1,267
"Weekly",0.05,"SameTimestamp",1000,"Daily","error_var_dt",0.137774897115151,0.0061621658988894,0.125682638149224,0.149867156081077,"DT",1,267
"Weekly",0.05,"SameTimestamp",1000,"Daily","beta_dt",0.687218987077376,0.0230440358970821,0.641998774856565,0.732439199298187,"DT",1,267
"Weekly",0.05,"SameTimestamp",1000,"Daily","LogLik_dt",855.908881110449,NA,NA,NA,"DT",1,267
"Weekly",0.05,"SameTimestamp",1000,"Daily","AIC_dt",859.908881110449,NA,NA,NA,"DT",1,267
"Weekly",0.05,"SameTimestamp",1000,"Daily","BIC_dt",869.724391668413,NA,NA,NA,"DT",1,267
"Weekly",0.05,"SameTimestamp",1000,"Weekly","error_var_ct",1.70226565994705,0.465168787493613,0.789446769067697,2.6150845508264,"CT",1,267
"Weekly",0.05,"SameTimestamp",1000,"Weekly","beta_ct",-3.3659529634003,0.914769740050607,-5.16104137425902,-1.57086455254158,"CT",1,267
"Weekly",0.05,"SameTimestamp",1000,"Weekly","LogLik_ct",1461.78592230098,NA,NA,NA,"CT",1,267
"Weekly",0.05,"SameTimestamp",1000,"Weekly","AIC_ct",1465.78592230098,NA,NA,NA,"CT",1,267
"Weekly",0.05,"SameTimestamp",1000,"Weekly","BIC_ct",1475.60143285894,NA,NA,NA,"CT",1,267
"Weekly",0.05,"SameTimestamp",1000,"Weekly","error_var_dt",0.252563856658965,0.0112949921050789,0.230399252233543,0.274728461084387,"DT",1,267
"Weekly",0.05,"SameTimestamp",1000,"Weekly","beta_dt",0.0345290826244265,0.0316232462387696,-0.0275264493325079,0.0965846145813609,"DT",1,267
"Weekly",0.05,"SameTimestamp",1000,"Weekly","LogLik_dt",1461.78592230098,NA,NA,NA,"DT",1,267
"Weekly",0.05,"SameTimestamp",1000,"Weekly","AIC_dt",1465.78592230098,NA,NA,NA,"DT",1,267
"Weekly",0.05,"SameTimestamp",1000,"Weekly","BIC_dt",1475.60143285894,NA,NA,NA,"DT",1,267
"Weekly",0.05,"SameTimestamp",1000,"Monthly","error_var_ct",1.45552763407441,0.299247861860942,0.868301859890946,2.04275340825788,"CT",1,267
"Weekly",0.05,"SameTimestamp",1000,"Monthly","beta_ct",-2.94582729489454,0.600970953886685,-4.12513608414791,-1.76651850564118,"CT",1,267
"Weekly",0.05,"SameTimestamp",1000,"Monthly","LogLik_ct",1436.94236742399,NA,NA,NA,"CT",1,267
"Weekly",0.05,"SameTimestamp",1000,"Monthly","AIC_ct",1440.94236742399,NA,NA,NA,"CT",1,267
"Weekly",0.05,"SameTimestamp",1000,"Monthly","BIC_ct",1450.75787798196,NA,NA,NA,"CT",1,267
"Weekly",0.05,"SameTimestamp",1000,"Monthly","error_var_dt",0.246366564055134,0.011017852251392,0.224745801995456,0.267987326114812,"DT",1,267
"Weekly",0.05,"SameTimestamp",1000,"Monthly","beta_dt",0.0525585105792643,0.0316015527643992,-0.00945445142511405,0.114571472583643,"DT",1,267
"Weekly",0.05,"SameTimestamp",1000,"Monthly","LogLik_dt",1436.94236742399,NA,NA,NA,"DT",1,267
"Weekly",0.05,"SameTimestamp",1000,"Monthly","AIC_dt",1440.94236742399,NA,NA,NA,"DT",1,267
"Weekly",0.05,"SameTimestamp",1000,"Monthly","BIC_dt",1450.75787798195,NA,NA,NA,"DT",1,267
"Weekly",0.05,"SameTimestamp",1000,"Daily","error_var_ct",0.221898319197631,0.012385809968879,0.19759316024801,0.246203478147251,"CT",1,268
"Weekly",0.05,"SameTimestamp",1000,"Daily","beta_ct",-0.469718933296881,0.0394698970425226,-0.547172254779617,-0.392265611814144,"CT",1,268
"Weekly",0.05,"SameTimestamp",1000,"Daily","LogLik_ct",899.313550714064,NA,NA,NA,"CT",1,268
"Weekly",0.05,"SameTimestamp",1000,"Daily","AIC_ct",903.313550714064,NA,NA,NA,"CT",1,268
"Weekly",0.05,"SameTimestamp",1000,"Daily","BIC_ct",913.129061272029,NA,NA,NA,"CT",1,268
"Weekly",0.05,"SameTimestamp",1000,"Daily","error_var_dt",0.143883831506526,0.00643548173666222,0.131255234190729,0.156512428822323,"DT",1,268
"Weekly",0.05,"SameTimestamp",1000,"Daily","beta_dt",0.625177955093012,0.0246756604530409,0.576755942240807,0.673599967945217,"DT",1,268
"Weekly",0.05,"SameTimestamp",1000,"Daily","LogLik_dt",899.313550714064,NA,NA,NA,"DT",1,268
"Weekly",0.05,"SameTimestamp",1000,"Daily","AIC_dt",903.313550714064,NA,NA,NA,"DT",1,268
"Weekly",0.05,"SameTimestamp",1000,"Daily","BIC_dt",913.129061272028,NA,NA,NA,"DT",1,268
"Weekly",0.05,"SameTimestamp",1000,"Weekly","error_var_ct",2.32345558540211,1.41006737070169,-0.443574722723962,5.09048589352818,"CT",1,268
"Weekly",0.05,"SameTimestamp",1000,"Weekly","beta_ct",-4.45953035346995,2.70245541544497,-9.76266422938859,0.843603522448683,"CT",1,268
"Weekly",0.05,"SameTimestamp",1000,"Weekly","LogLik_ct",1492.60848000848,NA,NA,NA,"CT",1,268
"Weekly",0.05,"SameTimestamp",1000,"Weekly","AIC_ct",1496.60848000848,NA,NA,NA,"CT",1,268
"Weekly",0.05,"SameTimestamp",1000,"Weekly","BIC_ct",1506.42399056645,NA,NA,NA,"CT",1,268
"Weekly",0.05,"SameTimestamp",1000,"Weekly","error_var_dt",0.26046973575278,0.0116485672971152,0.237611296910014,0.283328174595546,"DT",1,268
"Weekly",0.05,"SameTimestamp",1000,"Weekly","beta_dt",0.0115678728740499,0.0316168136673042,-0.0504750361965075,0.0736107819446074,"DT",1,268
"Weekly",0.05,"SameTimestamp",1000,"Weekly","LogLik_dt",1492.60848000844,NA,NA,NA,"DT",1,268
"Weekly",0.05,"SameTimestamp",1000,"Weekly","AIC_dt",1496.60848000844,NA,NA,NA,"DT",1,268
"Weekly",0.05,"SameTimestamp",1000,"Weekly","BIC_dt",1506.4239905664,NA,NA,NA,"DT",1,268
"Weekly",0.05,"SameTimestamp",1000,"Monthly","error_var_ct",11.6304137172652,75.2684473659553,-136.071802102074,159.332629536605,"CT",1,268
"Weekly",0.05,"SameTimestamp",1000,"Monthly","beta_ct",-23.2992042358404,150.783713443746,-319.187977878634,272.589569406953,"CT",1,268
"Weekly",0.05,"SameTimestamp",1000,"Monthly","LogLik_ct",1449.93134188429,NA,NA,NA,"CT",1,268
"Weekly",0.05,"SameTimestamp",1000,"Monthly","AIC_ct",1453.93134188429,NA,NA,NA,"CT",1,268
"Weekly",0.05,"SameTimestamp",1000,"Monthly","BIC_ct",1463.74685244225,NA,NA,NA,"CT",1,268
"Weekly",0.05,"SameTimestamp",1000,"Monthly","error_var_dt",0.249363371965079,0.0111518604483523,0.227479640383355,0.271247103546803,"DT",1,268
"Weekly",0.05,"SameTimestamp",1000,"Monthly","beta_dt",-0.02995951552617,0.0316035302864135,-0.0919763580992802,0.0320573270469403,"DT",1,268
"Weekly",0.05,"SameTimestamp",1000,"Monthly","LogLik_dt",1449.03310000378,NA,NA,NA,"DT",1,268
"Weekly",0.05,"SameTimestamp",1000,"Monthly","AIC_dt",1453.03310000378,NA,NA,NA,"DT",1,268
"Weekly",0.05,"SameTimestamp",1000,"Monthly","BIC_dt",1462.84861056174,NA,NA,NA,"DT",1,268
"Weekly",0.05,"SameTimestamp",1000,"Daily","error_var_ct",0.210661770179234,0.0115183124008385,0.188058935609901,0.233264604748567,"CT",1,269
"Weekly",0.05,"SameTimestamp",1000,"Daily","beta_ct",-0.423666048972317,0.036495047839684,-0.495281707604758,-0.352050390339876,"CT",1,269
"Weekly",0.05,"SameTimestamp",1000,"Daily","LogLik_ct",887.353631399898,NA,NA,NA,"CT",1,269
"Weekly",0.05,"SameTimestamp",1000,"Daily","AIC_ct",891.353631399898,NA,NA,NA,"CT",1,269
"Weekly",0.05,"SameTimestamp",1000,"Daily","BIC_ct",901.169141957862,NA,NA,NA,"CT",1,269
"Weekly",0.05,"SameTimestamp",1000,"Daily","error_var_dt",0.142070914779434,0.0063569977903978,0.129596329578609,0.154545499980258,"DT",1,269
"Weekly",0.05,"SameTimestamp",1000,"Daily","beta_dt",0.654642442979456,0.0238912081140785,0.607759791609042,0.701525094349869,"DT",1,269
"Weekly",0.05,"SameTimestamp",1000,"Daily","LogLik_dt",887.353631399899,NA,NA,NA,"DT",1,269
"Weekly",0.05,"SameTimestamp",1000,"Daily","AIC_dt",891.353631399899,NA,NA,NA,"DT",1,269
"Weekly",0.05,"SameTimestamp",1000,"Daily","BIC_dt",901.169141957863,NA,NA,NA,"DT",1,269
"Weekly",0.05,"SameTimestamp",1000,"Weekly","error_var_ct",1.52151493971193,0.399827388985679,0.736918028720552,2.30611185070331,"CT",1,269
"Weekly",0.05,"SameTimestamp",1000,"Weekly","beta_ct",-3.30559436670988,0.863601115744212,-5.00027258638004,-1.61091614703972,"CT",1,269
"Weekly",0.05,"SameTimestamp",1000,"Weekly","LogLik_ct",1367.47668704271,NA,NA,NA,"CT",1,269
"Weekly",0.05,"SameTimestamp",1000,"Weekly","AIC_ct",1371.47668704271,NA,NA,NA,"CT",1,269
"Weekly",0.05,"SameTimestamp",1000,"Weekly","BIC_ct",1381.29219760067,NA,NA,NA,"CT",1,269
"Weekly",0.05,"SameTimestamp",1000,"Weekly","error_var_dt",0.229832792914821,0.0102784651990927,0.209662958963727,0.250002626865915,"DT",1,269
"Weekly",0.05,"SameTimestamp",1000,"Weekly","beta_dt",0.0366773440387741,0.0316182180016587,-0.0253683208119698,0.098723008889518,"DT",1,269
"Weekly",0.05,"SameTimestamp",1000,"Weekly","LogLik_dt",1367.47668704269,NA,NA,NA,"DT",1,269
"Weekly",0.05,"SameTimestamp",1000,"Weekly","AIC_dt",1371.47668704269,NA,NA,NA,"DT",1,269
"Weekly",0.05,"SameTimestamp",1000,"Weekly","BIC_dt",1381.29219760066,NA,NA,NA,"DT",1,269
"Weekly",0.05,"SameTimestamp",1000,"Monthly","error_var_ct",2.21055942305009,1.32784026158721,-0.395113415357259,4.81623226145743,"CT",1,269
"Weekly",0.05,"SameTimestamp",1000,"Monthly","beta_ct",-4.43913610832494,2.6624640315063,-9.66379332864438,0.78552111199451,"CT",1,269
"Weekly",0.05,"SameTimestamp",1000,"Monthly","LogLik_ct",1447.3765512705,NA,NA,NA,"CT",1,269
"Weekly",0.05,"SameTimestamp",1000,"Monthly","AIC_ct",1451.3765512705,NA,NA,NA,"CT",1,269
"Weekly",0.05,"SameTimestamp",1000,"Monthly","BIC_ct",1461.19206182847,NA,NA,NA,"CT",1,269
"Weekly",0.05,"SameTimestamp",1000,"Monthly","error_var_dt",0.248950608230232,0.0111334123279028,0.227103078116234,0.27079813834423,"DT",1,269
"Weekly",0.05,"SameTimestamp",1000,"Monthly","beta_dt",0.0118060867774231,0.0316566092292662,-0.050314914679616,0.0739270882344622,"DT",1,269
"Weekly",0.05,"SameTimestamp",1000,"Monthly","LogLik_dt",1447.3765512705,NA,NA,NA,"DT",1,269
"Weekly",0.05,"SameTimestamp",1000,"Monthly","AIC_dt",1451.3765512705,NA,NA,NA,"DT",1,269
"Weekly",0.05,"SameTimestamp",1000,"Monthly","BIC_dt",1461.19206182847,NA,NA,NA,"DT",1,269
"Weekly",0.05,"SameTimestamp",1000,"Daily","error_var_ct",0.204351143026991,0.011006870721749,0.182751930452099,0.225950355601883,"CT",1,270
"Weekly",0.05,"SameTimestamp",1000,"Daily","beta_ct",-0.388178393210744,0.0344048648229808,-0.455692404023429,-0.320664382398059,"CT",1,270
"Weekly",0.05,"SameTimestamp",1000,"Daily","LogLik_ct",886.964684461557,NA,NA,NA,"CT",1,270
"Weekly",0.05,"SameTimestamp",1000,"Daily","AIC_ct",890.964684461557,NA,NA,NA,"CT",1,270
"Weekly",0.05,"SameTimestamp",1000,"Daily","BIC_ct",900.780195019521,NA,NA,NA,"CT",1,270
"Weekly",0.05,"SameTimestamp",1000,"Daily","error_var_dt",0.14211693619096,0.00635646432698049,0.129643397826248,0.154590474555673,"DT",1,270
"Weekly",0.05,"SameTimestamp",1000,"Daily","beta_dt",0.678291329613067,0.0233367931517755,0.632496628390176,0.724086030835958,"DT",1,270
"Weekly",0.05,"SameTimestamp",1000,"Daily","LogLik_dt",886.964684461558,NA,NA,NA,"DT",1,270
"Weekly",0.05,"SameTimestamp",1000,"Daily","AIC_dt",890.964684461558,NA,NA,NA,"DT",1,270
"Weekly",0.05,"SameTimestamp",1000,"Daily","BIC_dt",900.780195019523,NA,NA,NA,"DT",1,270
"Weekly",0.05,"SameTimestamp",1000,"Weekly","error_var_ct",1.61721393269171,0.415893927106964,0.801089026051348,2.43333883933208,"CT",1,270
"Weekly",0.05,"SameTimestamp",1000,"Weekly","beta_ct",-3.28089226605926,0.838727841840383,-4.92676068827983,-1.63502384383868,"CT",1,270
"Weekly",0.05,"SameTimestamp",1000,"Weekly","LogLik_ct",1435.90513969219,NA,NA,NA,"CT",1,270
"Weekly",0.05,"SameTimestamp",1000,"Weekly","AIC_ct",1439.90513969219,NA,NA,NA,"CT",1,270
"Weekly",0.05,"SameTimestamp",1000,"Weekly","BIC_ct",1449.72065025015,NA,NA,NA,"CT",1,270
"Weekly",0.05,"SameTimestamp",1000,"Weekly","error_var_dt",0.246111133652724,0.0110064179335154,0.224512809601878,0.26770945770357,"DT",1,270
"Weekly",0.05,"SameTimestamp",1000,"Weekly","beta_dt",0.0375946889062448,0.0315875869093397,-0.024390867354953,0.0995802451674427,"DT",1,270
"Weekly",0.05,"SameTimestamp",1000,"Weekly","LogLik_dt",1435.90513969219,NA,NA,NA,"DT",1,270
"Weekly",0.05,"SameTimestamp",1000,"Weekly","AIC_dt",1439.90513969219,NA,NA,NA,"DT",1,270
"Weekly",0.05,"SameTimestamp",1000,"Weekly","BIC_dt",1449.72065025015,NA,NA,NA,"DT",1,270
"Weekly",0.05,"SameTimestamp",1000,"Monthly","error_var_ct",9.7713019120427,82.6050010468953,-152.327719913986,171.870323738072,"CT",1,270
"Weekly",0.05,"SameTimestamp",1000,"Monthly","beta_ct",-19.6155479177843,165.822982051803,-345.016466097213,305.785370261644,"CT",1,270
"Weekly",0.05,"SameTimestamp",1000,"Monthly","LogLik_ct",1447.8523088211,NA,NA,NA,"CT",1,270
"Weekly",0.05,"SameTimestamp",1000,"Monthly","AIC_ct",1451.8523088211,NA,NA,NA,"CT",1,270
"Weekly",0.05,"SameTimestamp",1000,"Monthly","BIC_ct",1461.66781937906,NA,NA,NA,"CT",1,270
"Weekly",0.05,"SameTimestamp",1000,"Monthly","error_var_dt",0.249031975596899,0.0111370492568238,0.227177308595145,0.270886642598653,"DT",1,270
"Weekly",0.05,"SameTimestamp",1000,"Monthly","beta_dt",-0.0122130024990471,0.0316103499144966,-0.0742432274948614,0.0498172224967672,"DT",1,270
"Weekly",0.05,"SameTimestamp",1000,"Monthly","LogLik_dt",1447.70304435703,NA,NA,NA,"DT",1,270
"Weekly",0.05,"SameTimestamp",1000,"Monthly","AIC_dt",1451.70304435703,NA,NA,NA,"DT",1,270
"Weekly",0.05,"SameTimestamp",1000,"Monthly","BIC_dt",1461.51855491499,NA,NA,NA,"DT",1,270
"Weekly",0.05,"SameTimestamp",1000,"Daily","error_var_ct",0.209755992816287,0.0110394254724496,0.188092896781828,0.231419088850745,"CT",1,271
"Weekly",0.05,"SameTimestamp",1000,"Daily","beta_ct",-0.340273311434224,0.0312296184041199,-0.401556412107924,-0.278990210760524,"CT",1,271
"Weekly",0.05,"SameTimestamp",1000,"Daily","LogLik_ct",955.444058981276,NA,NA,NA,"CT",1,271
"Weekly",0.05,"SameTimestamp",1000,"Daily","AIC_ct",959.444058981276,NA,NA,NA,"CT",1,271
"Weekly",0.05,"SameTimestamp",1000,"Daily","BIC_ct",969.25956953924,NA,NA,NA,"CT",1,271
"Weekly",0.05,"SameTimestamp",1000,"Daily","error_var_dt",0.152154328783495,0.00680627332720712,0.13879811263873,0.16551054492826,"DT",1,271
"Weekly",0.05,"SameTimestamp",1000,"Daily","beta_dt",0.711575825004961,0.0222222519976974,0.667968231445907,0.755183418564015,"DT",1,271
"Weekly",0.05,"SameTimestamp",1000,"Daily","LogLik_dt",955.444058981275,NA,NA,NA,"DT",1,271
"Weekly",0.05,"SameTimestamp",1000,"Daily","AIC_dt",959.444058981275,NA,NA,NA,"DT",1,271
"Weekly",0.05,"SameTimestamp",1000,"Daily","BIC_dt",969.259569539239,NA,NA,NA,"DT",1,271
"Weekly",0.05,"SameTimestamp",1000,"Weekly","error_var_ct",1.42777528069231,0.254469744472552,0.928419356225911,1.92713120515871,"CT",1,271
"Weekly",0.05,"SameTimestamp",1000,"Weekly","beta_ct",-2.72417335268692,0.481325594547454,-3.66869737746939,-1.77964932790444,"CT",1,271
"Weekly",0.05,"SameTimestamp",1000,"Weekly","LogLik_ct",1494.37230376284,NA,NA,NA,"CT",1,271
"Weekly",0.05,"SameTimestamp",1000,"Weekly","AIC_ct",1498.37230376284,NA,NA,NA,"CT",1,271
"Weekly",0.05,"SameTimestamp",1000,"Weekly","BIC_ct",1508.18781432081,NA,NA,NA,"CT",1,271
"Weekly",0.05,"SameTimestamp",1000,"Weekly","error_var_dt",0.260928877677932,0.0116691327953834,0.238030082354198,0.283827673001666,"DT",1,271
"Weekly",0.05,"SameTimestamp",1000,"Weekly","beta_dt",0.0656004128188554,0.0315843758845462,0.0036211576770993,0.127579667960611,"DT",1,271
"Weekly",0.05,"SameTimestamp",1000,"Weekly","LogLik_dt",1494.37230376285,NA,NA,NA,"DT",1,271
"Weekly",0.05,"SameTimestamp",1000,"Weekly","AIC_dt",1498.37230376285,NA,NA,NA,"DT",1,271
"Weekly",0.05,"SameTimestamp",1000,"Weekly","BIC_dt",1508.18781432081,NA,NA,NA,"DT",1,271
"Weekly",0.05,"SameTimestamp",1000,"Monthly","error_var_ct",1.31973425543717,0.199857424074687,0.92754622158212,1.71192228929223,"CT",1,271
"Weekly",0.05,"SameTimestamp",1000,"Monthly","beta_ct",-2.46228612542522,0.369574834031704,-3.18751726553557,-1.73705498531488,"CT",1,271
"Weekly",0.05,"SameTimestamp",1000,"Monthly","LogLik_ct",1513.78198384986,NA,NA,NA,"CT",1,271
"Weekly",0.05,"SameTimestamp",1000,"Monthly","AIC_ct",1517.78198384986,NA,NA,NA,"CT",1,271
"Weekly",0.05,"SameTimestamp",1000,"Monthly","BIC_ct",1527.59749440782,NA,NA,NA,"CT",1,271
"Weekly",0.05,"SameTimestamp",1000,"Monthly","error_var_dt",0.26604245200047,0.0118978306371174,0.242694873964201,0.289390030036739,"DT",1,271
"Weekly",0.05,"SameTimestamp",1000,"Monthly","beta_dt",0.0852398486378775,0.0315088491774456,0.0234088025051109,0.147070894770644,"DT",1,271
"Weekly",0.05,"SameTimestamp",1000,"Monthly","LogLik_dt",1513.78198384986,NA,NA,NA,"DT",1,271
"Weekly",0.05,"SameTimestamp",1000,"Monthly","AIC_dt",1517.78198384986,NA,NA,NA,"DT",1,271
"Weekly",0.05,"SameTimestamp",1000,"Monthly","BIC_dt",1527.59749440782,NA,NA,NA,"DT",1,271
"Weekly",0.05,"SameTimestamp",1000,"Daily","error_var_ct",0.206148155006459,0.0110773457559375,0.184410646517756,0.227885663495162,"CT",1,272
"Weekly",0.05,"SameTimestamp",1000,"Daily","beta_ct",-0.38603339178168,0.0341108184188471,-0.452970383843957,-0.319096399719403,"CT",1,272
"Weekly",0.05,"SameTimestamp",1000,"Daily","LogLik_ct",897.657083318097,NA,NA,NA,"CT",1,272
"Weekly",0.05,"SameTimestamp",1000,"Daily","AIC_ct",901.657083318097,NA,NA,NA,"CT",1,272
"Weekly",0.05,"SameTimestamp",1000,"Daily","BIC_ct",911.472593876061,NA,NA,NA,"CT",1,272
"Weekly",0.05,"SameTimestamp",1000,"Daily","error_var_dt",0.143635148700839,0.00642460594033844,0.131027893385203,0.156242404016474,"DT",1,272
"Weekly",0.05,"SameTimestamp",1000,"Daily","beta_dt",0.679747822253299,0.0231866795840637,0.63424769475089,0.725247949755707,"DT",1,272
"Weekly",0.05,"SameTimestamp",1000,"Daily","LogLik_dt",897.657083318095,NA,NA,NA,"DT",1,272
"Weekly",0.05,"SameTimestamp",1000,"Daily","AIC_dt",901.657083318095,NA,NA,NA,"DT",1,272
"Weekly",0.05,"SameTimestamp",1000,"Daily","BIC_dt",911.47259387606,NA,NA,NA,"DT",1,272
"Weekly",0.05,"SameTimestamp",1000,"Weekly","error_var_ct",1.26411639158472,0.185005928442836,0.901072028016771,1.62716075515267,"CT",1,272
"Weekly",0.05,"SameTimestamp",1000,"Weekly","beta_ct",-2.40178765494626,0.348517335553252,-3.0856968428479,-1.71787846704462,"CT",1,272
"Weekly",0.05,"SameTimestamp",1000,"Weekly","LogLik_ct",1494.65775741012,NA,NA,NA,"CT",1,272
"Weekly",0.05,"SameTimestamp",1000,"Weekly","AIC_ct",1498.65775741012,NA,NA,NA,"CT",1,272
"Weekly",0.05,"SameTimestamp",1000,"Weekly","BIC_ct",1508.47326796808,NA,NA,NA,"CT",1,272
"Weekly",0.05,"SameTimestamp",1000,"Weekly","error_var_dt",0.261003539338527,0.0116724647104065,0.238098205667729,0.283908873009324,"DT",1,272
"Weekly",0.05,"SameTimestamp",1000,"Weekly","beta_dt",0.0905559205084869,0.0315485336735648,0.0286469999380829,0.152464841078891,"DT",1,272
"Weekly",0.05,"SameTimestamp",1000,"Weekly","LogLik_dt",1494.65775741012,NA,NA,NA,"DT",1,272
"Weekly",0.05,"SameTimestamp",1000,"Weekly","AIC_dt",1498.65775741012,NA,NA,NA,"DT",1,272
"Weekly",0.05,"SameTimestamp",1000,"Weekly","BIC_dt",1508.47326796808,NA,NA,NA,"DT",1,272
"Weekly",0.05,"SameTimestamp",1000,"Monthly","error_var_ct",9.60979092637379,36.0382242941661,-61.1094250096561,80.3290068624037,"CT",1,272
"Weekly",0.05,"SameTimestamp",1000,"Monthly","beta_ct",-18.6245569777546,69.8430137437763,-155.680232369863,118.431118414354,"CT",1,272
"Weekly",0.05,"SameTimestamp",1000,"Monthly","LogLik_ct",1483.03254015273,NA,NA,NA,"CT",1,272
"Weekly",0.05,"SameTimestamp",1000,"Monthly","AIC_ct",1487.03254015273,NA,NA,NA,"CT",1,272
"Weekly",0.05,"SameTimestamp",1000,"Monthly","BIC_ct",1496.84805071069,NA,NA,NA,"CT",1,272
"Weekly",0.05,"SameTimestamp",1000,"Monthly","error_var_dt",0.2579678125988,0.0115366887928114,0.235328917317334,0.280606707880266,"DT",1,272
"Weekly",0.05,"SameTimestamp",1000,"Monthly","beta_dt",-0.00872549022006669,0.0316643162810977,-0.0708616155261126,0.0534106350859792,"DT",1,272
"Weekly",0.05,"SameTimestamp",1000,"Monthly","LogLik_dt",1482.95660750408,NA,NA,NA,"DT",1,272
"Weekly",0.05,"SameTimestamp",1000,"Monthly","AIC_dt",1486.95660750408,NA,NA,NA,"DT",1,272
"Weekly",0.05,"SameTimestamp",1000,"Monthly","BIC_dt",1496.77211806205,NA,NA,NA,"DT",1,272
"Weekly",0.05,"SameTimestamp",1000,"Daily","error_var_ct",0.222804514728191,0.0123021620798949,0.198663501300153,0.24694552815623,"CT",1,273
"Weekly",0.05,"SameTimestamp",1000,"Daily","beta_ct",-0.44562547478595,0.0379240656045285,-0.52004535082554,-0.371205598746359,"CT",1,273
"Weekly",0.05,"SameTimestamp",1000,"Daily","LogLik_ct",923.824558177805,NA,NA,NA,"CT",1,273
"Weekly",0.05,"SameTimestamp",1000,"Daily","AIC_ct",927.824558177805,NA,NA,NA,"CT",1,273
"Weekly",0.05,"SameTimestamp",1000,"Daily","BIC_ct",937.640068735769,NA,NA,NA,"CT",1,273
"Weekly",0.05,"SameTimestamp",1000,"Daily","error_var_dt",0.147458965069839,0.00659525790668671,0.134516832731419,0.16040109740826,"DT",1,273
"Weekly",0.05,"SameTimestamp",1000,"Daily","beta_dt",0.640423582376697,0.024287629313123,0.59276301819493,0.688084146558463,"DT",1,273
"Weekly",0.05,"SameTimestamp",1000,"Daily","LogLik_dt",923.824558177806,NA,NA,NA,"DT",1,273
"Weekly",0.05,"SameTimestamp",1000,"Daily","AIC_dt",927.824558177806,NA,NA,NA,"DT",1,273
"Weekly",0.05,"SameTimestamp",1000,"Daily","BIC_dt",937.64006873577,NA,NA,NA,"DT",1,273
"Weekly",0.05,"SameTimestamp",1000,"Weekly","error_var_ct",10.4210676775352,48.8118290468178,-85.364292067653,106.206427422723,"CT",1,273
"Weekly",0.05,"SameTimestamp",1000,"Weekly","beta_ct",-20.5292030550412,96.1561874132546,-209.220247479339,168.161841369257,"CT",1,273
"Weekly",0.05,"SameTimestamp",1000,"Weekly","LogLik_ct",1466.71167247298,NA,NA,NA,"CT",1,273
"Weekly",0.05,"SameTimestamp",1000,"Weekly","AIC_ct",1470.71167247298,NA,NA,NA,"CT",1,273
"Weekly",0.05,"SameTimestamp",1000,"Weekly","BIC_ct",1480.52718303095,NA,NA,NA,"CT",1,273
"Weekly",0.05,"SameTimestamp",1000,"Weekly","error_var_dt",0.25380740796537,0.0113506194190194,0.231533643887841,0.276081172042899,"DT",1,273
"Weekly",0.05,"SameTimestamp",1000,"Weekly","beta_dt",-0.00376754122339864,0.0316408136016378,-0.0658575463030362,0.0583224638562389,"DT",1,273
"Weekly",0.05,"SameTimestamp",1000,"Weekly","LogLik_dt",1466.69749441614,NA,NA,NA,"DT",1,273
"Weekly",0.05,"SameTimestamp",1000,"Weekly","AIC_dt",1470.69749441614,NA,NA,NA,"DT",1,273
"Weekly",0.05,"SameTimestamp",1000,"Weekly","BIC_dt",1480.5130049741,NA,NA,NA,"DT",1,273
"Weekly",0.05,"SameTimestamp",1000,"Monthly","error_var_ct",10.2503103676379,42.2063286670124,-72.5728178338444,93.0734385691203,"CT",1,273
"Weekly",0.05,"SameTimestamp",1000,"Monthly","beta_ct",-22.5330698614153,92.7818769141327,-204.602572922443,159.536433199613,"CT",1,273
"Weekly",0.05,"SameTimestamp",1000,"Monthly","LogLik_ct",1357.05793859154,NA,NA,NA,"CT",1,273
"Weekly",0.05,"SameTimestamp",1000,"Monthly","AIC_ct",1361.05793859154,NA,NA,NA,"CT",1,273
"Weekly",0.05,"SameTimestamp",1000,"Monthly","BIC_ct",1370.87344914951,NA,NA,NA,"CT",1,273
"Weekly",0.05,"SameTimestamp",1000,"Monthly","error_var_dt",0.226907796420762,0.0101476255487162,0.206994714228924,0.246820878612601,"DT",1,273
"Weekly",0.05,"SameTimestamp",1000,"Monthly","beta_dt",-0.0488804142454156,0.0315849073894612,-0.110860712380038,0.0130998838892069,"DT",1,273
"Weekly",0.05,"SameTimestamp",1000,"Monthly","LogLik_dt",1354.66577964088,NA,NA,NA,"DT",1,273
"Weekly",0.05,"SameTimestamp",1000,"Monthly","AIC_dt",1358.66577964088,NA,NA,NA,"DT",1,273
"Weekly",0.05,"SameTimestamp",1000,"Monthly","BIC_dt",1368.48129019885,NA,NA,NA,"DT",1,273
"Weekly",0.05,"SameTimestamp",1000,"Daily","error_var_ct",0.205302954334914,0.0111345242336759,0.183453242284763,0.227152666385064,"CT",1,274
"Weekly",0.05,"SameTimestamp",1000,"Daily","beta_ct",-0.405922452028097,0.0353989230460116,-0.475387142140453,-0.336457761915742,"CT",1,274
"Weekly",0.05,"SameTimestamp",1000,"Daily","LogLik_ct",876.165110622497,NA,NA,NA,"CT",1,274
"Weekly",0.05,"SameTimestamp",1000,"Daily","AIC_ct",880.165110622497,NA,NA,NA,"CT",1,274
"Weekly",0.05,"SameTimestamp",1000,"Daily","BIC_ct",889.980621180461,NA,NA,NA,"CT",1,274
"Weekly",0.05,"SameTimestamp",1000,"Daily","error_var_dt",0.140594121828085,0.0062882623726565,0.128254418823731,0.152933824832439,"DT",1,274
"Weekly",0.05,"SameTimestamp",1000,"Daily","beta_dt",0.666361831167844,0.0235888480304557,0.620072512806006,0.712651149529683,"DT",1,274
"Weekly",0.05,"SameTimestamp",1000,"Daily","LogLik_dt",876.165110622498,NA,NA,NA,"DT",1,274
"Weekly",0.05,"SameTimestamp",1000,"Daily","AIC_dt",880.165110622498,NA,NA,NA,"DT",1,274
"Weekly",0.05,"SameTimestamp",1000,"Daily","BIC_dt",889.980621180463,NA,NA,NA,"DT",1,274
"Weekly",0.05,"SameTimestamp",1000,"Weekly","error_var_ct",1.18929672810765,0.180727037279286,0.834648999892537,1.54394445632276,"CT",1,274
"Weekly",0.05,"SameTimestamp",1000,"Weekly","beta_ct",-2.46754052937421,0.371654057854135,-3.1968518116491,-1.73822924709932,"CT",1,274
"Weekly",0.05,"SameTimestamp",1000,"Weekly","LogLik_ct",1407.65467864113,NA,NA,NA,"CT",1,274
"Weekly",0.05,"SameTimestamp",1000,"Weekly","AIC_ct",1411.65467864113,NA,NA,NA,"CT",1,274
"Weekly",0.05,"SameTimestamp",1000,"Weekly","BIC_ct",1421.47018919909,NA,NA,NA,"CT",1,274
"Weekly",0.05,"SameTimestamp",1000,"Weekly","error_var_dt",0.239255604768927,0.0106998513415596,0.218258868322352,0.260252341215502,"DT",1,274
"Weekly",0.05,"SameTimestamp",1000,"Weekly","beta_dt",0.0847931698212347,0.031516596474685,0.0229469208643245,0.146639418778145,"DT",1,274
"Weekly",0.05,"SameTimestamp",1000,"Weekly","LogLik_dt",1407.65467864113,NA,NA,NA,"DT",1,274
"Weekly",0.05,"SameTimestamp",1000,"Weekly","AIC_dt",1411.65467864113,NA,NA,NA,"DT",1,274
"Weekly",0.05,"SameTimestamp",1000,"Weekly","BIC_dt",1421.4701891991,NA,NA,NA,"DT",1,274
"Weekly",0.05,"SameTimestamp",1000,"Monthly","error_var_ct",9.73461109489492,39.8798568554095,-68.523190550238,87.9924127400278,"CT",1,274
"Weekly",0.05,"SameTimestamp",1000,"Monthly","beta_ct",-20.2311357178495,82.8804469783136,-182.870675859755,142.408404424056,"CT",1,274
"Weekly",0.05,"SameTimestamp",1000,"Monthly","LogLik_ct",1413.19919437931,NA,NA,NA,"CT",1,274
"Weekly",0.05,"SameTimestamp",1000,"Monthly","AIC_ct",1417.19919437931,NA,NA,NA,"CT",1,274
"Weekly",0.05,"SameTimestamp",1000,"Monthly","BIC_ct",1427.01470493728,NA,NA,NA,"CT",1,274
"Weekly",0.05,"SameTimestamp",1000,"Monthly","error_var_dt",0.240559108297744,0.010758132881661,0.219448003707337,0.261670212888151,"DT",1,274
"Weekly",0.05,"SameTimestamp",1000,"Monthly","beta_dt",-0.0105708231935329,0.031645230769308,-0.0726694962539163,0.0515278498668504,"DT",1,274
"Weekly",0.05,"SameTimestamp",1000,"Monthly","LogLik_dt",1413.08761745422,NA,NA,NA,"DT",1,274
"Weekly",0.05,"SameTimestamp",1000,"Monthly","AIC_dt",1417.08761745422,NA,NA,NA,"DT",1,274
"Weekly",0.05,"SameTimestamp",1000,"Monthly","BIC_dt",1426.90312801218,NA,NA,NA,"DT",1,274
"Weekly",0.05,"SameTimestamp",1000,"Daily","error_var_ct",0.203502516938275,0.0110657194242506,0.181787823254608,0.225217210621942,"CT",1,275
"Weekly",0.05,"SameTimestamp",1000,"Daily","beta_ct",-0.412080673991141,0.0357675945524407,-0.48226882260855,-0.341892525373733,"CT",1,275
"Weekly",0.05,"SameTimestamp",1000,"Daily","LogLik_ct",862.061679687271,NA,NA,NA,"CT",1,275
"Weekly",0.05,"SameTimestamp",1000,"Daily","AIC_ct",866.061679687271,NA,NA,NA,"CT",1,275
"Weekly",0.05,"SameTimestamp",1000,"Daily","BIC_ct",875.877190245235,NA,NA,NA,"CT",1,275
"Weekly",0.05,"SameTimestamp",1000,"Daily","error_var_dt",0.138620632531586,0.00620010751954602,0.126453919240656,0.150787345822517,"DT",1,275
"Weekly",0.05,"SameTimestamp",1000,"Daily","beta_dt",0.66227083842931,0.0236880128025562,0.615786925159738,0.708754751698882,"DT",1,275
"Weekly",0.05,"SameTimestamp",1000,"Daily","LogLik_dt",862.06167968727,NA,NA,NA,"DT",1,275
"Weekly",0.05,"SameTimestamp",1000,"Daily","AIC_dt",866.06167968727,NA,NA,NA,"DT",1,275
"Weekly",0.05,"SameTimestamp",1000,"Daily","BIC_dt",875.877190245234,NA,NA,NA,"DT",1,275
"Weekly",0.05,"SameTimestamp",1000,"Weekly","error_var_ct",1.91621714054872,0.969925639652724,0.0128941523626298,3.81954012873482,"CT",1,275
"Weekly",0.05,"SameTimestamp",1000,"Weekly","beta_ct",-4.20649235938899,2.124762661187,-8.37599716691696,-0.0369875518610296,"CT",1,275
"Weekly",0.05,"SameTimestamp",1000,"Weekly","LogLik_ct",1358.23218954839,NA,NA,NA,"CT",1,275
"Weekly",0.05,"SameTimestamp",1000,"Weekly","AIC_ct",1362.23218954839,NA,NA,NA,"CT",1,275
"Weekly",0.05,"SameTimestamp",1000,"Weekly","BIC_ct",1372.04770010635,NA,NA,NA,"CT",1,275
"Weekly",0.05,"SameTimestamp",1000,"Weekly","error_var_dt",0.227718534931239,0.0101838905855835,0.207734288440289,0.24770278142219,"DT",1,275
"Weekly",0.05,"SameTimestamp",1000,"Weekly","beta_dt",0.0148985067048673,0.03160695264925,-0.0471250517045858,0.0769220651143204,"DT",1,275
"Weekly",0.05,"SameTimestamp",1000,"Weekly","LogLik_dt",1358.23218954831,NA,NA,NA,"DT",1,275
"Weekly",0.05,"SameTimestamp",1000,"Weekly","AIC_dt",1362.23218954831,NA,NA,NA,"DT",1,275
"Weekly",0.05,"SameTimestamp",1000,"Weekly","BIC_dt",1372.04770010628,NA,NA,NA,"DT",1,275
"Weekly",0.05,"SameTimestamp",1000,"Monthly","error_var_ct",11.4331892917398,38.4705795575696,-64.0591324361206,86.9255110196002,"CT",1,275
"Weekly",0.05,"SameTimestamp",1000,"Monthly","beta_ct",-22.2523133115905,74.8758051483157,-169.184031962474,124.679405339292,"CT",1,275
"Weekly",0.05,"SameTimestamp",1000,"Monthly","LogLik_ct",1478.80883758119,NA,NA,NA,"CT",1,275
"Weekly",0.05,"SameTimestamp",1000,"Monthly","AIC_ct",1482.80883758119,NA,NA,NA,"CT",1,275
"Weekly",0.05,"SameTimestamp",1000,"Monthly","BIC_ct",1492.62434813915,NA,NA,NA,"CT",1,275
"Weekly",0.05,"SameTimestamp",1000,"Monthly","error_var_dt",0.256836886073068,0.0114860962878801,0.234297270441226,0.27937650170491,"DT",1,275
"Weekly",0.05,"SameTimestamp",1000,"Monthly","beta_dt",-0.015671450586893,0.0316053517228168,-0.0776918674358406,0.0463489662620545,"DT",1,275
"Weekly",0.05,"SameTimestamp",1000,"Monthly","LogLik_dt",1478.56300441078,NA,NA,NA,"DT",1,275
"Weekly",0.05,"SameTimestamp",1000,"Monthly","AIC_dt",1482.56300441078,NA,NA,NA,"DT",1,275
"Weekly",0.05,"SameTimestamp",1000,"Monthly","BIC_dt",1492.37851496875,NA,NA,NA,"DT",1,275
"Weekly",0.05,"SameTimestamp",1000,"Daily","error_var_ct",0.210599370870849,0.0115341647687773,0.187965428580386,0.233233313161312,"CT",1,276
"Weekly",0.05,"SameTimestamp",1000,"Daily","beta_ct",-0.42516800697755,0.0367417434399328,-0.497267766027427,-0.353068247927673,"CT",1,276
"Weekly",0.05,"SameTimestamp",1000,"Daily","LogLik_ct",884.995110196731,NA,NA,NA,"CT",1,276
"Weekly",0.05,"SameTimestamp",1000,"Daily","AIC_ct",888.995110196731,NA,NA,NA,"CT",1,276
"Weekly",0.05,"SameTimestamp",1000,"Daily","BIC_ct",898.810620754695,NA,NA,NA,"CT",1,276
"Weekly",0.05,"SameTimestamp",1000,"Daily","error_var_dt",0.141845452818038,0.00634412030892965,0.129396137602361,0.154294768033715,"DT",1,276
"Weekly",0.05,"SameTimestamp",1000,"Daily","beta_dt",0.653659935303819,0.0240167193606108,0.606530988309253,0.700788882298386,"DT",1,276
"Weekly",0.05,"SameTimestamp",1000,"Daily","LogLik_dt",884.995110196734,NA,NA,NA,"DT",1,276
"Weekly",0.05,"SameTimestamp",1000,"Daily","AIC_dt",888.995110196734,NA,NA,NA,"DT",1,276
"Weekly",0.05,"SameTimestamp",1000,"Daily","BIC_dt",898.810620754698,NA,NA,NA,"DT",1,276
"Weekly",0.05,"SameTimestamp",1000,"Weekly","error_var_ct",1.16306526589856,0.162251944796455,0.844671933684387,1.48145859811273,"CT",1,276
"Weekly",0.05,"SameTimestamp",1000,"Weekly","beta_ct",-2.32553108070787,0.32174840854719,-2.95691055699372,-1.69415160442202,"CT",1,276
"Weekly",0.05,"SameTimestamp",1000,"Weekly","LogLik_ct",1442.24302109334,NA,NA,NA,"CT",1,276
"Weekly",0.05,"SameTimestamp",1000,"Weekly","AIC_ct",1446.24302109334,NA,NA,NA,"CT",1,276
"Weekly",0.05,"SameTimestamp",1000,"Weekly","BIC_ct",1456.0585316513,NA,NA,NA,"CT",1,276
"Weekly",0.05,"SameTimestamp",1000,"Weekly","error_var_dt",0.247675920552645,0.0110763947916389,0.22594027817835,0.26941156292694,"DT",1,276
"Weekly",0.05,"SameTimestamp",1000,"Weekly","beta_dt",0.0977316220300792,0.0314591521356081,0.035998098344712,0.159465145715446,"DT",1,276
"Weekly",0.05,"SameTimestamp",1000,"Weekly","LogLik_dt",1442.24302109332,NA,NA,NA,"DT",1,276
"Weekly",0.05,"SameTimestamp",1000,"Weekly","AIC_dt",1446.24302109332,NA,NA,NA,"DT",1,276
"Weekly",0.05,"SameTimestamp",1000,"Weekly","BIC_dt",1456.05853165128,NA,NA,NA,"DT",1,276
"Weekly",0.05,"SameTimestamp",1000,"Monthly","error_var_ct",1.68298449182696,0.459638188537436,0.781018511419694,2.58495047223423,"CT",1,276
"Weekly",0.05,"SameTimestamp",1000,"Monthly","beta_ct",-3.36109218208487,0.912892252982269,-5.15249632669565,-1.5696880374741,"CT",1,276
"Weekly",0.05,"SameTimestamp",1000,"Monthly","LogLik_ct",1451.82799012121,NA,NA,NA,"CT",1,276
"Weekly",0.05,"SameTimestamp",1000,"Monthly","AIC_ct",1455.82799012121,NA,NA,NA,"CT",1,276
"Weekly",0.05,"SameTimestamp",1000,"Monthly","BIC_ct",1465.64350067917,NA,NA,NA,"CT",1,276
"Weekly",0.05,"SameTimestamp",1000,"Monthly","error_var_dt",0.250061326761722,0.0111830931300938,0.228116306068018,0.272006347455427,"DT",1,276
"Weekly",0.05,"SameTimestamp",1000,"Monthly","beta_dt",0.0346973279789252,0.0315974175633375,-0.0273075193588028,0.0967021753166531,"DT",1,276
"Weekly",0.05,"SameTimestamp",1000,"Monthly","LogLik_dt",1451.82799012121,NA,NA,NA,"DT",1,276
"Weekly",0.05,"SameTimestamp",1000,"Monthly","AIC_dt",1455.82799012121,NA,NA,NA,"DT",1,276
"Weekly",0.05,"SameTimestamp",1000,"Monthly","BIC_dt",1465.64350067917,NA,NA,NA,"DT",1,276
"Weekly",0.05,"SameTimestamp",1000,"Daily","error_var_ct",0.21081629844204,0.0117067417661629,0.187843701565155,0.233788895318924,"CT",1,277
"Weekly",0.05,"SameTimestamp",1000,"Daily","beta_ct",-0.457979640202389,0.0387102965038047,-0.533942367862183,-0.382016912542596,"CT",1,277
"Weekly",0.05,"SameTimestamp",1000,"Daily","LogLik_ct",858.342886211182,NA,NA,NA,"CT",1,277
"Weekly",0.05,"SameTimestamp",1000,"Daily","AIC_ct",862.342886211182,NA,NA,NA,"CT",1,277
"Weekly",0.05,"SameTimestamp",1000,"Daily","BIC_ct",872.158396769147,NA,NA,NA,"CT",1,277
"Weekly",0.05,"SameTimestamp",1000,"Daily","error_var_dt",0.138064940924254,0.00617633111873485,0.125944884993836,0.150184996854672,"DT",1,277
"Weekly",0.05,"SameTimestamp",1000,"Daily","beta_dt",0.632560230786072,0.0244864285505703,0.584509555091424,0.68061090648072,"DT",1,277
"Weekly",0.05,"SameTimestamp",1000,"Daily","LogLik_dt",858.342886211157,NA,NA,NA,"DT",1,277
"Weekly",0.05,"SameTimestamp",1000,"Daily","AIC_dt",862.342886211157,NA,NA,NA,"DT",1,277
"Weekly",0.05,"SameTimestamp",1000,"Daily","BIC_dt",872.158396769122,NA,NA,NA,"DT",1,277
"Weekly",0.05,"SameTimestamp",1000,"Weekly","error_var_ct",1.49707282150875,0.311376650551974,0.886046251273785,2.10809939174372,"CT",1,277
"Weekly",0.05,"SameTimestamp",1000,"Weekly","beta_ct",-2.96324025799877,0.611585276618874,-4.16337794756601,-1.76310256843152,"CT",1,277
"Weekly",0.05,"SameTimestamp",1000,"Weekly","LogLik_ct",1459.28907123716,NA,NA,NA,"CT",1,277
"Weekly",0.05,"SameTimestamp",1000,"Weekly","AIC_ct",1463.28907123716,NA,NA,NA,"CT",1,277
"Weekly",0.05,"SameTimestamp",1000,"Weekly","BIC_ct",1473.10458179513,NA,NA,NA,"CT",1,277
"Weekly",0.05,"SameTimestamp",1000,"Weekly","error_var_dt",0.251933522221951,0.0112668270348226,0.229824187214608,0.274042857229295,"DT",1,277
"Weekly",0.05,"SameTimestamp",1000,"Weekly","beta_dt",0.0516514185323715,0.0315813427179777,-0.0103218845080887,0.113624721572832,"DT",1,277
"Weekly",0.05,"SameTimestamp",1000,"Weekly","LogLik_dt",1459.2890712372,NA,NA,NA,"DT",1,277
"Weekly",0.05,"SameTimestamp",1000,"Weekly","AIC_dt",1463.2890712372,NA,NA,NA,"DT",1,277
"Weekly",0.05,"SameTimestamp",1000,"Weekly","BIC_dt",1473.10458179516,NA,NA,NA,"DT",1,277
"Weekly",0.05,"SameTimestamp",1000,"Monthly","error_var_ct",1.64968673456712,0.392905825722449,0.878672277667588,2.42070119146665,"CT",1,277
"Weekly",0.05,"SameTimestamp",1000,"Monthly","beta_ct",-3.16907884246937,0.749834261713896,-4.64050791837316,-1.69764976656557,"CT",1,277
"Weekly",0.05,"SameTimestamp",1000,"Monthly","LogLik_ct",1490.10658993522,NA,NA,NA,"CT",1,277
"Weekly",0.05,"SameTimestamp",1000,"Monthly","AIC_ct",1494.10658993522,NA,NA,NA,"CT",1,277
"Weekly",0.05,"SameTimestamp",1000,"Monthly","BIC_ct",1503.92210049318,NA,NA,NA,"CT",1,277
"Weekly",0.05,"SameTimestamp",1000,"Monthly","error_var_dt",0.259818530874493,0.0116194549116056,0.237017220403549,0.282619841345437,"DT",1,277
"Weekly",0.05,"SameTimestamp",1000,"Monthly","beta_dt",0.0420422890768027,0.0315984697394736,-0.0199646229872771,0.104049201140882,"DT",1,277
"Weekly",0.05,"SameTimestamp",1000,"Monthly","LogLik_dt",1490.10658993522,NA,NA,NA,"DT",1,277
"Weekly",0.05,"SameTimestamp",1000,"Monthly","AIC_dt",1494.10658993522,NA,NA,NA,"DT",1,277
"Weekly",0.05,"SameTimestamp",1000,"Monthly","BIC_dt",1503.92210049319,NA,NA,NA,"DT",1,277
"Weekly",0.05,"SameTimestamp",1000,"Daily","error_var_ct",0.212518644855244,0.0115883312934511,0.189778409476541,0.235258880233947,"CT",1,278
"Weekly",0.05,"SameTimestamp",1000,"Daily","beta_ct",-0.418226361351988,0.0361623574387114,-0.489189168608785,-0.347263554095191,"CT",1,278
"Weekly",0.05,"SameTimestamp",1000,"Daily","LogLik_ct",900.062013596135,NA,NA,NA,"CT",1,278
"Weekly",0.05,"SameTimestamp",1000,"Daily","AIC_ct",904.062013596135,NA,NA,NA,"CT",1,278
"Weekly",0.05,"SameTimestamp",1000,"Daily","BIC_ct",913.8775241541,NA,NA,NA,"CT",1,278
"Weekly",0.05,"SameTimestamp",1000,"Daily","error_var_dt",0.143996278461572,0.00644037883166256,0.131358071384874,0.156634485538271,"DT",1,278
"Weekly",0.05,"SameTimestamp",1000,"Daily","beta_dt",0.658213223199998,0.0238028483481689,0.611503963651401,0.704922482748594,"DT",1,278
"Weekly",0.05,"SameTimestamp",1000,"Daily","LogLik_dt",900.062013596136,NA,NA,NA,"DT",1,278
"Weekly",0.05,"SameTimestamp",1000,"Daily","AIC_dt",904.062013596136,NA,NA,NA,"DT",1,278
"Weekly",0.05,"SameTimestamp",1000,"Daily","BIC_dt",913.8775241541,NA,NA,NA,"DT",1,278
"Weekly",0.05,"SameTimestamp",1000,"Weekly","error_var_ct",1.41938243272764,0.251994180524861,0.924884404142886,1.9138804613124,"CT",1,278
"Weekly",0.05,"SameTimestamp",1000,"Weekly","beta_ct",-2.72039440813034,0.478756276248739,-3.65987655920416,-1.78091225705651,"CT",1,278
"Weekly",0.05,"SameTimestamp",1000,"Weekly","LogLik_ct",1489.82959856656,NA,NA,NA,"CT",1,278
"Weekly",0.05,"SameTimestamp",1000,"Weekly","AIC_ct",1493.82959856656,NA,NA,NA,"CT",1,278
"Weekly",0.05,"SameTimestamp",1000,"Weekly","BIC_ct",1503.64510912452,NA,NA,NA,"CT",1,278
"Weekly",0.05,"SameTimestamp",1000,"Weekly","error_var_dt",0.259746880607285,0.011616249424636,0.236951860388695,0.282541900825876,"DT",1,278
"Weekly",0.05,"SameTimestamp",1000,"Weekly","beta_dt",0.0658487828382578,0.0315400847578728,0.00395644190530677,0.127741123771209,"DT",1,278
"Weekly",0.05,"SameTimestamp",1000,"Weekly","LogLik_dt",1489.82959856656,NA,NA,NA,"DT",1,278
"Weekly",0.05,"SameTimestamp",1000,"Weekly","AIC_dt",1493.82959856656,NA,NA,NA,"DT",1,278
"Weekly",0.05,"SameTimestamp",1000,"Weekly","BIC_dt",1503.64510912452,NA,NA,NA,"DT",1,278
"Weekly",0.05,"SameTimestamp",1000,"Monthly","error_var_ct",1.60439598763677,0.430385645064198,0.759833416500613,2.44895855877293,"CT",1,278
"Weekly",0.05,"SameTimestamp",1000,"Monthly","beta_ct",-3.33726393976711,0.890181172539638,-5.08410124365752,-1.5904266358767,"CT",1,278
"Weekly",0.05,"SameTimestamp",1000,"Monthly","LogLik_ct",1411.06268662518,NA,NA,NA,"CT",1,278
"Weekly",0.05,"SameTimestamp",1000,"Monthly","AIC_ct",1415.06268662518,NA,NA,NA,"CT",1,278
"Weekly",0.05,"SameTimestamp",1000,"Monthly","BIC_ct",1424.87819718314,NA,NA,NA,"CT",1,278
"Weekly",0.05,"SameTimestamp",1000,"Monthly","error_var_dt",0.240072469401487,0.0107363601704001,0.219004090253283,0.261140848549691,"DT",1,278
"Weekly",0.05,"SameTimestamp",1000,"Monthly","beta_dt",0.0355341345649531,0.0315995034461053,-0.0264748059820482,0.0975430751119543,"DT",1,278
"Weekly",0.05,"SameTimestamp",1000,"Monthly","LogLik_dt",1411.06268662516,NA,NA,NA,"DT",1,278
"Weekly",0.05,"SameTimestamp",1000,"Monthly","AIC_dt",1415.06268662516,NA,NA,NA,"DT",1,278
"Weekly",0.05,"SameTimestamp",1000,"Monthly","BIC_dt",1424.87819718313,NA,NA,NA,"DT",1,278
"Weekly",0.05,"SameTimestamp",1000,"Daily","error_var_ct",0.227459288138482,0.012721767950726,0.202494865711567,0.252423710565396,"CT",1,279
"Weekly",0.05,"SameTimestamp",1000,"Daily","beta_ct",-0.473128030915715,0.0397419394234345,-0.551115191794156,-0.395140870037274,"CT",1,279
"Weekly",0.05,"SameTimestamp",1000,"Daily","LogLik_ct",921.200503543517,NA,NA,NA,"CT",1,279
"Weekly",0.05,"SameTimestamp",1000,"Daily","AIC_ct",925.200503543517,NA,NA,NA,"CT",1,279
"Weekly",0.05,"SameTimestamp",1000,"Daily","BIC_ct",935.016014101481,NA,NA,NA,"CT",1,279
"Weekly",0.05,"SameTimestamp",1000,"Daily","error_var_dt",0.147065358216309,0.00657785065236093,0.134157384813341,0.159973331619276,"DT",1,279
"Weekly",0.05,"SameTimestamp",1000,"Daily","beta_dt",0.6230502971325,0.0247611982707578,0.574460430077701,0.6716401641873,"DT",1,279
"Weekly",0.05,"SameTimestamp",1000,"Daily","LogLik_dt",921.200503543518,NA,NA,NA,"DT",1,279
"Weekly",0.05,"SameTimestamp",1000,"Daily","AIC_dt",925.200503543518,NA,NA,NA,"DT",1,279
"Weekly",0.05,"SameTimestamp",1000,"Daily","BIC_dt",935.016014101483,NA,NA,NA,"DT",1,279
"Weekly",0.05,"SameTimestamp",1000,"Weekly","error_var_ct",1.3515702366879,0.243213481229758,0.874302917486904,1.82883755588889,"CT",1,279
"Weekly",0.05,"SameTimestamp",1000,"Weekly","beta_ct",-2.74184638598198,0.48912537143903,-3.70167621778053,-1.78201655418344,"CT",1,279
"Weekly",0.05,"SameTimestamp",1000,"Weekly","LogLik_ct",1433.20360388488,NA,NA,NA,"CT",1,279
"Weekly",0.05,"SameTimestamp",1000,"Weekly","AIC_ct",1437.20360388488,NA,NA,NA,"CT",1,279
"Weekly",0.05,"SameTimestamp",1000,"Weekly","BIC_ct",1447.01911444285,NA,NA,NA,"CT",1,279
"Weekly",0.05,"SameTimestamp",1000,"Weekly","error_var_dt",0.245446977293321,0.0109767346426622,0.223906901924164,0.266987052662478,"DT",1,279
"Weekly",0.05,"SameTimestamp",1000,"Weekly","beta_dt",0.0644513418610696,0.031551081669834,0.00253742125800873,0.12636526246413,"DT",1,279
"Weekly",0.05,"SameTimestamp",1000,"Weekly","LogLik_dt",1433.20360388489,NA,NA,NA,"DT",1,279
"Weekly",0.05,"SameTimestamp",1000,"Weekly","AIC_dt",1437.20360388489,NA,NA,NA,"DT",1,279
"Weekly",0.05,"SameTimestamp",1000,"Weekly","BIC_dt",1447.01911444285,NA,NA,NA,"DT",1,279
"Weekly",0.05,"SameTimestamp",1000,"Monthly","error_var_ct",2.38829503770875,2.34514116875141,-2.21366712778706,6.99025720320456,"CT",1,279
"Weekly",0.05,"SameTimestamp",1000,"Monthly","beta_ct",-5.05072437330508,4.95646371143022,-14.7769868169425,4.67553807033235,"CT",1,279
"Weekly",0.05,"SameTimestamp",1000,"Monthly","LogLik_ct",1395.73702726524,NA,NA,NA,"CT",1,279
"Weekly",0.05,"SameTimestamp",1000,"Monthly","AIC_ct",1399.73702726524,NA,NA,NA,"CT",1,279
"Weekly",0.05,"SameTimestamp",1000,"Monthly","BIC_ct",1409.55253782321,NA,NA,NA,"CT",1,279
"Weekly",0.05,"SameTimestamp",1000,"Monthly","error_var_dt",0.236421264570071,0.0105730720190342,0.215673312142728,0.257169216997414,"DT",1,279
"Weekly",0.05,"SameTimestamp",1000,"Monthly","beta_dt",0.00640464291478901,0.031609820672679,-0.0556245435291235,0.0684338293587015,"DT",1,279
"Weekly",0.05,"SameTimestamp",1000,"Monthly","LogLik_dt",1395.73702726524,NA,NA,NA,"DT",1,279
"Weekly",0.05,"SameTimestamp",1000,"Monthly","AIC_dt",1399.73702726524,NA,NA,NA,"DT",1,279
"Weekly",0.05,"SameTimestamp",1000,"Monthly","BIC_dt",1409.5525378232,NA,NA,NA,"DT",1,279
"Weekly",0.05,"SameTimestamp",1000,"Daily","error_var_ct",0.223454558527032,0.0123366647984386,0.199245839066,0.247663277988063,"CT",1,280
"Weekly",0.05,"SameTimestamp",1000,"Daily","beta_ct",-0.445630123037527,0.0379138935370928,-0.520030038031656,-0.371230208043399,"CT",1,280
"Weekly",0.05,"SameTimestamp",1000,"Daily","LogLik_ct",926.698835510406,NA,NA,NA,"CT",1,280
"Weekly",0.05,"SameTimestamp",1000,"Daily","AIC_ct",930.698835510406,NA,NA,NA,"CT",1,280
"Weekly",0.05,"SameTimestamp",1000,"Daily","BIC_ct",940.51434606837,NA,NA,NA,"CT",1,280
"Weekly",0.05,"SameTimestamp",1000,"Daily","error_var_dt",0.147888598818211,0.00661433755098232,0.134909025748141,0.160868171888281,"DT",1,280
"Weekly",0.05,"SameTimestamp",1000,"Daily","beta_dt",0.640420605913584,0.0242808508855257,0.592773343305199,0.68806786852197,"DT",1,280
"Weekly",0.05,"SameTimestamp",1000,"Daily","LogLik_dt",926.698835510407,NA,NA,NA,"DT",1,280
"Weekly",0.05,"SameTimestamp",1000,"Daily","AIC_dt",930.698835510407,NA,NA,NA,"DT",1,280
"Weekly",0.05,"SameTimestamp",1000,"Daily","BIC_dt",940.514346068371,NA,NA,NA,"DT",1,280
"Weekly",0.05,"SameTimestamp",1000,"Weekly","error_var_ct",2.99258283874896,3.87628229538864,-4.61399739780766,10.5991630753056,"CT",1,280
"Weekly",0.05,"SameTimestamp",1000,"Weekly","beta_ct",-5.39156254181285,6.98105428990952,-19.0907582002732,8.30763311664744,"CT",1,280
"Weekly",0.05,"SameTimestamp",1000,"Weekly","LogLik_ct",1556.01079771004,NA,NA,NA,"CT",1,280
"Weekly",0.05,"SameTimestamp",1000,"Weekly","AIC_ct",1560.01079771004,NA,NA,NA,"CT",1,280
"Weekly",0.05,"SameTimestamp",1000,"Weekly","BIC_ct",1569.826308268,NA,NA,NA,"CT",1,280
"Weekly",0.05,"SameTimestamp",1000,"Weekly","error_var_dt",0.277518891195605,0.0124110269086906,0.253164248059493,0.301873534331717,"DT",1,280
"Weekly",0.05,"SameTimestamp",1000,"Weekly","beta_dt",0.004554812046728,0.0316255335337669,-0.0575052083585689,0.0666148324520249,"DT",1,280
"Weekly",0.05,"SameTimestamp",1000,"Weekly","LogLik_dt",1556.01079771004,NA,NA,NA,"DT",1,280
"Weekly",0.05,"SameTimestamp",1000,"Weekly","AIC_dt",1560.01079771004,NA,NA,NA,"DT",1,280
"Weekly",0.05,"SameTimestamp",1000,"Weekly","BIC_dt",1569.826308268,NA,NA,NA,"DT",1,280
"Weekly",0.05,"SameTimestamp",1000,"Monthly","error_var_ct",11.8838459113027,165.202267075809,-312.299019012678,336.066710835284,"CT",1,280
"Weekly",0.05,"SameTimestamp",1000,"Monthly","beta_ct",-22.7078307209665,315.673160034091,-642.165609423832,596.749947981899,"CT",1,280
"Weekly",0.05,"SameTimestamp",1000,"Monthly","LogLik_ct",1497.19997638789,NA,NA,NA,"CT",1,280
"Weekly",0.05,"SameTimestamp",1000,"Monthly","AIC_ct",1501.19997638789,NA,NA,NA,"CT",1,280
"Weekly",0.05,"SameTimestamp",1000,"Monthly","BIC_ct",1511.01548694585,NA,NA,NA,"CT",1,280
"Weekly",0.05,"SameTimestamp",1000,"Monthly","error_var_dt",0.261420981144334,0.011691106637562,0.238479065691337,0.284362896597331,"DT",1,280
"Weekly",0.05,"SameTimestamp",1000,"Monthly","beta_dt",-0.0307580603204294,0.0316140376646514,-0.0927955219324928,0.031279401291634,"DT",1,280
"Weekly",0.05,"SameTimestamp",1000,"Monthly","LogLik_dt",1496.25385546295,NA,NA,NA,"DT",1,280
"Weekly",0.05,"SameTimestamp",1000,"Monthly","AIC_dt",1500.25385546295,NA,NA,NA,"DT",1,280
"Weekly",0.05,"SameTimestamp",1000,"Monthly","BIC_dt",1510.06936602091,NA,NA,NA,"DT",1,280
"Weekly",0.05,"SameTimestamp",1000,"Daily","error_var_ct",0.231146342945479,0.0125953247330625,0.206430044986091,0.255862640904867,"CT",1,281
"Weekly",0.05,"SameTimestamp",1000,"Daily","beta_ct",-0.416697127483262,0.0360642878293537,-0.487467488912975,-0.345926766053549,"CT",1,281
"Weekly",0.05,"SameTimestamp",1000,"Daily","LogLik_ct",985.425845380514,NA,NA,NA,"CT",1,281
"Weekly",0.05,"SameTimestamp",1000,"Daily","AIC_ct",989.425845380514,NA,NA,NA,"CT",1,281
"Weekly",0.05,"SameTimestamp",1000,"Daily","BIC_ct",999.241355938479,NA,NA,NA,"CT",1,281
"Weekly",0.05,"SameTimestamp",1000,"Daily","error_var_dt",0.156824540344162,0.00701424011973635,0.143060222834903,0.170588857853421,"DT",1,281
"Weekly",0.05,"SameTimestamp",1000,"Daily","beta_dt",0.659220597113728,0.0237744285550976,0.612567106835744,0.705874087391711,"DT",1,281
"Weekly",0.05,"SameTimestamp",1000,"Daily","LogLik_dt",985.425845380509,NA,NA,NA,"DT",1,281
"Weekly",0.05,"SameTimestamp",1000,"Daily","AIC_dt",989.425845380509,NA,NA,NA,"DT",1,281
"Weekly",0.05,"SameTimestamp",1000,"Daily","BIC_dt",999.241355938473,NA,NA,NA,"DT",1,281
"Weekly",0.05,"SameTimestamp",1000,"Weekly","error_var_ct",2.108439047955,1.08256451828795,-0.0159196137974602,4.23279770970745,"CT",1,281
"Weekly",0.05,"SameTimestamp",1000,"Weekly","beta_ct",-4.22261642593806,2.16372092260149,-8.46857055236075,0.0233377004846158,"CT",1,281
"Weekly",0.05,"SameTimestamp",1000,"Weekly","LogLik_ct",1450.00785405928,NA,NA,NA,"CT",1,281
"Weekly",0.05,"SameTimestamp",1000,"Weekly","AIC_ct",1454.00785405928,NA,NA,NA,"CT",1,281
"Weekly",0.05,"SameTimestamp",1000,"Weekly","BIC_ct",1463.82336461724,NA,NA,NA,"CT",1,281
"Weekly",0.05,"SameTimestamp",1000,"Weekly","error_var_dt",0.249606589645763,0.0111627464033535,0.227701496129108,0.271511683162418,"DT",1,281
"Weekly",0.05,"SameTimestamp",1000,"Weekly","beta_dt",0.0146601260438399,0.0316059925529809,-0.0473615483311829,0.0766818004188628,"DT",1,281
"Weekly",0.05,"SameTimestamp",1000,"Weekly","LogLik_dt",1450.00785405926,NA,NA,NA,"DT",1,281
"Weekly",0.05,"SameTimestamp",1000,"Weekly","AIC_dt",1454.00785405926,NA,NA,NA,"DT",1,281
"Weekly",0.05,"SameTimestamp",1000,"Weekly","BIC_dt",1463.82336461723,NA,NA,NA,"DT",1,281
"Weekly",0.05,"SameTimestamp",1000,"Monthly","error_var_ct",1.97271570522381,0.953733712186019,0.101166769099537,3.84426464134808,"CT",1,281
"Weekly",0.05,"SameTimestamp",1000,"Monthly","beta_ct",-4.14857461281276,2.00120942810588,-8.0756260825032,-0.22152314312232,"CT",1,281
"Weekly",0.05,"SameTimestamp",1000,"Monthly","LogLik_ct",1401.12713980155,NA,NA,NA,"CT",1,281
"Weekly",0.05,"SameTimestamp",1000,"Monthly","AIC_ct",1405.12713980155,NA,NA,NA,"CT",1,281
"Weekly",0.05,"SameTimestamp",1000,"Monthly","BIC_ct",1414.94265035951,NA,NA,NA,"CT",1,281
"Weekly",0.05,"SameTimestamp",1000,"Monthly","error_var_dt",0.237699035053536,0.0106302230855298,0.216838932854898,0.258559137252175,"DT",1,281
"Weekly",0.05,"SameTimestamp",1000,"Monthly","beta_dt",0.0157869576810656,0.0316054230572542,-0.0462335991502364,0.0778075145123676,"DT",1,281
"Weekly",0.05,"SameTimestamp",1000,"Monthly","LogLik_dt",1401.12713980153,NA,NA,NA,"DT",1,281
"Weekly",0.05,"SameTimestamp",1000,"Monthly","AIC_dt",1405.12713980153,NA,NA,NA,"DT",1,281
"Weekly",0.05,"SameTimestamp",1000,"Monthly","BIC_dt",1414.94265035949,NA,NA,NA,"DT",1,281
"Weekly",0.05,"SameTimestamp",1000,"Daily","error_var_ct",0.229128943934729,0.0124945464493012,0.204610407140064,0.253647480729393,"CT",1,282
"Weekly",0.05,"SameTimestamp",1000,"Daily","beta_ct",-0.418382506546578,0.0361678488409005,-0.489356089796499,-0.347408923296657,"CT",1,282
"Weekly",0.05,"SameTimestamp",1000,"Daily","LogLik_ct",975.208249694915,NA,NA,NA,"CT",1,282
"Weekly",0.05,"SameTimestamp",1000,"Daily","AIC_ct",979.208249694915,NA,NA,NA,"CT",1,282
"Weekly",0.05,"SameTimestamp",1000,"Daily","BIC_ct",989.023760252879,NA,NA,NA,"CT",1,282
"Weekly",0.05,"SameTimestamp",1000,"Daily","error_var_dt",0.155230024312916,0.0069429303210236,0.141605640808516,0.168854407817315,"DT",1,282
"Weekly",0.05,"SameTimestamp",1000,"Daily","beta_dt",0.6581104482337,0.0238025905897534,0.611401694494517,0.704819201972884,"DT",1,282
"Weekly",0.05,"SameTimestamp",1000,"Daily","LogLik_dt",975.208249694915,NA,NA,NA,"DT",1,282
"Weekly",0.05,"SameTimestamp",1000,"Daily","AIC_dt",979.208249694915,NA,NA,NA,"DT",1,282
"Weekly",0.05,"SameTimestamp",1000,"Daily","BIC_dt",989.023760252879,NA,NA,NA,"DT",1,282
"Weekly",0.05,"SameTimestamp",1000,"Weekly","error_var_ct",1.83097151089616,0.619995976631064,0.614329175997886,3.04761384579443,"CT",1,282
"Weekly",0.05,"SameTimestamp",1000,"Weekly","beta_ct",-3.66652751342126,1.23662006523734,-6.09319539557059,-1.23985963127194,"CT",1,282
"Weekly",0.05,"SameTimestamp",1000,"Weekly","LogLik_ct",1449.67787475417,NA,NA,NA,"CT",1,282
"Weekly",0.05,"SameTimestamp",1000,"Weekly","AIC_ct",1453.67787475417,NA,NA,NA,"CT",1,282
"Weekly",0.05,"SameTimestamp",1000,"Weekly","BIC_ct",1463.49338531213,NA,NA,NA,"CT",1,282
"Weekly",0.05,"SameTimestamp",1000,"Weekly","error_var_dt",0.249524221124097,0.0111590568801675,0.227626367702979,0.271422074545214,"DT",1,282
"Weekly",0.05,"SameTimestamp",1000,"Weekly","beta_dt",0.0255650789467593,0.0316053239432408,-0.0364552833892408,0.0875854412827594,"DT",1,282
"Weekly",0.05,"SameTimestamp",1000,"Weekly","LogLik_dt",1449.67787475417,NA,NA,NA,"DT",1,282
"Weekly",0.05,"SameTimestamp",1000,"Weekly","AIC_dt",1453.67787475417,NA,NA,NA,"DT",1,282
"Weekly",0.05,"SameTimestamp",1000,"Weekly","BIC_dt",1463.49338531213,NA,NA,NA,"DT",1,282
"Weekly",0.05,"SameTimestamp",1000,"Monthly","error_var_ct",10.7792144548178,480.430529577606,-931.988389357446,953.546818267081,"CT",1,282
"Weekly",0.05,"SameTimestamp",1000,"Monthly","beta_ct",-21.715501664556,967.878870381095,-1921.0220345195,1877.59103119038,"CT",1,282
"Weekly",0.05,"SameTimestamp",1000,"Monthly","LogLik_ct",1444.32675741424,NA,NA,NA,"CT",1,282
"Weekly",0.05,"SameTimestamp",1000,"Monthly","AIC_ct",1448.32675741424,NA,NA,NA,"CT",1,282
"Weekly",0.05,"SameTimestamp",1000,"Monthly","BIC_ct",1458.1422679722,NA,NA,NA,"CT",1,282
"Weekly",0.05,"SameTimestamp",1000,"Monthly","error_var_dt",0.247848209699587,0.0110841100344902,0.226097427402727,0.269598991996448,"DT",1,282
"Weekly",0.05,"SameTimestamp",1000,"Monthly","beta_dt",-0.0372674966264517,0.031618508985139,-0.0993137324854509,0.0247787392325476,"DT",1,282
"Weekly",0.05,"SameTimestamp",1000,"Monthly","LogLik_dt",1442.93850718923,NA,NA,NA,"DT",1,282
"Weekly",0.05,"SameTimestamp",1000,"Monthly","AIC_dt",1446.93850718923,NA,NA,NA,"DT",1,282
"Weekly",0.05,"SameTimestamp",1000,"Monthly","BIC_dt",1456.75401774719,NA,NA,NA,"DT",1,282
"Weekly",0.05,"SameTimestamp",1000,"Daily","error_var_ct",0.222208418770228,0.0124610639584558,0.197755585975873,0.246661251564584,"CT",1,283
"Weekly",0.05,"SameTimestamp",1000,"Daily","beta_ct",-0.48010082008986,0.0401431138878068,-0.558875221297969,-0.401326418881752,"CT",1,283
"Weekly",0.05,"SameTimestamp",1000,"Daily","LogLik_ct",891.902202219532,NA,NA,NA,"CT",1,283
"Weekly",0.05,"SameTimestamp",1000,"Daily","AIC_ct",895.902202219532,NA,NA,NA,"CT",1,283
"Weekly",0.05,"SameTimestamp",1000,"Daily","BIC_ct",905.717712777497,NA,NA,NA,"CT",1,283
"Weekly",0.05,"SameTimestamp",1000,"Daily","error_var_dt",0.142827864771907,0.0063880795452977,0.130292286628742,0.155363442915073,"DT",1,283
"Weekly",0.05,"SameTimestamp",1000,"Daily","beta_dt",0.61872100995435,0.0248376397603739,0.569981138777081,0.66746088113162,"DT",1,283
"Weekly",0.05,"SameTimestamp",1000,"Daily","LogLik_dt",891.902202219532,NA,NA,NA,"DT",1,283
"Weekly",0.05,"SameTimestamp",1000,"Daily","AIC_dt",895.902202219532,NA,NA,NA,"DT",1,283
"Weekly",0.05,"SameTimestamp",1000,"Daily","BIC_dt",905.717712777497,NA,NA,NA,"DT",1,283
"Weekly",0.05,"SameTimestamp",1000,"Weekly","error_var_ct",1.29811270625563,0.234390387699003,0.838159288303824,1.75806612420744,"CT",1,283
"Weekly",0.05,"SameTimestamp",1000,"Weekly","beta_ct",-2.74714155327693,0.491744341282401,-3.71211069195062,-1.78217241460323,"CT",1,283
"Weekly",0.05,"SameTimestamp",1000,"Weekly","LogLik_ct",1390.96205068196,NA,NA,NA,"CT",1,283
"Weekly",0.05,"SameTimestamp",1000,"Weekly","AIC_ct",1394.96205068196,NA,NA,NA,"CT",1,283
"Weekly",0.05,"SameTimestamp",1000,"Weekly","BIC_ct",1404.77756123993,NA,NA,NA,"CT",1,283
"Weekly",0.05,"SameTimestamp",1000,"Weekly","error_var_dt",0.235294975636375,0.0105227235737049,0.21464582393096,0.255944127341789,"DT",1,283
"Weekly",0.05,"SameTimestamp",1000,"Weekly","beta_dt",0.0641108554770495,0.0315423290730058,0.00221411043680313,0.126007600517296,"DT",1,283
"Weekly",0.05,"SameTimestamp",1000,"Weekly","LogLik_dt",1390.96205068197,NA,NA,NA,"DT",1,283
"Weekly",0.05,"SameTimestamp",1000,"Weekly","AIC_dt",1394.96205068197,NA,NA,NA,"DT",1,283
"Weekly",0.05,"SameTimestamp",1000,"Weekly","BIC_dt",1404.77756123993,NA,NA,NA,"DT",1,283
"Weekly",0.05,"SameTimestamp",1000,"Monthly","error_var_ct",1.92738697341395,0.884017016690056,0.192645833447478,3.66212811338041,"CT",1,283
"Weekly",0.05,"SameTimestamp",1000,"Monthly","beta_ct",-4.08821787429032,1.8705899923876,-7.75894972055528,-0.41748602802535,"CT",1,283
"Weekly",0.05,"SameTimestamp",1000,"Monthly","LogLik_ct",1392.50473651227,NA,NA,NA,"CT",1,283
"Weekly",0.05,"SameTimestamp",1000,"Monthly","AIC_ct",1396.50473651227,NA,NA,NA,"CT",1,283
"Weekly",0.05,"SameTimestamp",1000,"Monthly","BIC_ct",1406.32024707023,NA,NA,NA,"CT",1,283
"Weekly",0.05,"SameTimestamp",1000,"Monthly","error_var_dt",0.235658313390207,0.0105389690357897,0.214977282579658,0.256339344200757,"DT",1,283
"Weekly",0.05,"SameTimestamp",1000,"Monthly","beta_dt",0.0167690676154046,0.0316111862231902,-0.0452627985016428,0.078800933732452,"DT",1,283
"Weekly",0.05,"SameTimestamp",1000,"Monthly","LogLik_dt",1392.50473651227,NA,NA,NA,"DT",1,283
"Weekly",0.05,"SameTimestamp",1000,"Monthly","AIC_dt",1396.50473651227,NA,NA,NA,"DT",1,283
"Weekly",0.05,"SameTimestamp",1000,"Monthly","BIC_dt",1406.32024707023,NA,NA,NA,"DT",1,283
"Weekly",0.05,"SameTimestamp",1000,"Daily","error_var_ct",0.212379974514318,0.0118406358856999,0.189144631973974,0.235615317054663,"CT",1,284
"Weekly",0.05,"SameTimestamp",1000,"Daily","beta_ct",-0.467025809226621,0.039289016289558,-0.544124181338846,-0.389927437114396,"CT",1,284
"Weekly",0.05,"SameTimestamp",1000,"Daily","LogLik_ct",857.943539351852,NA,NA,NA,"CT",1,284
"Weekly",0.05,"SameTimestamp",1000,"Daily","AIC_ct",861.943539351852,NA,NA,NA,"CT",1,284
"Weekly",0.05,"SameTimestamp",1000,"Daily","BIC_ct",871.759049909817,NA,NA,NA,"CT",1,284
"Weekly",0.05,"SameTimestamp",1000,"Daily","error_var_dt",0.138026079251815,0.00617417611170252,0.125910252175916,0.150141906327714,"DT",1,284
"Weekly",0.05,"SameTimestamp",1000,"Daily","beta_dt",0.62686390812192,0.0246287117239208,0.578534024595663,0.675193791648178,"DT",1,284
"Weekly",0.05,"SameTimestamp",1000,"Daily","LogLik_dt",857.943539351852,NA,NA,NA,"DT",1,284
"Weekly",0.05,"SameTimestamp",1000,"Daily","AIC_dt",861.943539351852,NA,NA,NA,"DT",1,284
"Weekly",0.05,"SameTimestamp",1000,"Daily","BIC_dt",871.759049909816,NA,NA,NA,"DT",1,284
"Weekly",0.05,"SameTimestamp",1000,"Weekly","error_var_ct",1.28838454671175,0.220074986890413,0.856522799224332,1.72024629419917,"CT",1,284
"Weekly",0.05,"SameTimestamp",1000,"Weekly","beta_ct",-2.65701777628525,0.449873613668727,-3.53982234982,-1.77421320275051,"CT",1,284
"Weekly",0.05,"SameTimestamp",1000,"Weekly","LogLik_ct",1415.98352779793,NA,NA,NA,"CT",1,284
"Weekly",0.05,"SameTimestamp",1000,"Weekly","AIC_ct",1419.98352779793,NA,NA,NA,"CT",1,284
"Weekly",0.05,"SameTimestamp",1000,"Weekly","BIC_ct",1429.79903835589,NA,NA,NA,"CT",1,284
"Weekly",0.05,"SameTimestamp",1000,"Weekly","error_var_dt",0.24125603415947,0.0107893395373926,0.220083691528939,0.262428376790001,"DT",1,284
"Weekly",0.05,"SameTimestamp",1000,"Weekly","beta_dt",0.0701571949927092,0.0315892355907115,0.00816840345962352,0.132145986525795,"DT",1,284
"Weekly",0.05,"SameTimestamp",1000,"Weekly","LogLik_dt",1415.98352779794,NA,NA,NA,"DT",1,284
"Weekly",0.05,"SameTimestamp",1000,"Weekly","AIC_dt",1419.98352779794,NA,NA,NA,"DT",1,284
"Weekly",0.05,"SameTimestamp",1000,"Weekly","BIC_dt",1429.7990383559,NA,NA,NA,"DT",1,284
"Weekly",0.05,"SameTimestamp",1000,"Monthly","error_var_ct",10.9377594790161,56.5828577030543,-100.096993496527,121.972512454559,"CT",1,284
"Weekly",0.05,"SameTimestamp",1000,"Monthly","beta_ct",-21.7368599171837,112.449043091167,-242.400011776514,198.926291942146,"CT",1,284
"Weekly",0.05,"SameTimestamp",1000,"Monthly","LogLik_ct",1457.94534176718,NA,NA,NA,"CT",1,284
"Weekly",0.05,"SameTimestamp",1000,"Monthly","AIC_ct",1461.94534176718,NA,NA,NA,"CT",1,284
"Weekly",0.05,"SameTimestamp",1000,"Monthly","BIC_ct",1471.76085232514,NA,NA,NA,"CT",1,284
"Weekly",0.05,"SameTimestamp",1000,"Monthly","error_var_dt",0.251565388941779,0.0112503431582384,0.22948840088966,0.273642376993898,"DT",1,284
"Weekly",0.05,"SameTimestamp",1000,"Monthly","beta_dt",-0.0110020622412085,0.0316834970157206,-0.0731758266524038,0.0511717021699869,"DT",1,284
"Weekly",0.05,"SameTimestamp",1000,"Monthly","LogLik_dt",1457.82476616255,NA,NA,NA,"DT",1,284
"Weekly",0.05,"SameTimestamp",1000,"Monthly","AIC_dt",1461.82476616255,NA,NA,NA,"DT",1,284
"Weekly",0.05,"SameTimestamp",1000,"Monthly","BIC_dt",1471.64027672052,NA,NA,NA,"DT",1,284
"Weekly",0.05,"SameTimestamp",1000,"Daily","error_var_ct",0.185538027227698,0.00996544061891308,0.16598245364355,0.205093600811846,"CT",1,285
"Weekly",0.05,"SameTimestamp",1000,"Daily","beta_ct",-0.384626500890533,0.0340413280264214,-0.451427129240011,-0.317825872541055,"CT",1,285
"Weekly",0.05,"SameTimestamp",1000,"Daily","LogLik_ct",793.575305372151,NA,NA,NA,"CT",1,285
"Weekly",0.05,"SameTimestamp",1000,"Daily","AIC_ct",797.575305372151,NA,NA,NA,"CT",1,285
"Weekly",0.05,"SameTimestamp",1000,"Daily","BIC_ct",807.390815930115,NA,NA,NA,"CT",1,285
"Weekly",0.05,"SameTimestamp",1000,"Daily","error_var_dt",0.129433761675987,0.005789459284633,0.118072879464898,0.140794643887076,"DT",1,285
"Weekly",0.05,"SameTimestamp",1000,"Daily","beta_dt",0.680704824997787,0.0231718713029459,0.635233756364136,0.726175893631438,"DT",1,285
"Weekly",0.05,"SameTimestamp",1000,"Daily","LogLik_dt",793.575305372147,NA,NA,NA,"DT",1,285
"Weekly",0.05,"SameTimestamp",1000,"Daily","AIC_dt",797.575305372147,NA,NA,NA,"DT",1,285
"Weekly",0.05,"SameTimestamp",1000,"Daily","BIC_dt",807.390815930112,NA,NA,NA,"DT",1,285
"Weekly",0.05,"SameTimestamp",1000,"Weekly","error_var_ct",1.1017212511713,0.141721442615859,0.823615725735102,1.3798267766075,"CT",1,285
"Weekly",0.05,"SameTimestamp",1000,"Weekly","beta_ct",-2.18471569787341,0.279148099932946,-2.73249892371027,-1.63693247203656,"CT",1,285
"Weekly",0.05,"SameTimestamp",1000,"Weekly","LogLik_ct",1447.38176592975,NA,NA,NA,"CT",1,285
"Weekly",0.05,"SameTimestamp",1000,"Weekly","AIC_ct",1451.38176592975,NA,NA,NA,"CT",1,285
"Weekly",0.05,"SameTimestamp",1000,"Weekly","BIC_ct",1461.19727648771,NA,NA,NA,"CT",1,285
"Weekly",0.05,"SameTimestamp",1000,"Weekly","error_var_dt",0.248951192990164,0.0111334624429651,0.227103564533421,0.270798821446908,"DT",1,285
"Weekly",0.05,"SameTimestamp",1000,"Weekly","beta_dt",0.112509667033346,0.0314159584313784,0.0508609040418348,0.174158430024858,"DT",1,285
"Weekly",0.05,"SameTimestamp",1000,"Weekly","LogLik_dt",1447.38176592975,NA,NA,NA,"DT",1,285
"Weekly",0.05,"SameTimestamp",1000,"Weekly","AIC_dt",1451.38176592975,NA,NA,NA,"DT",1,285
"Weekly",0.05,"SameTimestamp",1000,"Weekly","BIC_dt",1461.19727648771,NA,NA,NA,"DT",1,285
"Weekly",0.05,"SameTimestamp",1000,"Monthly","error_var_ct",2.30412930084706,1.57538445078059,-0.787309174245931,5.39556777594006,"CT",1,285
"Weekly",0.05,"SameTimestamp",1000,"Monthly","beta_ct",-4.59982945789909,3.14124360717862,-10.7640145506618,1.56435563486364,"CT",1,285
"Weekly",0.05,"SameTimestamp",1000,"Monthly","LogLik_ct",1453.31255681453,NA,NA,NA,"CT",1,285
"Weekly",0.05,"SameTimestamp",1000,"Monthly","AIC_ct",1457.31255681453,NA,NA,NA,"CT",1,285
"Weekly",0.05,"SameTimestamp",1000,"Monthly","BIC_ct",1467.12806737249,NA,NA,NA,"CT",1,285
"Weekly",0.05,"SameTimestamp",1000,"Monthly","error_var_dt",0.250432829518372,0.0111996833711284,0.228455253146325,0.272410405890419,"DT",1,285
"Weekly",0.05,"SameTimestamp",1000,"Monthly","beta_dt",0.0100536752992342,0.0316091281240447,-0.0519741521294277,0.0720815027278962,"DT",1,285
"Weekly",0.05,"SameTimestamp",1000,"Monthly","LogLik_dt",1453.3125568145,NA,NA,NA,"DT",1,285
"Weekly",0.05,"SameTimestamp",1000,"Monthly","AIC_dt",1457.3125568145,NA,NA,NA,"DT",1,285
"Weekly",0.05,"SameTimestamp",1000,"Monthly","BIC_dt",1467.12806737247,NA,NA,NA,"DT",1,285
"Weekly",0.05,"SameTimestamp",1000,"Daily","error_var_ct",0.223263344459293,0.012227279045903,0.199269276935347,0.247257411983238,"CT",1,286
"Weekly",0.05,"SameTimestamp",1000,"Daily","beta_ct",-0.426422776707472,0.0367563320023834,-0.498551163463579,-0.354294389951364,"CT",1,286
"Weekly",0.05,"SameTimestamp",1000,"Daily","LogLik_ct",942.297401076934,NA,NA,NA,"CT",1,286
"Weekly",0.05,"SameTimestamp",1000,"Daily","AIC_ct",946.297401076934,NA,NA,NA,"CT",1,286
"Weekly",0.05,"SameTimestamp",1000,"Daily","BIC_ct",956.112911634898,NA,NA,NA,"CT",1,286
"Weekly",0.05,"SameTimestamp",1000,"Daily","error_var_dt",0.150212907915016,0.00671830707227711,0.137029311390095,0.163396504439938,"DT",1,286
"Weekly",0.05,"SameTimestamp",1000,"Daily","beta_dt",0.65284027866898,0.0239960315169787,0.60575192823847,0.699928629099489,"DT",1,286
"Weekly",0.05,"SameTimestamp",1000,"Daily","LogLik_dt",942.297401076934,NA,NA,NA,"DT",1,286
"Weekly",0.05,"SameTimestamp",1000,"Daily","AIC_dt",946.297401076934,NA,NA,NA,"DT",1,286
"Weekly",0.05,"SameTimestamp",1000,"Daily","BIC_dt",956.112911634898,NA,NA,NA,"DT",1,286
"Weekly",0.05,"SameTimestamp",1000,"Weekly","error_var_ct",1.52117693094521,0.330240461658255,0.873133166963058,2.16922069492736,"CT",1,286
"Weekly",0.05,"SameTimestamp",1000,"Weekly","beta_ct",-3.02849552704717,0.652643241569572,-4.30920286581637,-1.74778818827797,"CT",1,286
"Weekly",0.05,"SameTimestamp",1000,"Weekly","LogLik_ct",1453.80407102664,NA,NA,NA,"CT",1,286
"Weekly",0.05,"SameTimestamp",1000,"Weekly","AIC_ct",1457.80407102664,NA,NA,NA,"CT",1,286
"Weekly",0.05,"SameTimestamp",1000,"Weekly","BIC_ct",1467.6195815846,NA,NA,NA,"CT",1,286
"Weekly",0.05,"SameTimestamp",1000,"Weekly","error_var_dt",0.250555957287283,0.0112051961414329,0.228567562990624,0.272544351583942,"DT",1,286
"Weekly",0.05,"SameTimestamp",1000,"Weekly","beta_dt",0.0483883706276519,0.0315798410379851,-0.0135819856074718,0.110358726862776,"DT",1,286
"Weekly",0.05,"SameTimestamp",1000,"Weekly","LogLik_dt",1453.80407102663,NA,NA,NA,"DT",1,286
"Weekly",0.05,"SameTimestamp",1000,"Weekly","AIC_dt",1457.80407102663,NA,NA,NA,"DT",1,286
"Weekly",0.05,"SameTimestamp",1000,"Weekly","BIC_dt",1467.6195815846,NA,NA,NA,"DT",1,286
"Weekly",0.05,"SameTimestamp",1000,"Monthly","error_var_ct",2.251175153805,1.20097004911694,-0.105535308479185,4.60788561608919,"CT",1,286
"Weekly",0.05,"SameTimestamp",1000,"Monthly","beta_ct",-4.29058883409331,2.28474514674224,-8.77403352527408,0.192855857087458,"CT",1,286
"Weekly",0.05,"SameTimestamp",1000,"Monthly","LogLik_ct",1499.57052030311,NA,NA,NA,"CT",1,286
"Weekly",0.05,"SameTimestamp",1000,"Monthly","AIC_ct",1503.57052030311,NA,NA,NA,"CT",1,286
"Weekly",0.05,"SameTimestamp",1000,"Monthly","BIC_ct",1513.38603086107,NA,NA,NA,"CT",1,286
"Weekly",0.05,"SameTimestamp",1000,"Monthly","error_var_dt",0.262289464508671,0.0117299286169252,0.239271367168374,0.285307561848967,"DT",1,286
"Weekly",0.05,"SameTimestamp",1000,"Monthly","beta_dt",0.0136967836784285,0.0316054344677693,-0.0483237955441731,0.0757173629010302,"DT",1,286
"Weekly",0.05,"SameTimestamp",1000,"Monthly","LogLik_dt",1499.5705203031,NA,NA,NA,"DT",1,286
"Weekly",0.05,"SameTimestamp",1000,"Monthly","AIC_dt",1503.5705203031,NA,NA,NA,"DT",1,286
"Weekly",0.05,"SameTimestamp",1000,"Monthly","BIC_dt",1513.38603086106,NA,NA,NA,"DT",1,286
"Weekly",0.05,"SameTimestamp",1000,"Daily","error_var_ct",0.204895681344183,0.0113161618870929,0.182689534628182,0.227101828060183,"CT",1,287
"Weekly",0.05,"SameTimestamp",1000,"Daily","beta_ct",-0.446097670681546,0.0379579105994215,-0.520583962077306,-0.371611379285787,"CT",1,287
"Weekly",0.05,"SameTimestamp",1000,"Daily","LogLik_ct",839.6136849478,NA,NA,NA,"CT",1,287
"Weekly",0.05,"SameTimestamp",1000,"Daily","AIC_ct",843.6136849478,NA,NA,NA,"CT",1,287
"Weekly",0.05,"SameTimestamp",1000,"Daily","BIC_ct",853.429195505764,NA,NA,NA,"CT",1,287
"Weekly",0.05,"SameTimestamp",1000,"Daily","error_var_dt",0.135551734104224,0.0060626413508842,0.12365477604835,0.147448692160099,"DT",1,287
"Weekly",0.05,"SameTimestamp",1000,"Daily","beta_dt",0.640121245087879,0.0242974456779722,0.592441417869738,0.687801072306021,"DT",1,287
"Weekly",0.05,"SameTimestamp",1000,"Daily","LogLik_dt",839.613684947803,NA,NA,NA,"DT",1,287
"Weekly",0.05,"SameTimestamp",1000,"Daily","AIC_dt",843.613684947803,NA,NA,NA,"DT",1,287
"Weekly",0.05,"SameTimestamp",1000,"Daily","BIC_dt",853.429195505768,NA,NA,NA,"DT",1,287
"Weekly",0.05,"SameTimestamp",1000,"Weekly","error_var_ct",1.46373280567801,0.272940196532923,0.928131591293015,1.99933402006301,"CT",1,287
"Weekly",0.05,"SameTimestamp",1000,"Weekly","beta_ct",-2.79487577911415,0.516746448344981,-3.80890752957975,-1.78084402864855,"CT",1,287
"Weekly",0.05,"SameTimestamp",1000,"Weekly","LogLik_ct",1494.18920602472,NA,NA,NA,"CT",1,287
"Weekly",0.05,"SameTimestamp",1000,"Weekly","AIC_ct",1498.18920602472,NA,NA,NA,"CT",1,287
"Weekly",0.05,"SameTimestamp",1000,"Weekly","BIC_ct",1508.00471658268,NA,NA,NA,"CT",1,287
"Weekly",0.05,"SameTimestamp",1000,"Weekly","error_var_dt",0.260881776471593,0.0116669843693605,0.237987197088206,0.28377635585498,"DT",1,287
"Weekly",0.05,"SameTimestamp",1000,"Weekly","beta_dt",0.0611224294904826,0.0315501566687303,-0.000789675946762776,0.123034534927728,"DT",1,287
"Weekly",0.05,"SameTimestamp",1000,"Weekly","LogLik_dt",1494.18920602472,NA,NA,NA,"DT",1,287
"Weekly",0.05,"SameTimestamp",1000,"Weekly","AIC_dt",1498.18920602472,NA,NA,NA,"DT",1,287
"Weekly",0.05,"SameTimestamp",1000,"Weekly","BIC_dt",1508.00471658268,NA,NA,NA,"DT",1,287
"Weekly",0.05,"SameTimestamp",1000,"Monthly","error_var_ct",1.86472466673627,0.75790768585189,0.377452795130405,3.35199653834214,"CT",1,287
"Weekly",0.05,"SameTimestamp",1000,"Monthly","beta_ct",-3.92073250748851,1.58887274566571,-7.03863959076828,-0.802825424208729,"CT",1,287
"Weekly",0.05,"SameTimestamp",1000,"Monthly","LogLik_ct",1401.17191389059,NA,NA,NA,"CT",1,287
"Weekly",0.05,"SameTimestamp",1000,"Monthly","AIC_ct",1405.17191389059,NA,NA,NA,"CT",1,287
"Weekly",0.05,"SameTimestamp",1000,"Monthly","BIC_ct",1414.98742444855,NA,NA,NA,"CT",1,287
"Weekly",0.05,"SameTimestamp",1000,"Monthly","error_var_dt",0.237709686670274,0.0106306977960889,0.216848652928553,0.258570720411994,"DT",1,287
"Weekly",0.05,"SameTimestamp",1000,"Monthly","beta_dt",0.0198266454278281,0.031600177560729,-0.0421836179606441,0.0818369088163003,"DT",1,287
"Weekly",0.05,"SameTimestamp",1000,"Monthly","LogLik_dt",1401.17191389054,NA,NA,NA,"DT",1,287
"Weekly",0.05,"SameTimestamp",1000,"Monthly","AIC_dt",1405.17191389054,NA,NA,NA,"DT",1,287
"Weekly",0.05,"SameTimestamp",1000,"Monthly","BIC_dt",1414.9874244485,NA,NA,NA,"DT",1,287
"Weekly",0.05,"SameTimestamp",1000,"Daily","error_var_ct",0.198625382540936,0.0107487722344516,0.17753264671437,0.219718118367502,"CT",1,288
"Weekly",0.05,"SameTimestamp",1000,"Daily","beta_ct",-0.400697444036291,0.035086298981973,-0.469548659730177,-0.331846228342406,"CT",1,288
"Weekly",0.05,"SameTimestamp",1000,"Daily","LogLik_ct",847.641828222253,NA,NA,NA,"CT",1,288
"Weekly",0.05,"SameTimestamp",1000,"Daily","AIC_ct",851.641828222253,NA,NA,NA,"CT",1,288
"Weekly",0.05,"SameTimestamp",1000,"Daily","BIC_ct",861.457338780217,NA,NA,NA,"CT",1,288
"Weekly",0.05,"SameTimestamp",1000,"Daily","error_var_dt",0.136638804760988,0.00611139839002431,0.124646168861744,0.148631440660232,"DT",1,288
"Weekly",0.05,"SameTimestamp",1000,"Daily","beta_dt",0.669852709963419,0.023502666505819,0.62373250897542,0.715972910951417,"DT",1,288
"Weekly",0.05,"SameTimestamp",1000,"Daily","LogLik_dt",847.641828222245,NA,NA,NA,"DT",1,288
"Weekly",0.05,"SameTimestamp",1000,"Daily","AIC_dt",851.641828222245,NA,NA,NA,"DT",1,288
"Weekly",0.05,"SameTimestamp",1000,"Daily","BIC_dt",861.457338780209,NA,NA,NA,"DT",1,288
"Weekly",0.05,"SameTimestamp",1000,"Weekly","error_var_ct",2.09437084575202,0.979002631559546,0.173235721610822,4.01550596989321,"CT",1,288
"Weekly",0.05,"SameTimestamp",1000,"Weekly","beta_ct",-4.0989929965981,1.91153404997608,-7.85007096719654,-0.347915025999654,"CT",1,288
"Weekly",0.05,"SameTimestamp",1000,"Weekly","LogLik_ct",1472.96679420715,NA,NA,NA,"CT",1,288
"Weekly",0.05,"SameTimestamp",1000,"Weekly","AIC_ct",1476.96679420715,NA,NA,NA,"CT",1,288
"Weekly",0.05,"SameTimestamp",1000,"Weekly","BIC_ct",1486.78230476511,NA,NA,NA,"CT",1,288
"Weekly",0.05,"SameTimestamp",1000,"Weekly","error_var_dt",0.255403590768797,0.0114220075004919,0.23298973906909,0.277817442468505,"DT",1,288
"Weekly",0.05,"SameTimestamp",1000,"Weekly","beta_dt",0.0165896618424942,0.0316051955028485,-0.0454304484499044,0.0786097721348927,"DT",1,288
"Weekly",0.05,"SameTimestamp",1000,"Weekly","LogLik_dt",1472.96679420703,NA,NA,NA,"DT",1,288
"Weekly",0.05,"SameTimestamp",1000,"Weekly","AIC_dt",1476.96679420703,NA,NA,NA,"DT",1,288
"Weekly",0.05,"SameTimestamp",1000,"Weekly","BIC_dt",1486.78230476499,NA,NA,NA,"DT",1,288
"Weekly",0.05,"SameTimestamp",1000,"Monthly","error_var_ct",2.55197539600333,2.91103942064681,-3.16047102495817,8.26442181696483,"CT",1,288
"Weekly",0.05,"SameTimestamp",1000,"Monthly","beta_ct",-5.23743611882421,5.97140830783448,-16.9553640088593,6.48049177121089,"CT",1,288
"Weekly",0.05,"SameTimestamp",1000,"Monthly","LogLik_ct",1425.73730059382,NA,NA,NA,"CT",1,288
"Weekly",0.05,"SameTimestamp",1000,"Monthly","AIC_ct",1429.73730059382,NA,NA,NA,"CT",1,288
"Weekly",0.05,"SameTimestamp",1000,"Monthly","BIC_ct",1439.55281115178,NA,NA,NA,"CT",1,288
"Weekly",0.05,"SameTimestamp",1000,"Monthly","error_var_dt",0.2436214346719,0.0108950767581268,0.222241599760824,0.265001269582975,"DT",1,288
"Weekly",0.05,"SameTimestamp",1000,"Monthly","beta_dt",0.00531382925284075,0.0316080837273213,-0.0567119487153151,0.0673396072209966,"DT",1,288
"Weekly",0.05,"SameTimestamp",1000,"Monthly","LogLik_dt",1425.73730059382,NA,NA,NA,"DT",1,288
"Weekly",0.05,"SameTimestamp",1000,"Monthly","AIC_dt",1429.73730059382,NA,NA,NA,"DT",1,288
"Weekly",0.05,"SameTimestamp",1000,"Monthly","BIC_dt",1439.55281115178,NA,NA,NA,"DT",1,288
"Weekly",0.05,"SameTimestamp",1000,"Daily","error_var_ct",0.199071885407624,0.0108357173536624,0.177808533775744,0.220335237039505,"CT",1,289
"Weekly",0.05,"SameTimestamp",1000,"Daily","beta_ct",-0.413918645179029,0.0359029964561592,-0.484372498243722,-0.343464792114336,"CT",1,289
"Weekly",0.05,"SameTimestamp",1000,"Daily","LogLik_ct",838.466778388552,NA,NA,NA,"CT",1,289
"Weekly",0.05,"SameTimestamp",1000,"Daily","AIC_ct",842.466778388552,NA,NA,NA,"CT",1,289
"Weekly",0.05,"SameTimestamp",1000,"Daily","BIC_ct",852.282288946516,NA,NA,NA,"CT",1,289
"Weekly",0.05,"SameTimestamp",1000,"Daily","error_var_dt",0.13538746744866,0.00605551436910824,0.123504494947653,0.147270439949667,"DT",1,289
"Weekly",0.05,"SameTimestamp",1000,"Daily","beta_dt",0.661054721629914,0.0237341685712772,0.614480235091575,0.707629208168253,"DT",1,289
"Weekly",0.05,"SameTimestamp",1000,"Daily","LogLik_dt",838.466778388553,NA,NA,NA,"DT",1,289
"Weekly",0.05,"SameTimestamp",1000,"Daily","AIC_dt",842.466778388553,NA,NA,NA,"DT",1,289
"Weekly",0.05,"SameTimestamp",1000,"Daily","BIC_dt",852.282288946517,NA,NA,NA,"DT",1,289
"Weekly",0.05,"SameTimestamp",1000,"Weekly","error_var_ct",2.40948435719123,1.63752380472702,-0.803892600608143,5.62286131499061,"CT",1,289
"Weekly",0.05,"SameTimestamp",1000,"Weekly","beta_ct",-4.58457756068552,3.11191798064519,-10.691215830432,1.52206070906094,"CT",1,289
"Weekly",0.05,"SameTimestamp",1000,"Weekly","LogLik_ct",1501.34043137565,NA,NA,NA,"CT",1,289
"Weekly",0.05,"SameTimestamp",1000,"Weekly","AIC_ct",1505.34043137565,NA,NA,NA,"CT",1,289
"Weekly",0.05,"SameTimestamp",1000,"Weekly","BIC_ct",1515.15594193361,NA,NA,NA,"CT",1,289
"Weekly",0.05,"SameTimestamp",1000,"Weekly","error_var_dt",0.262754104928939,0.0117507229611015,0.239695202034405,0.285813007823473,"DT",1,289
"Weekly",0.05,"SameTimestamp",1000,"Weekly","beta_dt",0.0102080081329387,0.0316100628701086,-0.0518216535844553,0.0722376698503326,"DT",1,289
"Weekly",0.05,"SameTimestamp",1000,"Weekly","LogLik_dt",1501.34043137564,NA,NA,NA,"DT",1,289
"Weekly",0.05,"SameTimestamp",1000,"Weekly","AIC_dt",1505.34043137564,NA,NA,NA,"DT",1,289
"Weekly",0.05,"SameTimestamp",1000,"Weekly","BIC_dt",1515.15594193361,NA,NA,NA,"DT",1,289
"Weekly",0.05,"SameTimestamp",1000,"Monthly","error_var_ct",3.79352002832632,80.8900449273733,-154.940176382462,162.527216439115,"CT",1,289
"Weekly",0.05,"SameTimestamp",1000,"Monthly","beta_ct",-7.91283558279766,168.729085170411,-339.016513484783,323.190842319188,"CT",1,289
"Weekly",0.05,"SameTimestamp",1000,"Monthly","LogLik_ct",1409.53779415579,NA,NA,NA,"CT",1,289
"Weekly",0.05,"SameTimestamp",1000,"Monthly","AIC_ct",1413.53779415579,NA,NA,NA,"CT",1,289
"Weekly",0.05,"SameTimestamp",1000,"Monthly","BIC_ct",1423.35330471375,NA,NA,NA,"CT",1,289
"Weekly",0.05,"SameTimestamp",1000,"Monthly","error_var_dt",0.239706680928451,0.0107200141098796,0.218670378293624,0.260742983563278,"DT",1,289
"Weekly",0.05,"SameTimestamp",1000,"Monthly","beta_dt",0.000366242689245466,0.0316328237786131,-0.0617080836484218,0.0624405690269128,"DT",1,289
"Weekly",0.05,"SameTimestamp",1000,"Monthly","LogLik_dt",1409.53779415572,NA,NA,NA,"DT",1,289
"Weekly",0.05,"SameTimestamp",1000,"Monthly","AIC_dt",1413.53779415572,NA,NA,NA,"DT",1,289
"Weekly",0.05,"SameTimestamp",1000,"Monthly","BIC_dt",1423.35330471368,NA,NA,NA,"DT",1,289
"Weekly",0.05,"SameTimestamp",1000,"Daily","error_var_ct",0.224484619610797,0.0124735438872138,0.200007296964514,0.24896194225708,"CT",1,290
"Weekly",0.05,"SameTimestamp",1000,"Daily","beta_ct",-0.458997087413536,0.0388095200648581,-0.535154525344924,-0.382839649482148,"CT",1,290
"Weekly",0.05,"SameTimestamp",1000,"Daily","LogLik_ct",920.035329448535,NA,NA,NA,"CT",1,290
"Weekly",0.05,"SameTimestamp",1000,"Daily","AIC_ct",924.035329448535,NA,NA,NA,"CT",1,290
"Weekly",0.05,"SameTimestamp",1000,"Daily","BIC_ct",933.850840006499,NA,NA,NA,"CT",1,290
"Weekly",0.05,"SameTimestamp",1000,"Daily","error_var_dt",0.146889391809064,0.00657010146482404,0.133996624939644,0.159782158678483,"DT",1,290
"Weekly",0.05,"SameTimestamp",1000,"Daily","beta_dt",0.631917077525171,0.0245243452537983,0.583791996401963,0.680042158648379,"DT",1,290
"Weekly",0.05,"SameTimestamp",1000,"Daily","LogLik_dt",920.035329448534,NA,NA,NA,"DT",1,290
"Weekly",0.05,"SameTimestamp",1000,"Daily","AIC_dt",924.035329448534,NA,NA,NA,"DT",1,290
"Weekly",0.05,"SameTimestamp",1000,"Daily","BIC_dt",933.850840006499,NA,NA,NA,"DT",1,290
"Weekly",0.05,"SameTimestamp",1000,"Weekly","error_var_ct",1.68299713892261,0.569715718232231,0.565021720074412,2.8009725577708,"CT",1,290
"Weekly",0.05,"SameTimestamp",1000,"Weekly","beta_ct",-3.66421848820115,1.2353895800701,-6.08847174121843,-1.23996523518386,"CT",1,290
"Weekly",0.05,"SameTimestamp",1000,"Weekly","LogLik_ct",1366.03472152231,NA,NA,NA,"CT",1,290
"Weekly",0.05,"SameTimestamp",1000,"Weekly","AIC_ct",1370.03472152231,NA,NA,NA,"CT",1,290
"Weekly",0.05,"SameTimestamp",1000,"Weekly","BIC_ct",1379.85023208028,NA,NA,NA,"CT",1,290
"Weekly",0.05,"SameTimestamp",1000,"Weekly","error_var_dt",0.229502222134859,0.0102636441412491,0.209361472124791,0.249642972144927,"DT",1,290
"Weekly",0.05,"SameTimestamp",1000,"Weekly","beta_dt",0.0256243884853135,0.031601263145743,-0.0363880051890572,0.0876367821596842,"DT",1,290
"Weekly",0.05,"SameTimestamp",1000,"Weekly","LogLik_dt",1366.03472152222,NA,NA,NA,"DT",1,290
"Weekly",0.05,"SameTimestamp",1000,"Weekly","AIC_dt",1370.03472152222,NA,NA,NA,"DT",1,290
"Weekly",0.05,"SameTimestamp",1000,"Weekly","BIC_dt",1379.85023208019,NA,NA,NA,"DT",1,290
"Weekly",0.05,"SameTimestamp",1000,"Monthly","error_var_ct",10.4319175066435,157.089628734883,-297.831200152329,318.695035165616,"CT",1,290
"Weekly",0.05,"SameTimestamp",1000,"Monthly","beta_ct",-22.6352467187961,340.861469808035,-691.521030071034,646.250536633442,"CT",1,290
"Weekly",0.05,"SameTimestamp",1000,"Monthly","LogLik_ct",1370.0976490301,NA,NA,NA,"CT",1,290
"Weekly",0.05,"SameTimestamp",1000,"Monthly","AIC_ct",1374.0976490301,NA,NA,NA,"CT",1,290
"Weekly",0.05,"SameTimestamp",1000,"Monthly","BIC_ct",1383.91315958806,NA,NA,NA,"CT",1,290
"Weekly",0.05,"SameTimestamp",1000,"Monthly","error_var_dt",0.230258348997166,0.010297457070877,0.210051246553851,0.25046545144048,"DT",1,290
"Weekly",0.05,"SameTimestamp",1000,"Monthly","beta_dt",-0.0278000020552862,0.0315995089883622,-0.0898089534780747,0.0342089493675024,"DT",1,290
"Weekly",0.05,"SameTimestamp",1000,"Monthly","LogLik_dt",1369.32398829726,NA,NA,NA,"DT",1,290
"Weekly",0.05,"SameTimestamp",1000,"Monthly","AIC_dt",1373.32398829726,NA,NA,NA,"DT",1,290
"Weekly",0.05,"SameTimestamp",1000,"Monthly","BIC_dt",1383.13949885523,NA,NA,NA,"DT",1,290
"Weekly",0.05,"SameTimestamp",1000,"Daily","error_var_ct",0.194073892510546,0.0102569537960408,0.173946271226345,0.214201513794748,"CT",1,291
"Weekly",0.05,"SameTimestamp",1000,"Daily","beta_ct",-0.349813314208929,0.0318211016635572,-0.412257105598277,-0.28736952281958,"CT",1,291
"Weekly",0.05,"SameTimestamp",1000,"Daily","LogLik_ct",869.061103076387,NA,NA,NA,"CT",1,291
"Weekly",0.05,"SameTimestamp",1000,"Daily","AIC_ct",873.061103076387,NA,NA,NA,"CT",1,291
"Weekly",0.05,"SameTimestamp",1000,"Daily","BIC_ct",882.876613634351,NA,NA,NA,"CT",1,291
"Weekly",0.05,"SameTimestamp",1000,"Daily","error_var_dt",0.139593948852521,0.00624364173569147,0.127341806667895,0.151846091037147,"DT",1,291
"Weekly",0.05,"SameTimestamp",1000,"Daily","beta_dt",0.704819671559452,0.022428435513577,0.660807476029365,0.748831867089539,"DT",1,291
"Weekly",0.05,"SameTimestamp",1000,"Daily","LogLik_dt",869.061103076388,NA,NA,NA,"DT",1,291
"Weekly",0.05,"SameTimestamp",1000,"Daily","AIC_dt",873.061103076388,NA,NA,NA,"DT",1,291
"Weekly",0.05,"SameTimestamp",1000,"Daily","BIC_dt",882.876613634352,NA,NA,NA,"DT",1,291
"Weekly",0.05,"SameTimestamp",1000,"Weekly","error_var_ct",2.30774155829092,1.56206541221818,-0.75756044691202,5.37304356349386,"CT",1,291
"Weekly",0.05,"SameTimestamp",1000,"Weekly","beta_ct",-4.60459148776755,3.11299820615589,-10.7133495262498,1.50416655071466,"CT",1,291
"Weekly",0.05,"SameTimestamp",1000,"Weekly","LogLik_ct",1453.84530251157,NA,NA,NA,"CT",1,291
"Weekly",0.05,"SameTimestamp",1000,"Weekly","AIC_ct",1457.84530251157,NA,NA,NA,"CT",1,291
"Weekly",0.05,"SameTimestamp",1000,"Weekly","BIC_ct",1467.66081306953,NA,NA,NA,"CT",1,291
"Weekly",0.05,"SameTimestamp",1000,"Weekly","error_var_dt",0.250566285826584,0.0112056810093063,0.228576940054748,0.27255563159842,"DT",1,291
"Weekly",0.05,"SameTimestamp",1000,"Weekly","beta_dt",0.0100059074070133,0.0316069906173784,-0.0520177255087821,0.0720295403228086,"DT",1,291
"Weekly",0.05,"SameTimestamp",1000,"Weekly","LogLik_dt",1453.84530251155,NA,NA,NA,"DT",1,291
"Weekly",0.05,"SameTimestamp",1000,"Weekly","AIC_dt",1457.84530251155,NA,NA,NA,"DT",1,291
"Weekly",0.05,"SameTimestamp",1000,"Weekly","BIC_dt",1467.66081306951,NA,NA,NA,"DT",1,291
"Weekly",0.05,"SameTimestamp",1000,"Monthly","error_var_ct",11.1851205893128,53.1534846209429,-93.1200395644689,115.490280743094,"CT",1,291
"Weekly",0.05,"SameTimestamp",1000,"Monthly","beta_ct",-20.814556637258,98.9127762329312,-214.914963032176,173.28584975766,"CT",1,291
"Weekly",0.05,"SameTimestamp",1000,"Monthly","LogLik_ct",1523.65985872112,NA,NA,NA,"CT",1,291
"Weekly",0.05,"SameTimestamp",1000,"Monthly","AIC_ct",1527.65985872112,NA,NA,NA,"CT",1,291
"Weekly",0.05,"SameTimestamp",1000,"Monthly","BIC_ct",1537.47536927909,NA,NA,NA,"CT",1,291
"Weekly",0.05,"SameTimestamp",1000,"Monthly","error_var_dt",0.268676365016352,0.0120155457609295,0.245097789992222,0.292254940040482,"DT",1,291
"Weekly",0.05,"SameTimestamp",1000,"Monthly","beta_dt",-0.00552197655631287,0.0316088476575346,-0.0675492536145812,0.0565053005019555,"DT",1,291
"Weekly",0.05,"SameTimestamp",1000,"Monthly","LogLik_dt",1523.62934076645,NA,NA,NA,"DT",1,291
"Weekly",0.05,"SameTimestamp",1000,"Monthly","AIC_dt",1527.62934076645,NA,NA,NA,"DT",1,291
"Weekly",0.05,"SameTimestamp",1000,"Monthly","BIC_dt",1537.44485132441,NA,NA,NA,"DT",1,291
"Weekly",0.05,"SameTimestamp",1000,"Daily","error_var_ct",0.191760936835281,0.0103606335928779,0.171429860633854,0.212092013036708,"CT",1,292
"Weekly",0.05,"SameTimestamp",1000,"Daily","beta_ct",-0.398020688416657,0.0348716410366098,-0.466450672435347,-0.329590704397968,"CT",1,292
"Weekly",0.05,"SameTimestamp",1000,"Daily","LogLik_ct",814.820297452296,NA,NA,NA,"CT",1,292
"Weekly",0.05,"SameTimestamp",1000,"Daily","AIC_ct",818.820297452296,NA,NA,NA,"CT",1,292
"Weekly",0.05,"SameTimestamp",1000,"Daily","BIC_ct",828.63580801026,NA,NA,NA,"CT",1,292
"Weekly",0.05,"SameTimestamp",1000,"Daily","error_var_dt",0.132223565877981,0.00591399827770379,0.120618295933703,0.143828835822259,"DT",1,292
"Weekly",0.05,"SameTimestamp",1000,"Daily","beta_dt",0.671648141162201,0.0234216003683492,0.625687019423891,0.717609262900511,"DT",1,292
"Weekly",0.05,"SameTimestamp",1000,"Daily","LogLik_dt",814.820297452298,NA,NA,NA,"DT",1,292
"Weekly",0.05,"SameTimestamp",1000,"Daily","AIC_dt",818.820297452298,NA,NA,NA,"DT",1,292
"Weekly",0.05,"SameTimestamp",1000,"Daily","BIC_dt",828.635808010262,NA,NA,NA,"DT",1,292
"Weekly",0.05,"SameTimestamp",1000,"Weekly","error_var_ct",11.0531867686605,46.648543867689,-80.4870739265507,102.593447463872,"CT",1,292
"Weekly",0.05,"SameTimestamp",1000,"Weekly","beta_ct",-21.7350707043823,91.7287069069407,-201.737897101543,158.267755692779,"CT",1,292
"Weekly",0.05,"SameTimestamp",1000,"Weekly","LogLik_ct",1468.52525097235,NA,NA,NA,"CT",1,292
"Weekly",0.05,"SameTimestamp",1000,"Weekly","AIC_ct",1472.52525097235,NA,NA,NA,"CT",1,292
"Weekly",0.05,"SameTimestamp",1000,"Weekly","BIC_ct",1482.34076153031,NA,NA,NA,"CT",1,292
"Weekly",0.05,"SameTimestamp",1000,"Weekly","error_var_dt",0.254170175580672,0.0113668385308111,0.231864584106218,0.276475767055126,"DT",1,292
"Weekly",0.05,"SameTimestamp",1000,"Weekly","beta_dt",-0.0199766510406011,0.0316042698671684,-0.0819949449219301,0.0420416428407279,"DT",1,292
"Weekly",0.05,"SameTimestamp",1000,"Weekly","LogLik_dt",1468.12579696442,NA,NA,NA,"DT",1,292
"Weekly",0.05,"SameTimestamp",1000,"Weekly","AIC_dt",1472.12579696442,NA,NA,NA,"DT",1,292
"Weekly",0.05,"SameTimestamp",1000,"Weekly","BIC_dt",1481.94130752239,NA,NA,NA,"DT",1,292
"Weekly",0.05,"SameTimestamp",1000,"Monthly","error_var_ct",10.0892112067948,84.351614529496,-155.43725851524,175.615680928829,"CT",1,292
"Weekly",0.05,"SameTimestamp",1000,"Monthly","beta_ct",-17.8919520491978,149.588501898785,-311.43531536746,275.651411269064,"CT",1,292
"Weekly",0.05,"SameTimestamp",1000,"Monthly","LogLik_ct",1571.84125883091,NA,NA,NA,"CT",1,292
"Weekly",0.05,"SameTimestamp",1000,"Monthly","AIC_ct",1575.84125883091,NA,NA,NA,"CT",1,292
"Weekly",0.05,"SameTimestamp",1000,"Monthly","BIC_ct",1585.65676938887,NA,NA,NA,"CT",1,292
"Weekly",0.05,"SameTimestamp",1000,"Monthly","error_var_dt",0.281934791751792,0.0126084881138479,0.257192662775853,0.306676920727731,"DT",1,292
"Weekly",0.05,"SameTimestamp",1000,"Monthly","beta_dt",-0.00661730846123882,0.0316658836870876,-0.0687565095493143,0.0555218926268366,"DT",1,292
"Weekly",0.05,"SameTimestamp",1000,"Monthly","LogLik_dt",1571.79758971296,NA,NA,NA,"DT",1,292
"Weekly",0.05,"SameTimestamp",1000,"Monthly","AIC_dt",1575.79758971296,NA,NA,NA,"DT",1,292
"Weekly",0.05,"SameTimestamp",1000,"Monthly","BIC_dt",1585.61310027093,NA,NA,NA,"DT",1,292
"Weekly",0.05,"SameTimestamp",1000,"Daily","error_var_ct",0.206281277351508,0.0109947170787706,0.184705914345207,0.227856640357809,"CT",1,293
"Weekly",0.05,"SameTimestamp",1000,"Daily","beta_ct",-0.368274633630971,0.0329834628094134,-0.432999371722867,-0.303549895539075,"CT",1,293
"Weekly",0.05,"SameTimestamp",1000,"Daily","LogLik_ct",913.888976619334,NA,NA,NA,"CT",1,293
"Weekly",0.05,"SameTimestamp",1000,"Daily","AIC_ct",917.888976619334,NA,NA,NA,"CT",1,293
"Weekly",0.05,"SameTimestamp",1000,"Daily","BIC_ct",927.704487177299,NA,NA,NA,"CT",1,293
"Weekly",0.05,"SameTimestamp",1000,"Daily","error_var_dt",0.145979925636647,0.00652962276731023,0.1331665916973,0.158793259575994,"DT",1,293
"Weekly",0.05,"SameTimestamp",1000,"Daily","beta_dt",0.691927106903876,0.0228224514961685,0.647141718412679,0.736712495395072,"DT",1,293
"Weekly",0.05,"SameTimestamp",1000,"Daily","LogLik_dt",913.888976619334,NA,NA,NA,"DT",1,293
"Weekly",0.05,"SameTimestamp",1000,"Daily","AIC_dt",917.888976619334,NA,NA,NA,"DT",1,293
"Weekly",0.05,"SameTimestamp",1000,"Daily","BIC_dt",927.704487177298,NA,NA,NA,"DT",1,293
"Weekly",0.05,"SameTimestamp",1000,"Weekly","error_var_ct",1.09268579631119,0.139036390614792,0.819849253350734,1.36552233927164,"CT",1,293
"Weekly",0.05,"SameTimestamp",1000,"Weekly","beta_ct",-2.16406544129574,0.273606012756004,-2.70097321287594,-1.62715766971555,"CT",1,293
"Weekly",0.05,"SameTimestamp",1000,"Weekly","LogLik_ct",1448.10466960378,NA,NA,NA,"CT",1,293
"Weekly",0.05,"SameTimestamp",1000,"Weekly","AIC_ct",1452.10466960378,NA,NA,NA,"CT",1,293
"Weekly",0.05,"SameTimestamp",1000,"Weekly","BIC_ct",1461.92018016174,NA,NA,NA,"CT",1,293
"Weekly",0.05,"SameTimestamp",1000,"Weekly","error_var_dt",0.249130841095798,0.0111415126763825,0.22726741535141,0.270994266840187,"DT",1,293
"Weekly",0.05,"SameTimestamp",1000,"Weekly","beta_dt",0.114857225968188,0.031410261006753,0.0532196432556791,0.176494808680697,"DT",1,293
"Weekly",0.05,"SameTimestamp",1000,"Weekly","LogLik_dt",1448.10466960377,NA,NA,NA,"DT",1,293
"Weekly",0.05,"SameTimestamp",1000,"Weekly","AIC_dt",1452.10466960377,NA,NA,NA,"DT",1,293
"Weekly",0.05,"SameTimestamp",1000,"Weekly","BIC_dt",1461.92018016174,NA,NA,NA,"DT",1,293
"Weekly",0.05,"SameTimestamp",1000,"Monthly","error_var_ct",2.24092247415666,1.22519388519813,-0.163323368357169,4.64516831667048,"CT",1,293
"Weekly",0.05,"SameTimestamp",1000,"Monthly","beta_ct",-4.31194219222723,2.35326702765466,-8.92985004821416,0.305965663759705,"CT",1,293
"Weekly",0.05,"SameTimestamp",1000,"Monthly","LogLik_ct",1490.04911590806,NA,NA,NA,"CT",1,293
"Weekly",0.05,"SameTimestamp",1000,"Monthly","AIC_ct",1494.04911590806,NA,NA,NA,"CT",1,293
"Weekly",0.05,"SameTimestamp",1000,"Monthly","BIC_ct",1503.86462646602,NA,NA,NA,"CT",1,293
"Weekly",0.05,"SameTimestamp",1000,"Monthly","error_var_dt",0.259803942003471,0.0116187599298513,0.237003995322384,0.282603888684558,"DT",1,293
"Weekly",0.05,"SameTimestamp",1000,"Monthly","beta_dt",0.0134073970932879,0.0316106424700208,-0.0486234019956649,0.0754381961822407,"DT",1,293
"Weekly",0.05,"SameTimestamp",1000,"Monthly","LogLik_dt",1490.04911590802,NA,NA,NA,"DT",1,293
"Weekly",0.05,"SameTimestamp",1000,"Monthly","AIC_dt",1494.04911590802,NA,NA,NA,"DT",1,293
"Weekly",0.05,"SameTimestamp",1000,"Monthly","BIC_dt",1503.86462646599,NA,NA,NA,"DT",1,293
"Weekly",0.05,"SameTimestamp",1000,"Daily","error_var_ct",0.206288133852368,0.0115033857517475,0.183714590429893,0.228861677274844,"CT",1,294
"Weekly",0.05,"SameTimestamp",1000,"Daily","beta_ct",-0.467639766846706,0.039334738422442,-0.544827861287148,-0.390451672406264,"CT",1,294
"Weekly",0.05,"SameTimestamp",1000,"Daily","LogLik_ct",828.07523605309,NA,NA,NA,"CT",1,294
"Weekly",0.05,"SameTimestamp",1000,"Daily","AIC_ct",832.07523605309,NA,NA,NA,"CT",1,294
"Weekly",0.05,"SameTimestamp",1000,"Daily","BIC_ct",841.890746611054,NA,NA,NA,"CT",1,294
"Weekly",0.05,"SameTimestamp",1000,"Daily","error_var_dt",0.133997300148842,0.00599310060061526,0.122236804624931,0.145757795672754,"DT",1,294
"Weekly",0.05,"SameTimestamp",1000,"Daily","beta_dt",0.626479000162797,0.0246426872108679,0.57812169199233,0.674836308333264,"DT",1,294
"Weekly",0.05,"SameTimestamp",1000,"Daily","LogLik_dt",828.07523605312,NA,NA,NA,"DT",1,294
"Weekly",0.05,"SameTimestamp",1000,"Daily","AIC_dt",832.07523605312,NA,NA,NA,"DT",1,294
"Weekly",0.05,"SameTimestamp",1000,"Daily","BIC_dt",841.890746611085,NA,NA,NA,"DT",1,294
"Weekly",0.05,"SameTimestamp",1000,"Weekly","error_var_ct",1.63154817805845,0.459334413757185,0.73017830677424,2.53291804934266,"CT",1,294
"Weekly",0.05,"SameTimestamp",1000,"Weekly","beta_ct",-3.40286400020004,0.952938854519979,-5.27285315606255,-1.53287484433754,"CT",1,294
"Weekly",0.05,"SameTimestamp",1000,"Weekly","LogLik_ct",1408.5340595966,NA,NA,NA,"CT",1,294
"Weekly",0.05,"SameTimestamp",1000,"Weekly","AIC_ct",1412.5340595966,NA,NA,NA,"CT",1,294
"Weekly",0.05,"SameTimestamp",1000,"Weekly","BIC_ct",1422.34957015457,NA,NA,NA,"CT",1,294
"Weekly",0.05,"SameTimestamp",1000,"Weekly","error_var_dt",0.2394661944602,0.0107092534211267,0.218451007945449,0.26048138097495,"DT",1,294
"Weekly",0.05,"SameTimestamp",1000,"Weekly","beta_dt",0.0332780001967721,0.0315935554104643,-0.0287192682874366,0.0952752686809808,"DT",1,294
"Weekly",0.05,"SameTimestamp",1000,"Weekly","LogLik_dt",1408.53405959654,NA,NA,NA,"DT",1,294
"Weekly",0.05,"SameTimestamp",1000,"Weekly","AIC_dt",1412.53405959654,NA,NA,NA,"DT",1,294
"Weekly",0.05,"SameTimestamp",1000,"Weekly","BIC_dt",1422.3495701545,NA,NA,NA,"DT",1,294
"Weekly",0.05,"SameTimestamp",1000,"Monthly","error_var_ct",8.76722732468384,43.2689357353943,-76.1410962546468,93.6755509040145,"CT",1,294
"Weekly",0.05,"SameTimestamp",1000,"Monthly","beta_ct",-17.9476441484409,88.5780421763241,-191.767798014132,155.87250971725,"CT",1,294
"Weekly",0.05,"SameTimestamp",1000,"Monthly","LogLik_ct",1428.30038262107,NA,NA,NA,"CT",1,294
"Weekly",0.05,"SameTimestamp",1000,"Monthly","AIC_ct",1432.30038262107,NA,NA,NA,"CT",1,294
"Weekly",0.05,"SameTimestamp",1000,"Monthly","BIC_ct",1442.11589317904,NA,NA,NA,"CT",1,294
"Weekly",0.05,"SameTimestamp",1000,"Monthly","error_var_dt",0.244106469821617,0.0109167599044021,0.22268408522521,0.265528854418024,"DT",1,294
"Weekly",0.05,"SameTimestamp",1000,"Monthly","beta_dt",-0.0239461898642737,0.031598708076348,-0.0859535696261164,0.0380611898975691,"DT",1,294
"Weekly",0.05,"SameTimestamp",1000,"Monthly","LogLik_dt",1427.72626802589,NA,NA,NA,"DT",1,294
"Weekly",0.05,"SameTimestamp",1000,"Monthly","AIC_dt",1431.72626802589,NA,NA,NA,"DT",1,294
"Weekly",0.05,"SameTimestamp",1000,"Monthly","BIC_dt",1441.54177858386,NA,NA,NA,"DT",1,294
"Weekly",0.05,"SameTimestamp",1000,"Daily","error_var_ct",0.227062428302811,0.0125856759068911,0.202365064612104,0.251759791993519,"CT",1,295
"Weekly",0.05,"SameTimestamp",1000,"Daily","beta_ct",-0.454038576513398,0.0384675642299301,-0.52952498114599,-0.378552171880806,"CT",1,295
"Weekly",0.05,"SameTimestamp",1000,"Daily","LogLik_ct",935.631966678772,NA,NA,NA,"CT",1,295
"Weekly",0.05,"SameTimestamp",1000,"Daily","AIC_ct",939.631966678772,NA,NA,NA,"CT",1,295
"Weekly",0.05,"SameTimestamp",1000,"Daily","BIC_ct",949.447477236737,NA,NA,NA,"CT",1,295
"Weekly",0.05,"SameTimestamp",1000,"Daily","error_var_dt",0.149203658614035,0.00667347244086672,0.136108042838504,0.162299274389566,"DT",1,295
"Weekly",0.05,"SameTimestamp",1000,"Daily","beta_dt",0.635058239190225,0.024429272818969,0.587119722421392,0.682996755959058,"DT",1,295
"Weekly",0.05,"SameTimestamp",1000,"Daily","LogLik_dt",935.631966678714,NA,NA,NA,"DT",1,295
"Weekly",0.05,"SameTimestamp",1000,"Daily","AIC_dt",939.631966678714,NA,NA,NA,"DT",1,295
"Weekly",0.05,"SameTimestamp",1000,"Daily","BIC_dt",949.447477236678,NA,NA,NA,"DT",1,295
"Weekly",0.05,"SameTimestamp",1000,"Weekly","error_var_ct",1.35984134534566,0.246439550646436,0.876243384050862,1.84343930664046,"CT",1,295
"Weekly",0.05,"SameTimestamp",1000,"Weekly","beta_ct",-2.75230408692789,0.494482795127249,-3.72264700060237,-1.78196117325341,"CT",1,295
"Weekly",0.05,"SameTimestamp",1000,"Weekly","LogLik_ct",1435.58404559029,NA,NA,NA,"CT",1,295
"Weekly",0.05,"SameTimestamp",1000,"Weekly","AIC_ct",1439.58404559029,NA,NA,NA,"CT",1,295
"Weekly",0.05,"SameTimestamp",1000,"Weekly","BIC_ct",1449.39955614825,NA,NA,NA,"CT",1,295
"Weekly",0.05,"SameTimestamp",1000,"Weekly","error_var_dt",0.246031969315342,0.0110029030130605,0.224440542730271,0.267623395900414,"DT",1,295
"Weekly",0.05,"SameTimestamp",1000,"Weekly","beta_dt",0.0637808424559335,0.0315460848990714,0.00187672721141804,0.125684957700449,"DT",1,295
"Weekly",0.05,"SameTimestamp",1000,"Weekly","LogLik_dt",1435.5840455903,NA,NA,NA,"DT",1,295
"Weekly",0.05,"SameTimestamp",1000,"Weekly","AIC_dt",1439.5840455903,NA,NA,NA,"DT",1,295
"Weekly",0.05,"SameTimestamp",1000,"Weekly","BIC_dt",1449.39955614826,NA,NA,NA,"DT",1,295
"Weekly",0.05,"SameTimestamp",1000,"Monthly","error_var_ct",3.68469461789995,13.6934916606435,-23.1865792207513,30.5559684565512,"CT",1,295
"Weekly",0.05,"SameTimestamp",1000,"Monthly","beta_ct",-7.60770403254606,28.2723352207572,-63.0876123424628,47.8722042773706,"CT",1,295
"Weekly",0.05,"SameTimestamp",1000,"Monthly","LogLik_ct",1419.75572880044,NA,NA,NA,"CT",1,295
"Weekly",0.05,"SameTimestamp",1000,"Monthly","AIC_ct",1423.75572880044,NA,NA,NA,"CT",1,295
"Weekly",0.05,"SameTimestamp",1000,"Monthly","BIC_ct",1433.5712393584,NA,NA,NA,"CT",1,295
"Weekly",0.05,"SameTimestamp",1000,"Monthly","error_var_dt",0.242168545066022,0.0108300993740949,0.220916217815002,0.263420872317042,"DT",1,295
"Weekly",0.05,"SameTimestamp",1000,"Monthly","beta_dt",0.000497030083973251,0.0316588012486135,-0.0616282728582968,0.0626223330262433,"DT",1,295
"Weekly",0.05,"SameTimestamp",1000,"Monthly","LogLik_dt",1419.75572880023,NA,NA,NA,"DT",1,295
"Weekly",0.05,"SameTimestamp",1000,"Monthly","AIC_dt",1423.75572880023,NA,NA,NA,"DT",1,295
"Weekly",0.05,"SameTimestamp",1000,"Monthly","BIC_dt",1433.57123935819,NA,NA,NA,"DT",1,295
"Weekly",0.05,"SameTimestamp",1000,"Daily","error_var_ct",0.21647322911122,0.01193783400928,0.193047150894391,0.239899307328048,"CT",1,296
"Weekly",0.05,"SameTimestamp",1000,"Daily","beta_ct",-0.440868444357352,0.0376851128672947,-0.514819414102199,-0.366917474612505,"CT",1,296
"Weekly",0.05,"SameTimestamp",1000,"Daily","LogLik_ct",899.672920063927,NA,NA,NA,"CT",1,296
"Weekly",0.05,"SameTimestamp",1000,"Daily","AIC_ct",903.672920063927,NA,NA,NA,"CT",1,296
"Weekly",0.05,"SameTimestamp",1000,"Daily","BIC_ct",913.488430621891,NA,NA,NA,"CT",1,296
"Weekly",0.05,"SameTimestamp",1000,"Daily","error_var_dt",0.143852025887056,0.00643622811173374,0.131221963930288,0.156482087843825,"DT",1,296
"Weekly",0.05,"SameTimestamp",1000,"Daily","beta_dt",0.643477334376536,0.0242493401025367,0.595891906609077,0.691062762143995,"DT",1,296
"Weekly",0.05,"SameTimestamp",1000,"Daily","LogLik_dt",899.672920063933,NA,NA,NA,"DT",1,296
"Weekly",0.05,"SameTimestamp",1000,"Daily","AIC_dt",903.672920063933,NA,NA,NA,"DT",1,296
"Weekly",0.05,"SameTimestamp",1000,"Daily","BIC_dt",913.488430621897,NA,NA,NA,"DT",1,296
"Weekly",0.05,"SameTimestamp",1000,"Weekly","error_var_ct",1.10962248519516,0.153186560851382,0.809018510179098,1.41022646021122,"CT",1,296
"Weekly",0.05,"SameTimestamp",1000,"Weekly","beta_ct",-2.30456467014626,0.315597048781569,-2.92387309276381,-1.68525624752871,"CT",1,296
"Weekly",0.05,"SameTimestamp",1000,"Weekly","LogLik_ct",1403.86386620414,NA,NA,NA,"CT",1,296
"Weekly",0.05,"SameTimestamp",1000,"Weekly","AIC_ct",1407.86386620414,NA,NA,NA,"CT",1,296
"Weekly",0.05,"SameTimestamp",1000,"Weekly","BIC_ct",1417.67937676211,NA,NA,NA,"CT",1,296
"Weekly",0.05,"SameTimestamp",1000,"Weekly","error_var_dt",0.238346557242247,0.0106593403917395,0.217429317015705,0.259263797468789,"DT",1,296
"Weekly",0.05,"SameTimestamp",1000,"Weekly","beta_dt",0.0998022885361155,0.031485223691078,0.0380176036185516,0.161586973453679,"DT",1,296
"Weekly",0.05,"SameTimestamp",1000,"Weekly","LogLik_dt",1403.86386620414,NA,NA,NA,"DT",1,296
"Weekly",0.05,"SameTimestamp",1000,"Weekly","AIC_dt",1407.86386620414,NA,NA,NA,"DT",1,296
"Weekly",0.05,"SameTimestamp",1000,"Weekly","BIC_dt",1417.6793767621,NA,NA,NA,"DT",1,296
"Weekly",0.05,"SameTimestamp",1000,"Monthly","error_var_ct",9.7070296424396,84.7208206495227,-156.543947677804,175.958006962683,"CT",1,296
"Weekly",0.05,"SameTimestamp",1000,"Monthly","beta_ct",-18.7901075009258,163.99570660053,-340.605291650888,303.025076649036,"CT",1,296
"Weekly",0.05,"SameTimestamp",1000,"Monthly","LogLik_ct",1484.25133108763,NA,NA,NA,"CT",1,296
"Weekly",0.05,"SameTimestamp",1000,"Monthly","AIC_ct",1488.25133108763,NA,NA,NA,"CT",1,296
"Weekly",0.05,"SameTimestamp",1000,"Monthly","BIC_ct",1498.06684164559,NA,NA,NA,"CT",1,296
"Weekly",0.05,"SameTimestamp",1000,"Monthly","error_var_dt",0.258176028962701,0.0115459975963853,0.235518866652186,0.280833191273216,"DT",1,296
"Weekly",0.05,"SameTimestamp",1000,"Monthly","beta_dt",-0.0220827673468084,0.0316331637535394,-0.0841577608305602,0.0399922261369434,"DT",1,296
"Weekly",0.05,"SameTimestamp",1000,"Monthly","LogLik_dt",1483.76411640339,NA,NA,NA,"DT",1,296
"Weekly",0.05,"SameTimestamp",1000,"Monthly","AIC_dt",1487.76411640339,NA,NA,NA,"DT",1,296
"Weekly",0.05,"SameTimestamp",1000,"Monthly","BIC_dt",1497.57962696136,NA,NA,NA,"DT",1,296
"Weekly",0.05,"SameTimestamp",1000,"Daily","error_var_ct",0.223450295943219,0.0121929939601118,0.199523507383011,0.247377084503427,"CT",1,297
"Weekly",0.05,"SameTimestamp",1000,"Daily","beta_ct",-0.419844783627696,0.0362640461544585,-0.491007138625483,-0.34868242862991,"CT",1,297
"Weekly",0.05,"SameTimestamp",1000,"Daily","LogLik_ct",948.800334036319,NA,NA,NA,"CT",1,297
"Weekly",0.05,"SameTimestamp",1000,"Daily","AIC_ct",952.800334036319,NA,NA,NA,"CT",1,297
"Weekly",0.05,"SameTimestamp",1000,"Daily","BIC_ct",962.615844594283,NA,NA,NA,"CT",1,297
"Weekly",0.05,"SameTimestamp",1000,"Daily","error_var_dt",0.151192191186364,0.00676212461904944,0.137922609776984,0.164461772595743,"DT",1,297
"Weekly",0.05,"SameTimestamp",1000,"Daily","beta_dt",0.65714881694499,0.0238311169706313,0.610384084773775,0.703913549116206,"DT",1,297
"Weekly",0.05,"SameTimestamp",1000,"Daily","LogLik_dt",948.80033403632,NA,NA,NA,"DT",1,297
"Weekly",0.05,"SameTimestamp",1000,"Daily","AIC_dt",952.80033403632,NA,NA,NA,"DT",1,297
"Weekly",0.05,"SameTimestamp",1000,"Daily","BIC_dt",962.615844594285,NA,NA,NA,"DT",1,297
"Weekly",0.05,"SameTimestamp",1000,"Weekly","error_var_ct",1.94766096333768,0.838256467870043,0.302717536680787,3.59260438999457,"CT",1,297
"Weekly",0.05,"SameTimestamp",1000,"Weekly","beta_ct",-3.99234916506124,1.7136158839967,-7.35504458375286,-0.629653746369619,"CT",1,297
"Weekly",0.05,"SameTimestamp",1000,"Weekly","LogLik_ct",1426.63852235208,NA,NA,NA,"CT",1,297
"Weekly",0.05,"SameTimestamp",1000,"Weekly","AIC_ct",1430.63852235208,NA,NA,NA,"CT",1,297
"Weekly",0.05,"SameTimestamp",1000,"Weekly","BIC_ct",1440.45403291005,NA,NA,NA,"CT",1,297
"Weekly",0.05,"SameTimestamp",1000,"Weekly","error_var_dt",0.243841088725279,0.0109049088831652,0.222441959850993,0.265240217599565,"DT",1,297
"Weekly",0.05,"SameTimestamp",1000,"Weekly","beta_dt",0.0184562782210395,0.0316134878920223,-0.0435801045507084,0.0804926609927874,"DT",1,297
"Weekly",0.05,"SameTimestamp",1000,"Weekly","LogLik_dt",1426.63852235208,NA,NA,NA,"DT",1,297
"Weekly",0.05,"SameTimestamp",1000,"Weekly","AIC_dt",1430.63852235208,NA,NA,NA,"DT",1,297
"Weekly",0.05,"SameTimestamp",1000,"Weekly","BIC_dt",1440.45403291005,NA,NA,NA,"DT",1,297
"Weekly",0.05,"SameTimestamp",1000,"Monthly","error_var_ct",1.61959815249755,0.436654199174284,0.762734552650899,2.47646175234421,"CT",1,297
"Weekly",0.05,"SameTimestamp",1000,"Monthly","beta_ct",-3.34273286806649,0.896172072474605,-5.10132634902861,-1.58413938710438,"CT",1,297
"Weekly",0.05,"SameTimestamp",1000,"Monthly","LogLik_ct",1418.86921930502,NA,NA,NA,"CT",1,297
"Weekly",0.05,"SameTimestamp",1000,"Monthly","AIC_ct",1422.86921930502,NA,NA,NA,"CT",1,297
"Weekly",0.05,"SameTimestamp",1000,"Monthly","BIC_ct",1432.68472986299,NA,NA,NA,"CT",1,297
"Weekly",0.05,"SameTimestamp",1000,"Monthly","error_var_dt",0.241953950163405,0.0108204870516787,0.220720485548319,0.26318741477849,"DT",1,297
"Weekly",0.05,"SameTimestamp",1000,"Monthly","beta_dt",0.0353401830550943,0.0315992666452722,-0.0266682928083778,0.0973486589185663,"DT",1,297
"Weekly",0.05,"SameTimestamp",1000,"Monthly","LogLik_dt",1418.86921930496,NA,NA,NA,"DT",1,297
"Weekly",0.05,"SameTimestamp",1000,"Monthly","AIC_dt",1422.86921930496,NA,NA,NA,"DT",1,297
"Weekly",0.05,"SameTimestamp",1000,"Monthly","BIC_dt",1432.68472986292,NA,NA,NA,"DT",1,297
"Weekly",0.05,"SameTimestamp",1000,"Daily","error_var_ct",0.209197702549619,0.0113019931029502,0.187019359792469,0.231376045306769,"CT",1,298
"Weekly",0.05,"SameTimestamp",1000,"Daily","beta_ct",-0.394708801465444,0.0348240077300008,-0.463045312785025,-0.326372290145862,"CT",1,298
"Weekly",0.05,"SameTimestamp",1000,"Daily","LogLik_ct",904.705747439362,NA,NA,NA,"CT",1,298
"Weekly",0.05,"SameTimestamp",1000,"Daily","AIC_ct",908.705747439362,NA,NA,NA,"CT",1,298
"Weekly",0.05,"SameTimestamp",1000,"Daily","BIC_ct",918.521257997326,NA,NA,NA,"CT",1,298
"Weekly",0.05,"SameTimestamp",1000,"Daily","error_var_dt",0.144662473683741,0.00647027855553403,0.131965593210383,0.157359354157098,"DT",1,298
"Weekly",0.05,"SameTimestamp",1000,"Daily","beta_dt",0.673876243197772,0.0234672627397051,0.627825516403627,0.719926969991916,"DT",1,298
"Weekly",0.05,"SameTimestamp",1000,"Daily","LogLik_dt",904.705747439363,NA,NA,NA,"DT",1,298
"Weekly",0.05,"SameTimestamp",1000,"Daily","AIC_dt",908.705747439363,NA,NA,NA,"DT",1,298
"Weekly",0.05,"SameTimestamp",1000,"Daily","BIC_dt",918.521257997328,NA,NA,NA,"DT",1,298
"Weekly",0.05,"SameTimestamp",1000,"Weekly","error_var_ct",1.28204607864968,0.205415490756985,0.878951233330111,1.68514092396924,"CT",1,298
"Weekly",0.05,"SameTimestamp",1000,"Weekly","beta_ct",-2.55425469550005,0.405588525282721,-3.35015690939708,-1.75835248160302,"CT",1,298
"Weekly",0.05,"SameTimestamp",1000,"Weekly","LogLik_ct",1449.36369269639,NA,NA,NA,"CT",1,298
"Weekly",0.05,"SameTimestamp",1000,"Weekly","AIC_ct",1453.36369269639,NA,NA,NA,"CT",1,298
"Weekly",0.05,"SameTimestamp",1000,"Weekly","BIC_ct",1463.17920325436,NA,NA,NA,"CT",1,298
"Weekly",0.05,"SameTimestamp",1000,"Weekly","error_var_dt",0.24944572145441,0.0111555671906139,0.227554715987483,0.271336726921336,"DT",1,298
"Weekly",0.05,"SameTimestamp",1000,"Weekly","beta_dt",0.0777502435286645,0.0315325557556114,0.0158726770510906,0.139627810006238,"DT",1,298
"Weekly",0.05,"SameTimestamp",1000,"Weekly","LogLik_dt",1449.36369269638,NA,NA,NA,"DT",1,298
"Weekly",0.05,"SameTimestamp",1000,"Weekly","AIC_dt",1453.36369269638,NA,NA,NA,"DT",1,298
"Weekly",0.05,"SameTimestamp",1000,"Weekly","BIC_dt",1463.17920325434,NA,NA,NA,"DT",1,298
"Weekly",0.05,"SameTimestamp",1000,"Monthly","error_var_ct",11.5204137239489,157.03480323515,-296.635117714271,319.675945162169,"CT",1,298
"Weekly",0.05,"SameTimestamp",1000,"Monthly","beta_ct",-22.0386570100082,300.408107313888,-611.541226189145,567.463912169128,"CT",1,298
"Weekly",0.05,"SameTimestamp",1000,"Monthly","LogLik_ct",1496.05247727186,NA,NA,NA,"CT",1,298
"Weekly",0.05,"SameTimestamp",1000,"Monthly","AIC_ct",1500.05247727186,NA,NA,NA,"CT",1,298
"Weekly",0.05,"SameTimestamp",1000,"Monthly","BIC_ct",1509.86798782982,NA,NA,NA,"CT",1,298
"Weekly",0.05,"SameTimestamp",1000,"Monthly","error_var_dt",0.261123073432822,0.011677752573822,0.23820736318099,0.284038783684654,"DT",1,298
"Weekly",0.05,"SameTimestamp",1000,"Monthly","beta_dt",-0.030625646995182,0.0316010397482645,-0.0926376022879502,0.0313863082975862,"DT",1,298
"Weekly",0.05,"SameTimestamp",1000,"Monthly","LogLik_dt",1495.11371677479,NA,NA,NA,"DT",1,298
"Weekly",0.05,"SameTimestamp",1000,"Monthly","AIC_dt",1499.11371677479,NA,NA,NA,"DT",1,298
"Weekly",0.05,"SameTimestamp",1000,"Monthly","BIC_dt",1508.92922733275,NA,NA,NA,"DT",1,298
"Weekly",0.05,"SameTimestamp",1000,"Daily","error_var_ct",0.223306228809478,0.0124944403048409,0.198787900306236,0.24782455731272,"CT",1,299
"Weekly",0.05,"SameTimestamp",1000,"Daily","beta_ct",-0.474863394846724,0.0398158943729701,-0.552995680412859,-0.396731109280588,"CT",1,299
"Weekly",0.05,"SameTimestamp",1000,"Daily","LogLik_ct",901.241439648244,NA,NA,NA,"CT",1,299
"Weekly",0.05,"SameTimestamp",1000,"Daily","AIC_ct",905.241439648244,NA,NA,NA,"CT",1,299
"Weekly",0.05,"SameTimestamp",1000,"Daily","BIC_ct",915.056950206209,NA,NA,NA,"CT",1,299
"Weekly",0.05,"SameTimestamp",1000,"Daily","error_var_dt",0.144168774071544,0.00644803353154155,0.131515545878121,0.156822002264967,"DT",1,299
"Weekly",0.05,"SameTimestamp",1000,"Daily","beta_dt",0.621970011466321,0.0247644454021078,0.573373772438773,0.670566250493869,"DT",1,299
"Weekly",0.05,"SameTimestamp",1000,"Daily","LogLik_dt",901.241439648244,NA,NA,NA,"DT",1,299
"Weekly",0.05,"SameTimestamp",1000,"Daily","AIC_dt",905.241439648244,NA,NA,NA,"DT",1,299
"Weekly",0.05,"SameTimestamp",1000,"Daily","BIC_dt",915.056950206208,NA,NA,NA,"DT",1,299
"Weekly",0.05,"SameTimestamp",1000,"Weekly","error_var_ct",1.65835734793355,0.440299137163335,0.794341143823789,2.52237355204331,"CT",1,299
"Weekly",0.05,"SameTimestamp",1000,"Weekly","beta_ct",-3.32396023215279,0.8774797135813,-5.04587296674574,-1.60204749755984,"CT",1,299
"Weekly",0.05,"SameTimestamp",1000,"Weekly","LogLik_ct",1448.10305201421,NA,NA,NA,"CT",1,299
"Weekly",0.05,"SameTimestamp",1000,"Weekly","AIC_ct",1452.10305201421,NA,NA,NA,"CT",1,299
"Weekly",0.05,"SameTimestamp",1000,"Weekly","BIC_ct",1461.91856257217,NA,NA,NA,"CT",1,299
"Weekly",0.05,"SameTimestamp",1000,"Weekly","error_var_dt",0.249131580816338,0.0111414999079063,0.22726818012803,0.270994981504647,"DT",1,299
"Weekly",0.05,"SameTimestamp",1000,"Weekly","beta_dt",0.0360099305759775,0.0316165983172252,-0.026032555904704,0.098052417056659,"DT",1,299
"Weekly",0.05,"SameTimestamp",1000,"Weekly","LogLik_dt",1448.10305201421,NA,NA,NA,"DT",1,299
"Weekly",0.05,"SameTimestamp",1000,"Weekly","AIC_dt",1452.10305201421,NA,NA,NA,"DT",1,299
"Weekly",0.05,"SameTimestamp",1000,"Weekly","BIC_dt",1461.91856257217,NA,NA,NA,"DT",1,299
"Weekly",0.05,"SameTimestamp",1000,"Monthly","error_var_ct",1.85784884286274,0.733036027834428,0.419383597789491,3.296314087936,"CT",1,299
"Weekly",0.05,"SameTimestamp",1000,"Monthly","beta_ct",-3.87335741174984,1.5235024107232,-6.86298573204521,-0.883729091454461,"CT",1,299
"Weekly",0.05,"SameTimestamp",1000,"Monthly","LogLik_ct",1409.59505325408,NA,NA,NA,"CT",1,299
"Weekly",0.05,"SameTimestamp",1000,"Monthly","AIC_ct",1413.59505325408,NA,NA,NA,"CT",1,299
"Weekly",0.05,"SameTimestamp",1000,"Monthly","BIC_ct",1423.41056381205,NA,NA,NA,"CT",1,299
"Weekly",0.05,"SameTimestamp",1000,"Monthly","error_var_dt",0.239720400161134,0.0107206291326785,0.218682890643033,0.260757909679235,"DT",1,299
"Weekly",0.05,"SameTimestamp",1000,"Monthly","beta_dt",0.020788316031888,0.0316017239855702,-0.0412249819664856,0.0828016140302616,"DT",1,299
"Weekly",0.05,"SameTimestamp",1000,"Monthly","LogLik_dt",1409.59505325405,NA,NA,NA,"DT",1,299
"Weekly",0.05,"SameTimestamp",1000,"Monthly","AIC_dt",1413.59505325405,NA,NA,NA,"DT",1,299
"Weekly",0.05,"SameTimestamp",1000,"Monthly","BIC_dt",1423.41056381201,NA,NA,NA,"DT",1,299
"Weekly",0.05,"SameTimestamp",1000,"Daily","error_var_ct",0.215337218950407,0.0115487599235292,0.192674636017383,0.23799980188343,"CT",1,300
"Weekly",0.05,"SameTimestamp",1000,"Daily","beta_ct",-0.381854977119662,0.0338457970194267,-0.448271907332601,-0.315438046906723,"CT",1,300
"Weekly",0.05,"SameTimestamp",1000,"Daily","LogLik_ct",944.874101496295,NA,NA,NA,"CT",1,300
"Weekly",0.05,"SameTimestamp",1000,"Daily","AIC_ct",948.874101496295,NA,NA,NA,"CT",1,300
"Weekly",0.05,"SameTimestamp",1000,"Daily","BIC_ct",958.689612054259,NA,NA,NA,"CT",1,300
"Weekly",0.05,"SameTimestamp",1000,"Daily","error_var_dt",0.150586163168236,0.00673536114332224,0.137369100773215,0.163803225563257,"DT",1,300
"Weekly",0.05,"SameTimestamp",1000,"Daily","beta_dt",0.68259402822179,0.0231028571415808,0.637258388774116,0.727929667669463,"DT",1,300
"Weekly",0.05,"SameTimestamp",1000,"Daily","LogLik_dt",944.874101496294,NA,NA,NA,"DT",1,300
"Weekly",0.05,"SameTimestamp",1000,"Daily","AIC_dt",948.874101496294,NA,NA,NA,"DT",1,300
"Weekly",0.05,"SameTimestamp",1000,"Daily","BIC_dt",958.689612054258,NA,NA,NA,"DT",1,300
"Weekly",0.05,"SameTimestamp",1000,"Weekly","error_var_ct",1.22169896787326,0.194804557163073,0.83942637222908,1.60397156351744,"CT",1,300
"Weekly",0.05,"SameTimestamp",1000,"Weekly","beta_ct",-2.54786008271276,0.402613128683,-3.33792355958121,-1.75779660584432,"CT",1,300
"Weekly",0.05,"SameTimestamp",1000,"Weekly","LogLik_ct",1403.57815763324,NA,NA,NA,"CT",1,300
"Weekly",0.05,"SameTimestamp",1000,"Weekly","AIC_ct",1407.57815763324,NA,NA,NA,"CT",1,300
"Weekly",0.05,"SameTimestamp",1000,"Weekly","BIC_ct",1417.3936681912,NA,NA,NA,"CT",1,300
"Weekly",0.05,"SameTimestamp",1000,"Weekly","error_var_dt",0.238282063372587,0.0106563206678693,0.217370748868209,0.259193377876965,"DT",1,300
"Weekly",0.05,"SameTimestamp",1000,"Weekly","beta_dt",0.0782489879838088,0.0315143442246886,0.0164071587050863,0.140090817262531,"DT",1,300
"Weekly",0.05,"SameTimestamp",1000,"Weekly","LogLik_dt",1403.57815763324,NA,NA,NA,"DT",1,300
"Weekly",0.05,"SameTimestamp",1000,"Weekly","AIC_dt",1407.57815763324,NA,NA,NA,"DT",1,300
"Weekly",0.05,"SameTimestamp",1000,"Weekly","BIC_dt",1417.39366819121,NA,NA,NA,"DT",1,300
"Weekly",0.05,"SameTimestamp",1000,"Monthly","error_var_ct",2.49434044866569,3.17158052301633,-3.72937595963711,8.7180568569685,"CT",1,300
"Weekly",0.05,"SameTimestamp",1000,"Monthly","beta_ct",-5.38641688715566,6.84614340888196,-18.8208716513469,8.04803787703553,"CT",1,300
"Weekly",0.05,"SameTimestamp",1000,"Monthly","LogLik_ct",1374.85288296952,NA,NA,NA,"CT",1,300
"Weekly",0.05,"SameTimestamp",1000,"Monthly","AIC_ct",1378.85288296952,NA,NA,NA,"CT",1,300
"Weekly",0.05,"SameTimestamp",1000,"Monthly","BIC_ct",1388.66839352748,NA,NA,NA,"CT",1,300
"Weekly",0.05,"SameTimestamp",1000,"Monthly","error_var_dt",0.231535009785995,0.0103545650098821,0.211215842202145,0.251854177369844,"DT",1,300
"Weekly",0.05,"SameTimestamp",1000,"Monthly","beta_dt",0.0045783366970254,0.0316113003992435,-0.0574537534721536,0.0666104268662044,"DT",1,300
"Weekly",0.05,"SameTimestamp",1000,"Monthly","LogLik_dt",1374.85288296952,NA,NA,NA,"DT",1,300
"Weekly",0.05,"SameTimestamp",1000,"Monthly","AIC_dt",1378.85288296952,NA,NA,NA,"DT",1,300
"Weekly",0.05,"SameTimestamp",1000,"Monthly","BIC_dt",1388.66839352748,NA,NA,NA,"DT",1,300
"Weekly",0.05,"SameTimestamp",1000,"Daily","error_var_ct",0.202640529890583,0.0111088903533302,0.180841120205628,0.224439939575538,"CT",1,301
"Weekly",0.05,"SameTimestamp",1000,"Daily","beta_ct",-0.42939482022173,0.0369029640317019,-0.50181094873947,-0.35697869170399,"CT",1,301
"Weekly",0.05,"SameTimestamp",1000,"Daily","LogLik_ct",842.881177162076,NA,NA,NA,"CT",1,301
"Weekly",0.05,"SameTimestamp",1000,"Daily","AIC_ct",846.881177162076,NA,NA,NA,"CT",1,301
"Weekly",0.05,"SameTimestamp",1000,"Daily","BIC_ct",856.69668772004,NA,NA,NA,"CT",1,301
"Weekly",0.05,"SameTimestamp",1000,"Daily","error_var_dt",0.135990127227377,0.00608238379265181,0.124054427806472,0.147925826648283,"DT",1,301
"Weekly",0.05,"SameTimestamp",1000,"Daily","beta_dt",0.650902913380966,0.0240205459142998,0.603766457390551,0.698039369371382,"DT",1,301
"Weekly",0.05,"SameTimestamp",1000,"Daily","LogLik_dt",842.881177162096,NA,NA,NA,"DT",1,301
"Weekly",0.05,"SameTimestamp",1000,"Daily","AIC_dt",846.881177162096,NA,NA,NA,"DT",1,301
"Weekly",0.05,"SameTimestamp",1000,"Daily","BIC_dt",856.69668772006,NA,NA,NA,"DT",1,301
"Weekly",0.05,"SameTimestamp",1000,"Weekly","error_var_ct",1.34098307649976,0.253754000292457,0.843031684809831,1.83893446818968,"CT",1,301
"Weekly",0.05,"SameTimestamp",1000,"Weekly","beta_ct",-2.81864680541419,0.52890104826979,-3.85653000232405,-1.78076360850433,"CT",1,301
"Weekly",0.05,"SameTimestamp",1000,"Weekly","LogLik_ct",1398.30740430022,NA,NA,NA,"CT",1,301
"Weekly",0.05,"SameTimestamp",1000,"Weekly","AIC_ct",1402.30740430022,NA,NA,NA,"CT",1,301
"Weekly",0.05,"SameTimestamp",1000,"Weekly","BIC_ct",1412.12291485819,NA,NA,NA,"CT",1,301
"Weekly",0.05,"SameTimestamp",1000,"Weekly","error_var_dt",0.237029657696397,0.0106002890732613,0.216228296179879,0.257831019212914,"DT",1,301
"Weekly",0.05,"SameTimestamp",1000,"Weekly","beta_dt",0.0596866371249477,0.0315547373152468,-0.00223445709397245,0.121607731343868,"DT",1,301
"Weekly",0.05,"SameTimestamp",1000,"Weekly","LogLik_dt",1398.30740430022,NA,NA,NA,"DT",1,301
"Weekly",0.05,"SameTimestamp",1000,"Weekly","AIC_dt",1402.30740430022,NA,NA,NA,"DT",1,301
"Weekly",0.05,"SameTimestamp",1000,"Weekly","BIC_dt",1412.12291485819,NA,NA,NA,"DT",1,301
"Weekly",0.05,"SameTimestamp",1000,"Monthly","error_var_ct",2.28399323942149,1.61251476344177,-0.880307499289854,5.44829397813282,"CT",1,301
"Weekly",0.05,"SameTimestamp",1000,"Monthly","beta_ct",-4.63444287936912,3.26816338912093,-11.0476876203672,1.77880186162896,"CT",1,301
"Weekly",0.05,"SameTimestamp",1000,"Monthly","LogLik_ct",1437.04500787394,NA,NA,NA,"CT",1,301
"Weekly",0.05,"SameTimestamp",1000,"Monthly","AIC_ct",1441.04500787394,NA,NA,NA,"CT",1,301
"Weekly",0.05,"SameTimestamp",1000,"Monthly","BIC_ct",1450.8605184319,NA,NA,NA,"CT",1,301
"Weekly",0.05,"SameTimestamp",1000,"Monthly","error_var_dt",0.246391866050945,0.0110189765274729,0.224768897780376,0.268014834321514,"DT",1,301
"Weekly",0.05,"SameTimestamp",1000,"Monthly","beta_dt",0.00971169461614197,0.0316201200811579,-0.052337702759538,0.0717610919918219,"DT",1,301
"Weekly",0.05,"SameTimestamp",1000,"Monthly","LogLik_dt",1437.04500787389,NA,NA,NA,"DT",1,301
"Weekly",0.05,"SameTimestamp",1000,"Monthly","AIC_dt",1441.04500787389,NA,NA,NA,"DT",1,301
"Weekly",0.05,"SameTimestamp",1000,"Monthly","BIC_dt",1450.86051843186,NA,NA,NA,"DT",1,301
"Weekly",0.05,"SameTimestamp",1000,"Daily","error_var_ct",0.245828533881881,0.0137237497118118,0.218897883486912,0.272759184276849,"CT",1,302
"Weekly",0.05,"SameTimestamp",1000,"Daily","beta_ct",-0.468335926639254,0.0393909766758254,-0.545634379602148,-0.39103747367636,"CT",1,302
"Weekly",0.05,"SameTimestamp",1000,"Daily","LogLik_ct",1004.06084024135,NA,NA,NA,"CT",1,302
"Weekly",0.05,"SameTimestamp",1000,"Daily","AIC_ct",1008.06084024135,NA,NA,NA,"CT",1,302
"Weekly",0.05,"SameTimestamp",1000,"Daily","BIC_ct",1017.87635079932,NA,NA,NA,"CT",1,302
"Weekly",0.05,"SameTimestamp",1000,"Daily","error_var_dt",0.159587308633553,0.0071430129456268,0.145570295175501,0.173604322091606,"DT",1,302
"Weekly",0.05,"SameTimestamp",1000,"Daily","beta_dt",0.626043184291324,0.0246604294555539,0.577651059820728,0.67443530876192,"DT",1,302
"Weekly",0.05,"SameTimestamp",1000,"Daily","LogLik_dt",1004.06084024135,NA,NA,NA,"DT",1,302
"Weekly",0.05,"SameTimestamp",1000,"Daily","AIC_dt",1008.06084024135,NA,NA,NA,"DT",1,302
"Weekly",0.05,"SameTimestamp",1000,"Daily","BIC_dt",1017.87635079932,NA,NA,NA,"DT",1,302
"Weekly",0.05,"SameTimestamp",1000,"Weekly","error_var_ct",1.27086599090825,0.186201651012018,0.905475214212966,1.63625676760353,"CT",1,302
"Weekly",0.05,"SameTimestamp",1000,"Weekly","beta_ct",-2.40449993556932,0.349238174277626,-3.08982365347077,-1.71917621766787,"CT",1,302
"Weekly",0.05,"SameTimestamp",1000,"Weekly","LogLik_ct",1498.92177620572,NA,NA,NA,"CT",1,302
"Weekly",0.05,"SameTimestamp",1000,"Weekly","AIC_ct",1502.92177620572,NA,NA,NA,"CT",1,302
"Weekly",0.05,"SameTimestamp",1000,"Weekly","BIC_ct",1512.73728676369,NA,NA,NA,"CT",1,302
"Weekly",0.05,"SameTimestamp",1000,"Weekly","error_var_dt",0.262112876019405,0.011722329339479,0.239109691038227,0.285116061000582,"DT",1,302
"Weekly",0.05,"SameTimestamp",1000,"Weekly","beta_dt",0.0903106398227898,0.0315273991409011,0.0284431923717866,0.152178087273793,"DT",1,302
"Weekly",0.05,"SameTimestamp",1000,"Weekly","LogLik_dt",1498.92177620572,NA,NA,NA,"DT",1,302
"Weekly",0.05,"SameTimestamp",1000,"Weekly","AIC_dt",1502.92177620572,NA,NA,NA,"DT",1,302
"Weekly",0.05,"SameTimestamp",1000,"Weekly","BIC_dt",1512.73728676369,NA,NA,NA,"DT",1,302
"Weekly",0.05,"SameTimestamp",1000,"Monthly","error_var_ct",2.37543004319977,1.68338503208252,-0.92794219333397,5.67880227973352,"CT",1,302
"Weekly",0.05,"SameTimestamp",1000,"Monthly","beta_ct",-4.61365222681353,3.26570714888944,-11.0220769916135,1.7947725379864,"CT",1,302
"Weekly",0.05,"SameTimestamp",1000,"Monthly","LogLik_ct",1480.79071094609,NA,NA,NA,"CT",1,302
"Weekly",0.05,"SameTimestamp",1000,"Monthly","AIC_ct",1484.79071094609,NA,NA,NA,"CT",1,302
"Weekly",0.05,"SameTimestamp",1000,"Monthly","BIC_ct",1494.60622150406,NA,NA,NA,"CT",1,302
"Weekly",0.05,"SameTimestamp",1000,"Monthly","error_var_dt",0.25740960900411,0.0115117165153725,0.2348197177986,0.27999950020962,"DT",1,302
"Weekly",0.05,"SameTimestamp",1000,"Monthly","beta_dt",0.00991551315991802,0.0316576099867369,-0.0522074521226162,0.0720384784424523,"DT",1,302
"Weekly",0.05,"SameTimestamp",1000,"Monthly","LogLik_dt",1480.79071094608,NA,NA,NA,"DT",1,302
"Weekly",0.05,"SameTimestamp",1000,"Monthly","AIC_dt",1484.79071094608,NA,NA,NA,"DT",1,302
"Weekly",0.05,"SameTimestamp",1000,"Monthly","BIC_dt",1494.60622150405,NA,NA,NA,"DT",1,302
"Weekly",0.05,"SameTimestamp",1000,"Daily","error_var_ct",0.215318478861588,0.0115295218602884,0.192693647531901,0.237943310191274,"CT",1,303
"Weekly",0.05,"SameTimestamp",1000,"Daily","beta_ct",-0.378268127228669,0.0336286772145627,-0.444258994763302,-0.312277259694036,"CT",1,303
"Weekly",0.05,"SameTimestamp",1000,"Daily","LogLik_ct",947.864717092019,NA,NA,NA,"CT",1,303
"Weekly",0.05,"SameTimestamp",1000,"Daily","AIC_ct",951.864717092019,NA,NA,NA,"CT",1,303
"Weekly",0.05,"SameTimestamp",1000,"Daily","BIC_ct",961.680227649983,NA,NA,NA,"CT",1,303
"Weekly",0.05,"SameTimestamp",1000,"Daily","error_var_dt",0.151046113999341,0.00675570912505144,0.137789121964557,0.164303106034125,"DT",1,303
"Weekly",0.05,"SameTimestamp",1000,"Daily","beta_dt",0.685046798013037,0.0230373045730594,0.639839794932421,0.730253801093652,"DT",1,303
"Weekly",0.05,"SameTimestamp",1000,"Daily","LogLik_dt",947.86471709202,NA,NA,NA,"DT",1,303
"Weekly",0.05,"SameTimestamp",1000,"Daily","AIC_dt",951.86471709202,NA,NA,NA,"DT",1,303
"Weekly",0.05,"SameTimestamp",1000,"Daily","BIC_dt",961.680227649984,NA,NA,NA,"DT",1,303
"Weekly",0.05,"SameTimestamp",1000,"Weekly","error_var_ct",1.43534721138914,0.239012097963129,0.96632443076578,1.9043699920125,"CT",1,303
"Weekly",0.05,"SameTimestamp",1000,"Weekly","beta_ct",-2.61600629824755,0.431728057597725,-3.46320313796084,-1.76880945853426,"CT",1,303
"Weekly",0.05,"SameTimestamp",1000,"Weekly","LogLik_ct",1539.1309164167,NA,NA,NA,"CT",1,303
"Weekly",0.05,"SameTimestamp",1000,"Weekly","AIC_ct",1543.1309164167,NA,NA,NA,"CT",1,303
"Weekly",0.05,"SameTimestamp",1000,"Weekly","BIC_ct",1552.94642697467,NA,NA,NA,"CT",1,303
"Weekly",0.05,"SameTimestamp",1000,"Weekly","error_var_dt",0.272873658252553,0.012203302033643,0.248926641756808,0.296820674748299,"DT",1,303
"Weekly",0.05,"SameTimestamp",1000,"Weekly","beta_dt",0.0730941895178732,0.0315527279503191,0.0111770383542782,0.135011340681468,"DT",1,303
"Weekly",0.05,"SameTimestamp",1000,"Weekly","LogLik_dt",1539.1309164167,NA,NA,NA,"DT",1,303
"Weekly",0.05,"SameTimestamp",1000,"Weekly","AIC_dt",1543.1309164167,NA,NA,NA,"DT",1,303
"Weekly",0.05,"SameTimestamp",1000,"Weekly","BIC_dt",1552.94642697467,NA,NA,NA,"DT",1,303
"Weekly",0.05,"SameTimestamp",1000,"Monthly","error_var_ct",1.68791892875168,0.447760414447339,0.809261168634634,2.56657668886872,"CT",1,303
"Weekly",0.05,"SameTimestamp",1000,"Monthly","beta_ct",-3.32391072073018,0.876734623069052,-5.04436133509219,-1.60346010636817,"CT",1,303
"Weekly",0.05,"SameTimestamp",1000,"Monthly","LogLik_ct",1465.78661322029,NA,NA,NA,"CT",1,303
"Weekly",0.05,"SameTimestamp",1000,"Monthly","AIC_ct",1469.78661322029,NA,NA,NA,"CT",1,303
"Weekly",0.05,"SameTimestamp",1000,"Monthly","BIC_ct",1479.60212377825,NA,NA,NA,"CT",1,303
"Weekly",0.05,"SameTimestamp",1000,"Monthly","error_var_dt",0.253576341950708,0.0113402614400113,0.231322903740185,0.275829780161231,"DT",1,303
"Weekly",0.05,"SameTimestamp",1000,"Monthly","beta_dt",0.0360118317297388,0.0316014232108715,-0.026000876046689,0.0980245395061666,"DT",1,303
"Weekly",0.05,"SameTimestamp",1000,"Monthly","LogLik_dt",1465.78661322032,NA,NA,NA,"DT",1,303
"Weekly",0.05,"SameTimestamp",1000,"Monthly","AIC_dt",1469.78661322032,NA,NA,NA,"DT",1,303
"Weekly",0.05,"SameTimestamp",1000,"Monthly","BIC_dt",1479.60212377828,NA,NA,NA,"DT",1,303
"Weekly",0.05,"SameTimestamp",1000,"Daily","error_var_ct",0.204771681768803,0.0114049417613839,0.182391318835891,0.227152044701716,"CT",1,304
"Weekly",0.05,"SameTimestamp",1000,"Daily","beta_ct",-0.463964626108201,0.0391419837383406,-0.540774470499019,-0.387154781717384,"CT",1,304
"Weekly",0.05,"SameTimestamp",1000,"Daily","LogLik_ct",823.880528850326,NA,NA,NA,"CT",1,304
"Weekly",0.05,"SameTimestamp",1000,"Daily","AIC_ct",827.880528850326,NA,NA,NA,"CT",1,304
"Weekly",0.05,"SameTimestamp",1000,"Daily","BIC_ct",837.69603940829,NA,NA,NA,"CT",1,304
"Weekly",0.05,"SameTimestamp",1000,"Daily","error_var_dt",0.133426962826058,0.00596783738954753,0.121716042288532,0.145137883363584,"DT",1,304
"Weekly",0.05,"SameTimestamp",1000,"Daily","beta_dt",0.628785764193346,0.0246118681607807,0.580488933449299,0.677082594937394,"DT",1,304
"Weekly",0.05,"SameTimestamp",1000,"Daily","LogLik_dt",823.880528850328,NA,NA,NA,"DT",1,304
"Weekly",0.05,"SameTimestamp",1000,"Daily","AIC_dt",827.880528850328,NA,NA,NA,"DT",1,304
"Weekly",0.05,"SameTimestamp",1000,"Daily","BIC_dt",837.696039408292,NA,NA,NA,"DT",1,304
"Weekly",0.05,"SameTimestamp",1000,"Weekly","error_var_ct",9.59804817059393,75.9829015601607,-139.506169035495,158.702265376683,"CT",1,304
"Weekly",0.05,"SameTimestamp",1000,"Weekly","beta_ct",-20.3978883208564,161.476831712207,-337.270185837749,296.474409196036,"CT",1,304
"Weekly",0.05,"SameTimestamp",1000,"Weekly","LogLik_ct",1390.86147317729,NA,NA,NA,"CT",1,304
"Weekly",0.05,"SameTimestamp",1000,"Weekly","AIC_ct",1394.86147317729,NA,NA,NA,"CT",1,304
"Weekly",0.05,"SameTimestamp",1000,"Weekly","BIC_ct",1404.67698373526,NA,NA,NA,"CT",1,304
"Weekly",0.05,"SameTimestamp",1000,"Weekly","error_var_dt",0.235239943992311,0.0105202285941885,0.214595688282707,0.255884199701914,"DT",1,304
"Weekly",0.05,"SameTimestamp",1000,"Weekly","beta_dt",-0.0115614549311014,0.0316244600632571,-0.0736193688232648,0.0504964589610621,"DT",1,304
"Weekly",0.05,"SameTimestamp",1000,"Weekly","LogLik_dt",1390.72783300382,NA,NA,NA,"DT",1,304
"Weekly",0.05,"SameTimestamp",1000,"Weekly","AIC_dt",1394.72783300382,NA,NA,NA,"DT",1,304
"Weekly",0.05,"SameTimestamp",1000,"Weekly","BIC_dt",1404.54334356179,NA,NA,NA,"DT",1,304
"Weekly",0.05,"SameTimestamp",1000,"Monthly","error_var_ct",1.61850695986104,0.450344195615925,0.734778944980574,2.5022349747415,"CT",1,304
"Weekly",0.05,"SameTimestamp",1000,"Monthly","beta_ct",-3.39464453941216,0.939543605598977,-5.23834767481958,-1.55094140400473,"CT",1,304
"Weekly",0.05,"SameTimestamp",1000,"Monthly","LogLik_ct",1402.90883604502,NA,NA,NA,"CT",1,304
"Weekly",0.05,"SameTimestamp",1000,"Monthly","AIC_ct",1406.90883604502,NA,NA,NA,"CT",1,304
"Weekly",0.05,"SameTimestamp",1000,"Monthly","BIC_ct",1416.72434660298,NA,NA,NA,"CT",1,304
"Weekly",0.05,"SameTimestamp",1000,"Monthly","error_var_dt",0.2381228809171,0.0106491754621808,0.217225587729085,0.259020174105115,"DT",1,304
"Weekly",0.05,"SameTimestamp",1000,"Monthly","beta_dt",0.033552564844921,0.0315995681506605,-0.0284565026743576,0.0955616323641997,"DT",1,304
"Weekly",0.05,"SameTimestamp",1000,"Monthly","LogLik_dt",1402.90883604501,NA,NA,NA,"DT",1,304
"Weekly",0.05,"SameTimestamp",1000,"Monthly","AIC_dt",1406.90883604501,NA,NA,NA,"DT",1,304
"Weekly",0.05,"SameTimestamp",1000,"Monthly","BIC_dt",1416.72434660297,NA,NA,NA,"DT",1,304
"Weekly",0.05,"SameTimestamp",1000,"Daily","error_var_ct",0.231297888602159,0.0129550795815125,0.205875629644141,0.256720147560177,"CT",1,305
"Weekly",0.05,"SameTimestamp",1000,"Daily","beta_ct",-0.477421482145299,0.0399656406548011,-0.555847620692479,-0.398995343598118,"CT",1,305
"Weekly",0.05,"SameTimestamp",1000,"Daily","LogLik_ct",934.311460846574,NA,NA,NA,"CT",1,305
"Weekly",0.05,"SameTimestamp",1000,"Daily","AIC_ct",938.311460846574,NA,NA,NA,"CT",1,305
"Weekly",0.05,"SameTimestamp",1000,"Daily","BIC_ct",948.126971404539,NA,NA,NA,"CT",1,305
"Weekly",0.05,"SameTimestamp",1000,"Daily","error_var_dt",0.149006359279614,0.00666466512899894,0.135928026436359,0.16208469212287,"DT",1,305
"Weekly",0.05,"SameTimestamp",1000,"Daily","beta_dt",0.620380995509788,0.0247942025083697,0.57172636294969,0.669035628069886,"DT",1,305
"Weekly",0.05,"SameTimestamp",1000,"Daily","LogLik_dt",934.311460846576,NA,NA,NA,"DT",1,305
"Weekly",0.05,"SameTimestamp",1000,"Daily","AIC_dt",938.311460846576,NA,NA,NA,"DT",1,305
"Weekly",0.05,"SameTimestamp",1000,"Daily","BIC_dt",948.12697140454,NA,NA,NA,"DT",1,305
"Weekly",0.05,"SameTimestamp",1000,"Weekly","error_var_ct",1.28309954036661,0.225175327900157,0.841229194390233,1.72496988634299,"CT",1,305
"Weekly",0.05,"SameTimestamp",1000,"Weekly","beta_ct",-2.69934099705487,0.46955487522516,-3.62076687930177,-1.77791511480798,"CT",1,305
"Weekly",0.05,"SameTimestamp",1000,"Weekly","LogLik_ct",1396.46928680793,NA,NA,NA,"CT",1,305
"Weekly",0.05,"SameTimestamp",1000,"Weekly","AIC_ct",1400.46928680793,NA,NA,NA,"CT",1,305
"Weekly",0.05,"SameTimestamp",1000,"Weekly","BIC_ct",1410.2847973659,NA,NA,NA,"CT",1,305
"Weekly",0.05,"SameTimestamp",1000,"Weekly","error_var_dt",0.236594202603545,0.0105808347765733,0.215831017013708,0.257357388193382,"DT",1,305
"Weekly",0.05,"SameTimestamp",1000,"Weekly","beta_dt",0.0672499327771118,0.0315411875394466,0.00535542781278078,0.129144437741443,"DT",1,305
"Weekly",0.05,"SameTimestamp",1000,"Weekly","LogLik_dt",1396.46928680796,NA,NA,NA,"DT",1,305
"Weekly",0.05,"SameTimestamp",1000,"Weekly","AIC_dt",1400.46928680796,NA,NA,NA,"DT",1,305
"Weekly",0.05,"SameTimestamp",1000,"Weekly","BIC_dt",1410.28479736592,NA,NA,NA,"DT",1,305
"Weekly",0.05,"SameTimestamp",1000,"Monthly","error_var_ct",10.3932431109817,59.253115658373,-105.881461406171,126.667947628134,"CT",1,305
"Weekly",0.05,"SameTimestamp",1000,"Monthly","beta_ct",-19.9839529974474,113.927102778761,-243.547559145536,203.579653150642,"CT",1,305
"Weekly",0.05,"SameTimestamp",1000,"Monthly","LogLik_ct",1490.9564736836,NA,NA,NA,"CT",1,305
"Weekly",0.05,"SameTimestamp",1000,"Monthly","AIC_ct",1494.9564736836,NA,NA,NA,"CT",1,305
"Weekly",0.05,"SameTimestamp",1000,"Monthly","BIC_ct",1504.77198424157,NA,NA,NA,"CT",1,305
"Weekly",0.05,"SameTimestamp",1000,"Monthly","error_var_dt",0.259962346663991,0.0116258642840408,0.237148458831034,0.282776234496948,"DT",1,305
"Weekly",0.05,"SameTimestamp",1000,"Monthly","beta_dt",-0.0172626553057889,0.0316298184912718,-0.0793310842506574,0.0448057736390796,"DT",1,305
"Weekly",0.05,"SameTimestamp",1000,"Monthly","LogLik_dt",1490.6586518013,NA,NA,NA,"DT",1,305
"Weekly",0.05,"SameTimestamp",1000,"Monthly","AIC_dt",1494.6586518013,NA,NA,NA,"DT",1,305
"Weekly",0.05,"SameTimestamp",1000,"Monthly","BIC_dt",1504.47416235926,NA,NA,NA,"DT",1,305
"Weekly",0.05,"SameTimestamp",1000,"Daily","error_var_ct",0.216503072859094,0.0116873431061729,0.193568542730824,0.239437602987364,"CT",1,306
"Weekly",0.05,"SameTimestamp",1000,"Daily","beta_ct",-0.395554547112142,0.0347058732336294,-0.4636592384927,-0.327449855731584,"CT",1,306
"Weekly",0.05,"SameTimestamp",1000,"Daily","LogLik_ct",939.051980849551,NA,NA,NA,"CT",1,306
"Weekly",0.05,"SameTimestamp",1000,"Daily","AIC_ct",943.051980849551,NA,NA,NA,"CT",1,306
"Weekly",0.05,"SameTimestamp",1000,"Daily","BIC_ct",952.867491407516,NA,NA,NA,"CT",1,306
"Weekly",0.05,"SameTimestamp",1000,"Daily","error_var_dt",0.149604211078048,0.00669418786024872,0.136467944625488,0.162740477530608,"DT",1,306
"Weekly",0.05,"SameTimestamp",1000,"Daily","beta_dt",0.673306889099346,0.0233675867518679,0.627451760391554,0.719162017807138,"DT",1,306
"Weekly",0.05,"SameTimestamp",1000,"Daily","LogLik_dt",939.051980849231,NA,NA,NA,"DT",1,306
"Weekly",0.05,"SameTimestamp",1000,"Daily","AIC_dt",943.051980849231,NA,NA,NA,"DT",1,306
"Weekly",0.05,"SameTimestamp",1000,"Daily","BIC_dt",952.867491407196,NA,NA,NA,"DT",1,306
"Weekly",0.05,"SameTimestamp",1000,"Weekly","error_var_ct",1.63724958584038,0.469650800903849,0.715635464885336,2.55886370679543,"CT",1,306
"Weekly",0.05,"SameTimestamp",1000,"Weekly","beta_ct",-3.43195665082039,0.979436579590684,-5.35394332814214,-1.50996997349865,"CT",1,306
"Weekly",0.05,"SameTimestamp",1000,"Weekly","LogLik_ct",1403.57415408914,NA,NA,NA,"CT",1,306
"Weekly",0.05,"SameTimestamp",1000,"Weekly","AIC_ct",1407.57415408914,NA,NA,NA,"CT",1,306
"Weekly",0.05,"SameTimestamp",1000,"Weekly","BIC_ct",1417.3896646471,NA,NA,NA,"CT",1,306
"Weekly",0.05,"SameTimestamp",1000,"Weekly","error_var_dt",0.238280873442396,0.010656274156147,0.217369650209788,0.259192096675004,"DT",1,306
"Weekly",0.05,"SameTimestamp",1000,"Weekly","beta_dt",0.0323237738522947,0.031632028015477,-0.0297489909282716,0.094396538632861,"DT",1,306
"Weekly",0.05,"SameTimestamp",1000,"Weekly","LogLik_dt",1403.5741540891,NA,NA,NA,"DT",1,306
"Weekly",0.05,"SameTimestamp",1000,"Weekly","AIC_dt",1407.5741540891,NA,NA,NA,"DT",1,306
"Weekly",0.05,"SameTimestamp",1000,"Weekly","BIC_dt",1417.38966464707,NA,NA,NA,"DT",1,306
"Weekly",0.05,"SameTimestamp",1000,"Monthly","error_var_ct",1.83225871995139,0.751650170919216,0.357266214446762,3.30725122545601,"CT",1,306
"Weekly",0.05,"SameTimestamp",1000,"Monthly","beta_ct",-3.92352810644744,1.60483209921157,-7.072752852895,-0.774303359999893,"CT",1,306
"Weekly",0.05,"SameTimestamp",1000,"Monthly","LogLik_ct",1382.89799802438,NA,NA,NA,"CT",1,306
"Weekly",0.05,"SameTimestamp",1000,"Monthly","AIC_ct",1386.89799802438,NA,NA,NA,"CT",1,306
"Weekly",0.05,"SameTimestamp",1000,"Monthly","BIC_ct",1396.71350858234,NA,NA,NA,"CT",1,306
"Weekly",0.05,"SameTimestamp",1000,"Monthly","error_var_dt",0.233405045211675,0.0104381897566905,0.21292177751904,0.253888312904311,"DT",1,306
"Weekly",0.05,"SameTimestamp",1000,"Monthly","beta_dt",0.0197711967625053,0.0316398648344742,-0.0423169465142485,0.0818593400392591,"DT",1,306
"Weekly",0.05,"SameTimestamp",1000,"Monthly","LogLik_dt",1382.89799802438,NA,NA,NA,"DT",1,306
"Weekly",0.05,"SameTimestamp",1000,"Monthly","AIC_dt",1386.89799802438,NA,NA,NA,"DT",1,306
"Weekly",0.05,"SameTimestamp",1000,"Monthly","BIC_dt",1396.71350858234,NA,NA,NA,"DT",1,306
"Weekly",0.05,"SameTimestamp",1000,"Daily","error_var_ct",0.214406324801533,0.0117809186909238,0.191288167646295,0.237524481956771,"CT",1,307
"Weekly",0.05,"SameTimestamp",1000,"Daily","beta_ct",-0.435114752219329,0.0372393477021449,-0.508190979559731,-0.362038524878926,"CT",1,307
"Weekly",0.05,"SameTimestamp",1000,"Daily","LogLik_ct",894.364527187155,NA,NA,NA,"CT",1,307
"Weekly",0.05,"SameTimestamp",1000,"Daily","AIC_ct",898.364527187155,NA,NA,NA,"CT",1,307
"Weekly",0.05,"SameTimestamp",1000,"Daily","BIC_ct",908.180037745119,NA,NA,NA,"CT",1,307
"Weekly",0.05,"SameTimestamp",1000,"Daily","error_var_dt",0.143181835046368,0.00640385939590149,0.130615291485673,0.155748378607063,"DT",1,307
"Weekly",0.05,"SameTimestamp",1000,"Daily","beta_dt",0.647190364570501,0.0241011170845732,0.59989580062387,0.694484928517132,"DT",1,307
"Weekly",0.05,"SameTimestamp",1000,"Daily","LogLik_dt",894.364527187167,NA,NA,NA,"DT",1,307
"Weekly",0.05,"SameTimestamp",1000,"Daily","AIC_dt",898.364527187167,NA,NA,NA,"DT",1,307
"Weekly",0.05,"SameTimestamp",1000,"Daily","BIC_dt",908.180037745132,NA,NA,NA,"DT",1,307
"Weekly",0.05,"SameTimestamp",1000,"Weekly","error_var_ct",2.1754990782133,1.21891558380771,-0.216426608120894,4.5674247645475,"CT",1,307
"Weekly",0.05,"SameTimestamp",1000,"Weekly","beta_ct",-4.33184238380991,2.42286561958762,-9.08632627671737,0.422641509097558,"CT",1,307
"Weekly",0.05,"SameTimestamp",1000,"Weekly","LogLik_ct",1455.82227994453,NA,NA,NA,"CT",1,307
"Weekly",0.05,"SameTimestamp",1000,"Weekly","AIC_ct",1459.82227994453,NA,NA,NA,"CT",1,307
"Weekly",0.05,"SameTimestamp",1000,"Weekly","BIC_ct",1469.63779050249,NA,NA,NA,"CT",1,307
"Weekly",0.05,"SameTimestamp",1000,"Weekly","error_var_dt",0.251062177156089,0.0112278531132307,0.229029322198218,0.27309503211396,"DT",1,307
"Weekly",0.05,"SameTimestamp",1000,"Weekly","beta_dt",0.0131433769444576,0.0316047386154266,-0.0488758367798976,0.0751625906688128,"DT",1,307
"Weekly",0.05,"SameTimestamp",1000,"Weekly","LogLik_dt",1455.82227994454,NA,NA,NA,"DT",1,307
"Weekly",0.05,"SameTimestamp",1000,"Weekly","AIC_dt",1459.82227994454,NA,NA,NA,"DT",1,307
"Weekly",0.05,"SameTimestamp",1000,"Weekly","BIC_dt",1469.63779050251,NA,NA,NA,"DT",1,307
"Weekly",0.05,"SameTimestamp",1000,"Monthly","error_var_ct",3.23725739074681,10.7773934693121,-17.9116430035276,24.3861577850212,"CT",1,307
"Weekly",0.05,"SameTimestamp",1000,"Monthly","beta_ct",-6.64578144556973,22.1236832089227,-50.0599496182618,36.7683867271223,"CT",1,307
"Weekly",0.05,"SameTimestamp",1000,"Monthly","LogLik_ct",1425.47240107424,NA,NA,NA,"CT",1,307
"Weekly",0.05,"SameTimestamp",1000,"Monthly","AIC_ct",1429.47240107424,NA,NA,NA,"CT",1,307
"Weekly",0.05,"SameTimestamp",1000,"Monthly","BIC_ct",1439.2879116322,NA,NA,NA,"CT",1,307
"Weekly",0.05,"SameTimestamp",1000,"Monthly","error_var_dt",0.243556908812338,0.0108921970103075,0.222182724942951,0.264931092681725,"DT",1,307
"Weekly",0.05,"SameTimestamp",1000,"Monthly","beta_dt",0.00129946472610327,0.0316358013670468,-0.0607807046497141,0.0633796341019207,"DT",1,307
"Weekly",0.05,"SameTimestamp",1000,"Monthly","LogLik_dt",1425.47240107424,NA,NA,NA,"DT",1,307
"Weekly",0.05,"SameTimestamp",1000,"Monthly","AIC_dt",1429.47240107424,NA,NA,NA,"DT",1,307
"Weekly",0.05,"SameTimestamp",1000,"Monthly","BIC_dt",1439.2879116322,NA,NA,NA,"DT",1,307
"Weekly",0.05,"SameTimestamp",1000,"Daily","error_var_ct",0.213035809157011,0.0115233187412305,0.190423150450276,0.235648467863747,"CT",1,308
"Weekly",0.05,"SameTimestamp",1000,"Daily","beta_ct",-0.400559124838366,0.0350368373675923,-0.469313280073351,-0.33180496960338,"CT",1,308
"Weekly",0.05,"SameTimestamp",1000,"Daily","LogLik_ct",917.757542000984,NA,NA,NA,"CT",1,308
"Weekly",0.05,"SameTimestamp",1000,"Daily","AIC_ct",921.757542000984,NA,NA,NA,"CT",1,308
"Weekly",0.05,"SameTimestamp",1000,"Daily","BIC_ct",931.573052558948,NA,NA,NA,"CT",1,308
"Weekly",0.05,"SameTimestamp",1000,"Daily","error_var_dt",0.146569659275979,0.00655541124993409,0.133705719589344,0.159433598962614,"DT",1,308
"Weekly",0.05,"SameTimestamp",1000,"Daily","beta_dt",0.669945366807027,0.0234726611463634,0.623884046508522,0.716006687105531,"DT",1,308
"Weekly",0.05,"SameTimestamp",1000,"Daily","LogLik_dt",917.757542000983,NA,NA,NA,"DT",1,308
"Weekly",0.05,"SameTimestamp",1000,"Daily","AIC_dt",921.757542000983,NA,NA,NA,"DT",1,308
"Weekly",0.05,"SameTimestamp",1000,"Daily","BIC_dt",931.573052558947,NA,NA,NA,"DT",1,308
"Weekly",0.05,"SameTimestamp",1000,"Weekly","error_var_ct",1.29887360874659,0.214781772981355,0.877398941776094,1.72034827571709,"CT",1,308
"Weekly",0.05,"SameTimestamp",1000,"Weekly","beta_ct",-2.60427063285363,0.426828231479479,-3.44185235228584,-1.76668891342143,"CT",1,308
"Weekly",0.05,"SameTimestamp",1000,"Weekly","LogLik_ct",1443.5899998126,NA,NA,NA,"CT",1,308
"Weekly",0.05,"SameTimestamp",1000,"Weekly","AIC_ct",1447.5899998126,NA,NA,NA,"CT",1,308
"Weekly",0.05,"SameTimestamp",1000,"Weekly","BIC_ct",1457.40551037057,NA,NA,NA,"CT",1,308
"Weekly",0.05,"SameTimestamp",1000,"Weekly","error_var_dt",0.248009793851436,0.0110913351337377,0.226244833459959,0.269774754242912,"DT",1,308
"Weekly",0.05,"SameTimestamp",1000,"Weekly","beta_dt",0.0739570920509853,0.0315775051757544,0.0119913195696043,0.135922864532366,"DT",1,308
"Weekly",0.05,"SameTimestamp",1000,"Weekly","LogLik_dt",1443.5899998126,NA,NA,NA,"DT",1,308
"Weekly",0.05,"SameTimestamp",1000,"Weekly","AIC_dt",1447.5899998126,NA,NA,NA,"DT",1,308
"Weekly",0.05,"SameTimestamp",1000,"Weekly","BIC_dt",1457.40551037057,NA,NA,NA,"DT",1,308
"Weekly",0.05,"SameTimestamp",1000,"Monthly","error_var_ct",2.84155343541851,3.57022196629177,-4.16443265626074,9.84753952709776,"CT",1,308
"Weekly",0.05,"SameTimestamp",1000,"Monthly","beta_ct",-5.35402017400229,6.72433132245536,-18.5494383204816,7.841397972477,"CT",1,308
"Weekly",0.05,"SameTimestamp",1000,"Monthly","LogLik_ct",1511.21069601428,NA,NA,NA,"CT",1,308
"Weekly",0.05,"SameTimestamp",1000,"Monthly","AIC_ct",1515.21069601428,NA,NA,NA,"CT",1,308
"Weekly",0.05,"SameTimestamp",1000,"Monthly","BIC_ct",1525.02620657225,NA,NA,NA,"CT",1,308
"Weekly",0.05,"SameTimestamp",1000,"Monthly","error_var_dt",0.265360398416931,0.011867263570527,0.242072803330019,0.288647993503844,"DT",1,308
"Weekly",0.05,"SameTimestamp",1000,"Monthly","beta_dt",0.00472909447536835,0.0316130765472454,-0.0573064810984481,0.0667646700491848,"DT",1,308
"Weekly",0.05,"SameTimestamp",1000,"Monthly","LogLik_dt",1511.21069601428,NA,NA,NA,"DT",1,308
"Weekly",0.05,"SameTimestamp",1000,"Monthly","AIC_dt",1515.21069601428,NA,NA,NA,"DT",1,308
"Weekly",0.05,"SameTimestamp",1000,"Monthly","BIC_dt",1525.02620657225,NA,NA,NA,"DT",1,308
"Weekly",0.05,"SameTimestamp",1000,"Daily","error_var_ct",0.209560533731685,0.0113679919157804,0.187252678924831,0.23186838853854,"CT",1,309
"Weekly",0.05,"SameTimestamp",1000,"Daily","beta_ct",-0.405366996934555,0.035418431974269,-0.474869970179255,-0.335864023689855,"CT",1,309
"Weekly",0.05,"SameTimestamp",1000,"Daily","LogLik_ct",897.143003533623,NA,NA,NA,"CT",1,309
"Weekly",0.05,"SameTimestamp",1000,"Daily","AIC_ct",901.143003533623,NA,NA,NA,"CT",1,309
"Weekly",0.05,"SameTimestamp",1000,"Daily","BIC_ct",910.958514091587,NA,NA,NA,"CT",1,309
"Weekly",0.05,"SameTimestamp",1000,"Daily","error_var_dt",0.143578835477049,0.00642165047878915,0.130977379779114,0.156180291174985,"DT",1,309
"Weekly",0.05,"SameTimestamp",1000,"Daily","beta_dt",0.666732105789962,0.0236147207881943,0.620392016304484,0.713072195275439,"DT",1,309
"Weekly",0.05,"SameTimestamp",1000,"Daily","LogLik_dt",897.143003533622,NA,NA,NA,"DT",1,309
"Weekly",0.05,"SameTimestamp",1000,"Daily","AIC_dt",901.143003533622,NA,NA,NA,"DT",1,309
"Weekly",0.05,"SameTimestamp",1000,"Daily","BIC_dt",910.958514091586,NA,NA,NA,"DT",1,309
"Weekly",0.05,"SameTimestamp",1000,"Weekly","error_var_ct",1.45336694836125,0.265252841042613,0.932850932083099,1.97388296463941,"CT",1,309
"Weekly",0.05,"SameTimestamp",1000,"Weekly","beta_ct",-2.75892590487901,0.499258396099023,-3.73864016697483,-1.77921164278319,"CT",1,309
"Weekly",0.05,"SameTimestamp",1000,"Weekly","LogLik_ct",1499.74880628844,NA,NA,NA,"CT",1,309
"Weekly",0.05,"SameTimestamp",1000,"Weekly","AIC_ct",1503.74880628844,NA,NA,NA,"CT",1,309
"Weekly",0.05,"SameTimestamp",1000,"Weekly","BIC_ct",1513.56431684641,NA,NA,NA,"CT",1,309
"Weekly",0.05,"SameTimestamp",1000,"Weekly","error_var_dt",0.262336233166241,0.011732036205714,0.239314000022098,0.285358466310384,"DT",1,309
"Weekly",0.05,"SameTimestamp",1000,"Weekly","beta_dt",0.0633597769530781,0.0316059536774818,0.00133817886496645,0.12538137504119,"DT",1,309
"Weekly",0.05,"SameTimestamp",1000,"Weekly","LogLik_dt",1499.74880628844,NA,NA,NA,"DT",1,309
"Weekly",0.05,"SameTimestamp",1000,"Weekly","AIC_dt",1503.74880628844,NA,NA,NA,"DT",1,309
"Weekly",0.05,"SameTimestamp",1000,"Weekly","BIC_dt",1513.5643168464,NA,NA,NA,"DT",1,309
"Weekly",0.05,"SameTimestamp",1000,"Monthly","error_var_ct",10.2383986597062,85.027165592222,-156.613731313809,177.090528633222,"CT",1,309
"Weekly",0.05,"SameTimestamp",1000,"Monthly","beta_ct",-20.760743759969,172.412800356425,-359.093119934103,317.571632414165,"CT",1,309
"Weekly",0.05,"SameTimestamp",1000,"Monthly","LogLik_ct",1437.8088015874,NA,NA,NA,"CT",1,309
"Weekly",0.05,"SameTimestamp",1000,"Monthly","AIC_ct",1441.8088015874,NA,NA,NA,"CT",1,309
"Weekly",0.05,"SameTimestamp",1000,"Monthly","BIC_ct",1451.62431214536,NA,NA,NA,"CT",1,309
"Weekly",0.05,"SameTimestamp",1000,"Monthly","error_var_dt",0.24651203548916,0.0110243582987566,0.224878506358477,0.268145564619843,"DT",1,309
"Weekly",0.05,"SameTimestamp",1000,"Monthly","beta_dt",-0.0166164766815226,0.0316148560324575,-0.0786555442087145,0.0454225908456694,"DT",1,309
"Weekly",0.05,"SameTimestamp",1000,"Monthly","LogLik_dt",1437.53259352254,NA,NA,NA,"DT",1,309
"Weekly",0.05,"SameTimestamp",1000,"Monthly","AIC_dt",1441.53259352254,NA,NA,NA,"DT",1,309
"Weekly",0.05,"SameTimestamp",1000,"Monthly","BIC_dt",1451.3481040805,NA,NA,NA,"DT",1,309
"Weekly",0.05,"SameTimestamp",1000,"Daily","error_var_ct",0.207870454260717,0.0111302015114125,0.186029224857399,0.229711683664035,"CT",1,310
"Weekly",0.05,"SameTimestamp",1000,"Daily","beta_ct",-0.378327475593211,0.0336241670973896,-0.444309492748656,-0.312345458437766,"CT",1,310
"Weekly",0.05,"SameTimestamp",1000,"Daily","LogLik_ct",912.598357195677,NA,NA,NA,"CT",1,310
"Weekly",0.05,"SameTimestamp",1000,"Daily","AIC_ct",916.598357195677,NA,NA,NA,"CT",1,310
"Weekly",0.05,"SameTimestamp",1000,"Daily","BIC_ct",926.413867753642,NA,NA,NA,"CT",1,310
"Weekly",0.05,"SameTimestamp",1000,"Daily","error_var_dt",0.145813744382562,0.00652164559940565,0.133016064351549,0.158611424413575,"DT",1,310
"Weekly",0.05,"SameTimestamp",1000,"Daily","beta_dt",0.685006141411235,0.0230326223652922,0.639808326409905,0.730203956412564,"DT",1,310
"Weekly",0.05,"SameTimestamp",1000,"Daily","LogLik_dt",912.598357195677,NA,NA,NA,"DT",1,310
"Weekly",0.05,"SameTimestamp",1000,"Daily","AIC_dt",916.598357195677,NA,NA,NA,"DT",1,310
"Weekly",0.05,"SameTimestamp",1000,"Daily","BIC_dt",926.413867753641,NA,NA,NA,"DT",1,310
"Weekly",0.05,"SameTimestamp",1000,"Weekly","error_var_ct",1.43656950952847,0.237390480076801,0.970728893057621,1.90241012599932,"CT",1,310
"Weekly",0.05,"SameTimestamp",1000,"Weekly","beta_ct",-2.60368969668143,0.42643847974004,-3.44050659104351,-1.76687280231935,"CT",1,310
"Weekly",0.05,"SameTimestamp",1000,"Weekly","LogLik_ct",1544.56741187618,NA,NA,NA,"CT",1,310
"Weekly",0.05,"SameTimestamp",1000,"Weekly","AIC_ct",1548.56741187618,NA,NA,NA,"CT",1,310
"Weekly",0.05,"SameTimestamp",1000,"Weekly","BIC_ct",1558.38292243414,NA,NA,NA,"CT",1,310
"Weekly",0.05,"SameTimestamp",1000,"Weekly","error_var_dt",0.274361228661172,0.0122697928970393,0.250283734545665,0.298438722776678,"DT",1,310
"Weekly",0.05,"SameTimestamp",1000,"Weekly","beta_dt",0.0740000394899885,0.0315703348972389,0.0120483375263588,0.135951741453618,"DT",1,310
"Weekly",0.05,"SameTimestamp",1000,"Weekly","LogLik_dt",1544.56741187617,NA,NA,NA,"DT",1,310
"Weekly",0.05,"SameTimestamp",1000,"Weekly","AIC_dt",1548.56741187617,NA,NA,NA,"DT",1,310
"Weekly",0.05,"SameTimestamp",1000,"Weekly","BIC_dt",1558.38292243414,NA,NA,NA,"DT",1,310
"Weekly",0.05,"SameTimestamp",1000,"Monthly","error_var_ct",12.1168517257483,68.3589536517675,-122.026594549516,146.260298001013,"CT",1,310
"Weekly",0.05,"SameTimestamp",1000,"Monthly","beta_ct",-22.4904578037077,126.881561861791,-271.475105281393,226.494189673978,"CT",1,310
"Weekly",0.05,"SameTimestamp",1000,"Monthly","LogLik_ct",1526.23969272327,NA,NA,NA,"CT",1,310
"Weekly",0.05,"SameTimestamp",1000,"Monthly","AIC_ct",1530.23969272327,NA,NA,NA,"CT",1,310
"Weekly",0.05,"SameTimestamp",1000,"Monthly","BIC_ct",1540.05520328124,NA,NA,NA,"CT",1,310
"Weekly",0.05,"SameTimestamp",1000,"Monthly","error_var_dt",0.269167497859385,0.0120375533628703,0.245545736457891,0.292789259260878,"DT",1,310
"Weekly",0.05,"SameTimestamp",1000,"Monthly","beta_dt",-0.0279829883352635,0.0315970631592645,-0.0899871402120285,0.0340211635415014,"DT",1,310
"Weekly",0.05,"SameTimestamp",1000,"Monthly","LogLik_dt",1525.45565641702,NA,NA,NA,"DT",1,310
"Weekly",0.05,"SameTimestamp",1000,"Monthly","AIC_dt",1529.45565641702,NA,NA,NA,"DT",1,310
"Weekly",0.05,"SameTimestamp",1000,"Monthly","BIC_dt",1539.27116697499,NA,NA,NA,"DT",1,310
"Weekly",0.05,"SameTimestamp",1000,"Daily","error_var_ct",0.21054029471913,0.0113519698388819,0.188263880659929,0.23281670877833,"CT",1,311
"Weekly",0.05,"SameTimestamp",1000,"Daily","beta_ct",-0.393065993604709,0.034570982869988,-0.460905984353066,-0.325226002856351,"CT",1,311
"Weekly",0.05,"SameTimestamp",1000,"Daily","LogLik_ct",912.762746963382,NA,NA,NA,"CT",1,311
"Weekly",0.05,"SameTimestamp",1000,"Daily","AIC_ct",916.762746963382,NA,NA,NA,"CT",1,311
"Weekly",0.05,"SameTimestamp",1000,"Daily","BIC_ct",926.578257521347,NA,NA,NA,"CT",1,311
"Weekly",0.05,"SameTimestamp",1000,"Daily","error_var_dt",0.145799122687965,0.00652195853860322,0.133000828564135,0.158597416811796,"DT",1,311
"Weekly",0.05,"SameTimestamp",1000,"Daily","beta_dt",0.674984215954257,0.0233349393809243,0.629193152458354,0.72077527945016,"DT",1,311
"Weekly",0.05,"SameTimestamp",1000,"Daily","LogLik_dt",912.762746963387,NA,NA,NA,"DT",1,311
"Weekly",0.05,"SameTimestamp",1000,"Daily","AIC_dt",916.762746963387,NA,NA,NA,"DT",1,311
"Weekly",0.05,"SameTimestamp",1000,"Daily","BIC_dt",926.578257521352,NA,NA,NA,"DT",1,311
"Weekly",0.05,"SameTimestamp",1000,"Weekly","error_var_ct",1.28003409953462,0.221241939081621,0.845882396156939,1.7141858029123,"CT",1,311
"Weekly",0.05,"SameTimestamp",1000,"Weekly","beta_ct",-2.67779510308756,0.458738427657496,-3.57799544755672,-1.77759475861839,"CT",1,311
"Weekly",0.05,"SameTimestamp",1000,"Weekly","LogLik_ct",1401.8933115785,NA,NA,NA,"CT",1,311
"Weekly",0.05,"SameTimestamp",1000,"Weekly","AIC_ct",1405.8933115785,NA,NA,NA,"CT",1,311
"Weekly",0.05,"SameTimestamp",1000,"Weekly","BIC_ct",1415.70882213646,NA,NA,NA,"CT",1,311
"Weekly",0.05,"SameTimestamp",1000,"Weekly","error_var_dt",0.237880466731795,0.010638386124753,0.21700434588227,0.258756587581319,"DT",1,311
"Weekly",0.05,"SameTimestamp",1000,"Weekly","beta_dt",0.0687145972545469,0.031543148870333,0.00681624349396698,0.130612951015127,"DT",1,311
"Weekly",0.05,"SameTimestamp",1000,"Weekly","LogLik_dt",1401.89331157852,NA,NA,NA,"DT",1,311
"Weekly",0.05,"SameTimestamp",1000,"Weekly","AIC_dt",1405.89331157852,NA,NA,NA,"DT",1,311
"Weekly",0.05,"SameTimestamp",1000,"Weekly","BIC_dt",1415.70882213648,NA,NA,NA,"DT",1,311
"Weekly",0.05,"SameTimestamp",1000,"Monthly","error_var_ct",1.57342072790478,0.380854684970455,0.826054695471424,2.32078676033813,"CT",1,311
"Weekly",0.05,"SameTimestamp",1000,"Monthly","beta_ct",-3.1865636053528,0.766351344940016,-4.69040479917248,-1.68272241153313,"CT",1,311
"Weekly",0.05,"SameTimestamp",1000,"Monthly","LogLik_ct",1437.33163848133,NA,NA,NA,"CT",1,311
"Weekly",0.05,"SameTimestamp",1000,"Monthly","AIC_ct",1441.33163848133,NA,NA,NA,"CT",1,311
"Weekly",0.05,"SameTimestamp",1000,"Monthly","BIC_ct",1451.1471490393,NA,NA,NA,"CT",1,311
"Weekly",0.05,"SameTimestamp",1000,"Monthly","error_var_dt",0.246462221719761,0.0110221347667278,0.224833055912875,0.268091387526646,"DT",1,311
"Weekly",0.05,"SameTimestamp",1000,"Monthly","beta_dt",0.041313521009103,0.0316182907500766,-0.0207322865987044,0.10335932861691,"DT",1,311
"Weekly",0.05,"SameTimestamp",1000,"Monthly","LogLik_dt",1437.33163848133,NA,NA,NA,"DT",1,311
"Weekly",0.05,"SameTimestamp",1000,"Monthly","AIC_dt",1441.33163848133,NA,NA,NA,"DT",1,311
"Weekly",0.05,"SameTimestamp",1000,"Monthly","BIC_dt",1451.14714903929,NA,NA,NA,"DT",1,311
"Weekly",0.05,"SameTimestamp",1000,"Daily","error_var_ct",0.239090145670403,0.0134487194343873,0.212699197937235,0.265481093403571,"CT",1,312
"Weekly",0.05,"SameTimestamp",1000,"Daily","beta_ct",-0.485875443531165,0.0405708580966131,-0.565489223916811,-0.406261663145519,"CT",1,312
"Weekly",0.05,"SameTimestamp",1000,"Daily","LogLik_ct",960.233579894692,NA,NA,NA,"CT",1,312
"Weekly",0.05,"SameTimestamp",1000,"Daily","AIC_ct",964.233579894692,NA,NA,NA,"CT",1,312
"Weekly",0.05,"SameTimestamp",1000,"Daily","BIC_ct",974.049090452656,NA,NA,NA,"CT",1,312
"Weekly",0.05,"SameTimestamp",1000,"Daily","error_var_dt",0.152933929469088,0.0068399385719618,0.139511650698876,0.166356208239301,"DT",1,312
"Weekly",0.05,"SameTimestamp",1000,"Daily","beta_dt",0.6151584072809,0.0249575273693333,0.566183275963263,0.664133538598538,"DT",1,312
"Weekly",0.05,"SameTimestamp",1000,"Daily","LogLik_dt",960.233579894691,NA,NA,NA,"DT",1,312
"Weekly",0.05,"SameTimestamp",1000,"Daily","AIC_dt",964.233579894691,NA,NA,NA,"DT",1,312
"Weekly",0.05,"SameTimestamp",1000,"Daily","BIC_dt",974.049090452655,NA,NA,NA,"DT",1,312
"Weekly",0.05,"SameTimestamp",1000,"Weekly","error_var_ct",1.37644125649815,0.300990732378802,0.785795379384666,1.96708713361164,"CT",1,312
"Weekly",0.05,"SameTimestamp",1000,"Weekly","beta_ct",-3.03837947881031,0.659565069310685,-4.33266979066665,-1.74408916695398,"CT",1,312
"Weekly",0.05,"SameTimestamp",1000,"Weekly","LogLik_ct",1350.60871099565,NA,NA,NA,"CT",1,312
"Weekly",0.05,"SameTimestamp",1000,"Weekly","AIC_ct",1354.60871099565,NA,NA,NA,"CT",1,312
"Weekly",0.05,"SameTimestamp",1000,"Weekly","BIC_ct",1364.42422155361,NA,NA,NA,"CT",1,312
"Weekly",0.05,"SameTimestamp",1000,"Weekly","error_var_dt",0.225989124537761,0.0101065362490457,0.20615667348447,0.245821575591052,"DT",1,312
"Weekly",0.05,"SameTimestamp",1000,"Weekly","beta_dt",0.0479124692391366,0.0315796299881262,-0.014057472844601,0.109882411322874,"DT",1,312
"Weekly",0.05,"SameTimestamp",1000,"Weekly","LogLik_dt",1350.60871099564,NA,NA,NA,"DT",1,312
"Weekly",0.05,"SameTimestamp",1000,"Weekly","AIC_dt",1354.60871099564,NA,NA,NA,"DT",1,312
"Weekly",0.05,"SameTimestamp",1000,"Weekly","BIC_dt",1364.42422155361,NA,NA,NA,"DT",1,312
"Weekly",0.05,"SameTimestamp",1000,"Monthly","error_var_ct",9.30251748665373,101.250955280626,-189.386189031525,207.991224004832,"CT",1,312
"Weekly",0.05,"SameTimestamp",1000,"Monthly","beta_ct",-19.2133916081653,209.124779060825,-429.587118328409,391.160335112079,"CT",1,312
"Weekly",0.05,"SameTimestamp",1000,"Monthly","LogLik_ct",1419.40993115877,NA,NA,NA,"CT",1,312
"Weekly",0.05,"SameTimestamp",1000,"Monthly","AIC_ct",1423.40993115877,NA,NA,NA,"CT",1,312
"Weekly",0.05,"SameTimestamp",1000,"Monthly","BIC_ct",1433.22544171673,NA,NA,NA,"CT",1,312
"Weekly",0.05,"SameTimestamp",1000,"Monthly","error_var_dt",0.241937566676136,0.0108197740660064,0.220705501180699,0.263169632171572,"DT",1,312
"Weekly",0.05,"SameTimestamp",1000,"Monthly","beta_dt",-0.0246505439498812,0.0315977309952037,-0.0866560063472094,0.0373549184474469,"DT",1,312
"Weekly",0.05,"SameTimestamp",1000,"Monthly","LogLik_dt",1418.80150198212,NA,NA,NA,"DT",1,312
"Weekly",0.05,"SameTimestamp",1000,"Monthly","AIC_dt",1422.80150198212,NA,NA,NA,"DT",1,312
"Weekly",0.05,"SameTimestamp",1000,"Monthly","BIC_dt",1432.61701254008,NA,NA,NA,"DT",1,312
"Weekly",0.05,"SameTimestamp",1000,"Daily","error_var_ct",0.227129780225163,0.0125566549491853,0.202489365493924,0.251770194956402,"CT",1,313
"Weekly",0.05,"SameTimestamp",1000,"Daily","beta_ct",-0.448146066781364,0.0381001899576966,-0.522911558522262,-0.373380575040466,"CT",1,313
"Weekly",0.05,"SameTimestamp",1000,"Daily","LogLik_ct",940.86661587528,NA,NA,NA,"CT",1,313
"Weekly",0.05,"SameTimestamp",1000,"Daily","AIC_ct",944.86661587528,NA,NA,NA,"CT",1,313
"Weekly",0.05,"SameTimestamp",1000,"Daily","BIC_ct",954.682126433244,NA,NA,NA,"CT",1,313
"Weekly",0.05,"SameTimestamp",1000,"Daily","error_var_dt",0.149998714517025,0.00670871347556339,0.13683394388186,0.16316348515219,"DT",1,313
"Weekly",0.05,"SameTimestamp",1000,"Daily","beta_dt",0.638811370864332,0.0243392417266771,0.591049525626393,0.686573216102271,"DT",1,313
"Weekly",0.05,"SameTimestamp",1000,"Daily","LogLik_dt",940.866615875281,NA,NA,NA,"DT",1,313
"Weekly",0.05,"SameTimestamp",1000,"Daily","AIC_dt",944.866615875281,NA,NA,NA,"DT",1,313
"Weekly",0.05,"SameTimestamp",1000,"Daily","BIC_dt",954.682126433245,NA,NA,NA,"DT",1,313
"Weekly",0.05,"SameTimestamp",1000,"Weekly","error_var_ct",1.12306152582889,0.156321850593675,0.816305049221816,1.42981800243596,"CT",1,313
"Weekly",0.05,"SameTimestamp",1000,"Weekly","beta_ct",-2.31997829951791,0.320276162920598,-2.94846873067412,-1.69148786836169,"CT",1,313
"Weekly",0.05,"SameTimestamp",1000,"Weekly","LogLik_ct",1409.52538495005,NA,NA,NA,"CT",1,313
"Weekly",0.05,"SameTimestamp",1000,"Weekly","AIC_ct",1413.52538495005,NA,NA,NA,"CT",1,313
"Weekly",0.05,"SameTimestamp",1000,"Weekly","BIC_ct",1423.34089550801,NA,NA,NA,"CT",1,313
"Weekly",0.05,"SameTimestamp",1000,"Weekly","error_var_dt",0.239703671543175,0.0107198772176385,0.218667637537343,0.260739705549008,"DT",1,313
"Weekly",0.05,"SameTimestamp",1000,"Weekly","beta_dt",0.0982760527212445,0.0314554324913712,0.0365498282391299,0.160002277203359,"DT",1,313
"Weekly",0.05,"SameTimestamp",1000,"Weekly","LogLik_dt",1409.52538494992,NA,NA,NA,"DT",1,313
"Weekly",0.05,"SameTimestamp",1000,"Weekly","AIC_dt",1413.52538494992,NA,NA,NA,"DT",1,313
"Weekly",0.05,"SameTimestamp",1000,"Weekly","BIC_dt",1423.34089550788,NA,NA,NA,"DT",1,313
"Weekly",0.05,"SameTimestamp",1000,"Monthly","error_var_ct",2.04069527973215,0.867274255766652,0.338809113846611,3.74258144561769,"CT",1,313
"Weekly",0.05,"SameTimestamp",1000,"Monthly","beta_ct",-3.97451050339111,1.6844482090852,-7.27996905370704,-0.669051953075174,"CT",1,313
"Weekly",0.05,"SameTimestamp",1000,"Monthly","LogLik_ct",1477.76567871895,NA,NA,NA,"CT",1,313
"Weekly",0.05,"SameTimestamp",1000,"Monthly","AIC_ct",1481.76567871895,NA,NA,NA,"CT",1,313
"Weekly",0.05,"SameTimestamp",1000,"Monthly","BIC_ct",1491.58118927692,NA,NA,NA,"CT",1,313
"Weekly",0.05,"SameTimestamp",1000,"Monthly","error_var_dt",0.256632192084739,0.0114769338418747,0.234110556278769,0.279153827890709,"DT",1,313
"Weekly",0.05,"SameTimestamp",1000,"Monthly","beta_dt",0.0187885119560927,0.0316081393040046,-0.0432373750723608,0.0808143989845462,"DT",1,313
"Weekly",0.05,"SameTimestamp",1000,"Monthly","LogLik_dt",1477.76567871894,NA,NA,NA,"DT",1,313
"Weekly",0.05,"SameTimestamp",1000,"Monthly","AIC_dt",1481.76567871894,NA,NA,NA,"DT",1,313
"Weekly",0.05,"SameTimestamp",1000,"Monthly","BIC_dt",1491.58118927691,NA,NA,NA,"DT",1,313
"Weekly",0.05,"SameTimestamp",1000,"Daily","error_var_ct",0.213962014650951,0.0115768375963172,0.191244333803317,0.236679695498585,"CT",1,314
"Weekly",0.05,"SameTimestamp",1000,"Daily","beta_ct",-0.401113920738939,0.0350740999352531,-0.469941197766697,-0.332286643711181,"CT",1,314
"Weekly",0.05,"SameTimestamp",1000,"Daily","LogLik_ct",921.668233177873,NA,NA,NA,"CT",1,314
"Weekly",0.05,"SameTimestamp",1000,"Daily","AIC_ct",925.668233177873,NA,NA,NA,"CT",1,314
"Weekly",0.05,"SameTimestamp",1000,"Daily","BIC_ct",935.483743735837,NA,NA,NA,"CT",1,314
"Weekly",0.05,"SameTimestamp",1000,"Daily","error_var_dt",0.147136039747673,0.0065809446661845,0.134221994840463,0.160050084654883,"DT",1,314
"Weekly",0.05,"SameTimestamp",1000,"Daily","beta_dt",0.669573778836708,0.0234847803370361,0.623488676576719,0.715658881096698,"DT",1,314
"Weekly",0.05,"SameTimestamp",1000,"Daily","LogLik_dt",921.668233177873,NA,NA,NA,"DT",1,314
"Weekly",0.05,"SameTimestamp",1000,"Daily","AIC_dt",925.668233177873,NA,NA,NA,"DT",1,314
"Weekly",0.05,"SameTimestamp",1000,"Daily","BIC_dt",935.483743735838,NA,NA,NA,"DT",1,314
"Weekly",0.05,"SameTimestamp",1000,"Weekly","error_var_ct",1.3898003963387,0.244125635716746,0.910743120740142,1.86885767193727,"CT",1,314
"Weekly",0.05,"SameTimestamp",1000,"Weekly","beta_ct",-2.70347153227023,0.470716658286543,-3.62717722682193,-1.77976583771854,"CT",1,314
"Weekly",0.05,"SameTimestamp",1000,"Weekly","LogLik_ct",1474.8584683742,NA,NA,NA,"CT",1,314
"Weekly",0.05,"SameTimestamp",1000,"Weekly","AIC_ct",1478.8584683742,NA,NA,NA,"CT",1,314
"Weekly",0.05,"SameTimestamp",1000,"Weekly","BIC_ct",1488.67397893217,NA,NA,NA,"CT",1,314
"Weekly",0.05,"SameTimestamp",1000,"Weekly","error_var_dt",0.255887059468495,0.0114436300249692,0.233430777043979,0.27834334189301,"DT",1,314
"Weekly",0.05,"SameTimestamp",1000,"Weekly","beta_dt",0.0669726551869549,0.0315407109144124,0.00507908552255534,0.128866224851354,"DT",1,314
"Weekly",0.05,"SameTimestamp",1000,"Weekly","LogLik_dt",1474.85846837421,NA,NA,NA,"DT",1,314
"Weekly",0.05,"SameTimestamp",1000,"Weekly","AIC_dt",1478.85846837421,NA,NA,NA,"DT",1,314
"Weekly",0.05,"SameTimestamp",1000,"Weekly","BIC_dt",1488.67397893217,NA,NA,NA,"DT",1,314
"Weekly",0.05,"SameTimestamp",1000,"Monthly","error_var_ct",8.50296321552521,48.4001866130836,-86.4746144946199,103.48054092567,"CT",1,314
"Weekly",0.05,"SameTimestamp",1000,"Monthly","beta_ct",-16.577120245484,94.3609529126991,-201.745305850094,168.591065359126,"CT",1,314
"Weekly",0.05,"SameTimestamp",1000,"Monthly","LogLik_ct",1477.12771291464,NA,NA,NA,"CT",1,314
"Weekly",0.05,"SameTimestamp",1000,"Monthly","AIC_ct",1481.12771291464,NA,NA,NA,"CT",1,314
"Weekly",0.05,"SameTimestamp",1000,"Monthly","BIC_ct",1490.94322347261,NA,NA,NA,"CT",1,314
"Weekly",0.05,"SameTimestamp",1000,"Monthly","error_var_dt",0.256341650669706,0.01146393720264,0.233845518676826,0.278837782662587,"DT",1,314
"Weekly",0.05,"SameTimestamp",1000,"Monthly","beta_dt",-0.0222450668460272,0.0316219111957131,-0.0842979789957973,0.0398078453037428,"DT",1,314
"Weekly",0.05,"SameTimestamp",1000,"Monthly","LogLik_dt",1476.63296123824,NA,NA,NA,"DT",1,314
"Weekly",0.05,"SameTimestamp",1000,"Monthly","AIC_dt",1480.63296123824,NA,NA,NA,"DT",1,314
"Weekly",0.05,"SameTimestamp",1000,"Monthly","BIC_dt",1490.4484717962,NA,NA,NA,"DT",1,314
"Weekly",0.05,"SameTimestamp",1000,"Daily","error_var_ct",0.218999495390243,0.0118883764531205,0.195670469668708,0.242328521111778,"CT",1,315
"Weekly",0.05,"SameTimestamp",1000,"Daily","beta_ct",-0.406858158227154,0.0355150319418969,-0.476550693363536,-0.337165623090771,"CT",1,315
"Weekly",0.05,"SameTimestamp",1000,"Daily","LogLik_ct",939.931599545228,NA,NA,NA,"CT",1,315
"Weekly",0.05,"SameTimestamp",1000,"Daily","AIC_ct",943.931599545228,NA,NA,NA,"CT",1,315
"Weekly",0.05,"SameTimestamp",1000,"Daily","BIC_ct",953.747110103193,NA,NA,NA,"CT",1,315
"Weekly",0.05,"SameTimestamp",1000,"Daily","error_var_dt",0.149852208626554,0.00670232299120648,0.136699978288588,0.16300443896452,"DT",1,315
"Weekly",0.05,"SameTimestamp",1000,"Daily","beta_dt",0.665738617088995,0.023643848889791,0.619341368391404,0.712135865786586,"DT",1,315
"Weekly",0.05,"SameTimestamp",1000,"Daily","LogLik_dt",939.931599545229,NA,NA,NA,"DT",1,315
"Weekly",0.05,"SameTimestamp",1000,"Daily","AIC_dt",943.931599545229,NA,NA,NA,"DT",1,315
"Weekly",0.05,"SameTimestamp",1000,"Daily","BIC_dt",953.747110103193,NA,NA,NA,"DT",1,315
"Weekly",0.05,"SameTimestamp",1000,"Weekly","error_var_ct",1.56928602116528,0.354331128281409,0.873968200585351,2.2646038417452,"CT",1,315
"Weekly",0.05,"SameTimestamp",1000,"Weekly","beta_ct",-3.08445165069671,0.691549794941763,-4.44150683964842,-1.727396461745,"CT",1,315
"Weekly",0.05,"SameTimestamp",1000,"Weekly","LogLik_ct",1466.88117339311,NA,NA,NA,"CT",1,315
"Weekly",0.05,"SameTimestamp",1000,"Weekly","AIC_ct",1470.88117339311,NA,NA,NA,"CT",1,315
"Weekly",0.05,"SameTimestamp",1000,"Weekly","BIC_ct",1480.69668395108,NA,NA,NA,"CT",1,315
"Weekly",0.05,"SameTimestamp",1000,"Weekly","error_var_dt",0.25385402259221,0.0113526962360774,0.231576183095405,0.276131862089016,"DT",1,315
"Weekly",0.05,"SameTimestamp",1000,"Weekly","beta_dt",0.0457552182609011,0.0315873382264775,-0.0162298500001977,0.107740286522,"DT",1,315
"Weekly",0.05,"SameTimestamp",1000,"Weekly","LogLik_dt",1466.88117339314,NA,NA,NA,"DT",1,315
"Weekly",0.05,"SameTimestamp",1000,"Weekly","AIC_dt",1470.88117339314,NA,NA,NA,"DT",1,315
"Weekly",0.05,"SameTimestamp",1000,"Weekly","BIC_dt",1480.6966839511,NA,NA,NA,"DT",1,315
"Weekly",0.05,"SameTimestamp",1000,"Monthly","error_var_ct",10.1279569580933,43.5203411409504,-75.273709273691,95.5296231898775,"CT",1,315
"Weekly",0.05,"SameTimestamp",1000,"Monthly","beta_ct",-20.9591751339103,90.0621594341856,-197.691670295231,155.773320027411,"CT",1,315
"Weekly",0.05,"SameTimestamp",1000,"Monthly","LogLik_ct",1417.45380057248,NA,NA,NA,"CT",1,315
"Weekly",0.05,"SameTimestamp",1000,"Monthly","AIC_ct",1421.45380057248,NA,NA,NA,"CT",1,315
"Weekly",0.05,"SameTimestamp",1000,"Monthly","BIC_ct",1431.26931113045,NA,NA,NA,"CT",1,315
"Weekly",0.05,"SameTimestamp",1000,"Monthly","error_var_dt",0.241289413479373,0.0107907981508061,0.220114208554737,0.26246461840401,"DT",1,315
"Weekly",0.05,"SameTimestamp",1000,"Monthly","beta_dt",-0.0365583940867418,0.0316326131355894,-0.0986323070713717,0.025515518897888,"DT",1,315
"Weekly",0.05,"SameTimestamp",1000,"Monthly","LogLik_dt",1416.11898709091,NA,NA,NA,"DT",1,315
"Weekly",0.05,"SameTimestamp",1000,"Monthly","AIC_dt",1420.11898709091,NA,NA,NA,"DT",1,315
"Weekly",0.05,"SameTimestamp",1000,"Monthly","BIC_dt",1429.93449764887,NA,NA,NA,"DT",1,315
"Weekly",0.05,"SameTimestamp",1000,"Daily","error_var_ct",0.196739216654305,0.0106616153137571,0.175817512259382,0.217660921049228,"CT",1,316
"Weekly",0.05,"SameTimestamp",1000,"Daily","beta_ct",-0.404153952740118,0.0352798887394857,-0.473385057180819,-0.334922848299418,"CT",1,316
"Weekly",0.05,"SameTimestamp",1000,"Daily","LogLik_ct",835.236543774008,NA,NA,NA,"CT",1,316
"Weekly",0.05,"SameTimestamp",1000,"Daily","AIC_ct",839.236543774008,NA,NA,NA,"CT",1,316
"Weekly",0.05,"SameTimestamp",1000,"Daily","BIC_ct",849.052054331973,NA,NA,NA,"CT",1,316
"Weekly",0.05,"SameTimestamp",1000,"Daily","error_var_dt",0.134936201879632,0.00603568725888797,0.12309213689187,0.146780266867394,"DT",1,316
"Weekly",0.05,"SameTimestamp",1000,"Daily","beta_dt",0.667541395530878,0.0235505447244012,0.621327241243435,0.71375554981832,"DT",1,316
"Weekly",0.05,"SameTimestamp",1000,"Daily","LogLik_dt",835.236543773974,NA,NA,NA,"DT",1,316
"Weekly",0.05,"SameTimestamp",1000,"Daily","AIC_dt",839.236543773974,NA,NA,NA,"DT",1,316
"Weekly",0.05,"SameTimestamp",1000,"Daily","BIC_dt",849.052054331938,NA,NA,NA,"DT",1,316
"Weekly",0.05,"SameTimestamp",1000,"Weekly","error_var_ct",2.54799693944094,2.92878627652547,-3.19927483037305,8.29526870925493,"CT",1,316
"Weekly",0.05,"SameTimestamp",1000,"Weekly","beta_ct",-5.19735304947541,5.97087683379724,-16.9142380072368,6.51953190828596,"CT",1,316
"Weekly",0.05,"SameTimestamp",1000,"Weekly","LogLik_ct",1431.85782598383,NA,NA,NA,"CT",1,316
"Weekly",0.05,"SameTimestamp",1000,"Weekly","AIC_ct",1435.85782598383,NA,NA,NA,"CT",1,316
"Weekly",0.05,"SameTimestamp",1000,"Weekly","BIC_ct",1445.67333654179,NA,NA,NA,"CT",1,316
"Weekly",0.05,"SameTimestamp",1000,"Weekly","error_var_dt",0.245117095787569,0.0109619657857467,0.223606001923517,0.266628189651622,"DT",1,316
"Weekly",0.05,"SameTimestamp",1000,"Weekly","beta_dt",0.00553116268338715,0.0316417648956425,-0.0565607091576532,0.0676230345244275,"DT",1,316
"Weekly",0.05,"SameTimestamp",1000,"Weekly","LogLik_dt",1431.85782598372,NA,NA,NA,"DT",1,316
"Weekly",0.05,"SameTimestamp",1000,"Weekly","AIC_dt",1435.85782598372,NA,NA,NA,"DT",1,316
"Weekly",0.05,"SameTimestamp",1000,"Weekly","BIC_dt",1445.67333654169,NA,NA,NA,"DT",1,316
"Weekly",0.05,"SameTimestamp",1000,"Monthly","error_var_ct",2.15450820705482,1.4493488089479,-0.689605602492854,4.99862201660249,"CT",1,316
"Weekly",0.05,"SameTimestamp",1000,"Monthly","beta_ct",-4.60096239068664,3.09133714666761,-10.6672140856029,1.4652893042296,"CT",1,316
"Weekly",0.05,"SameTimestamp",1000,"Monthly","LogLik_ct",1385.92631886655,NA,NA,NA,"CT",1,316
"Weekly",0.05,"SameTimestamp",1000,"Monthly","AIC_ct",1389.92631886655,NA,NA,NA,"CT",1,316
"Weekly",0.05,"SameTimestamp",1000,"Monthly","BIC_ct",1399.74182942452,NA,NA,NA,"CT",1,316
"Weekly",0.05,"SameTimestamp",1000,"Monthly","error_var_dt",0.234113137750468,0.0104698743099764,0.213567694220661,0.254658581280276,"DT",1,316
"Weekly",0.05,"SameTimestamp",1000,"Monthly","beta_dt",0.010042080766207,0.031620690927121,-0.0520084368028156,0.0720925983352296,"DT",1,316
"Weekly",0.05,"SameTimestamp",1000,"Monthly","LogLik_dt",1385.92631886652,NA,NA,NA,"DT",1,316
"Weekly",0.05,"SameTimestamp",1000,"Monthly","AIC_dt",1389.92631886652,NA,NA,NA,"DT",1,316
"Weekly",0.05,"SameTimestamp",1000,"Monthly","BIC_dt",1399.74182942448,NA,NA,NA,"DT",1,316
"Weekly",0.05,"SameTimestamp",1000,"Daily","error_var_ct",0.223092537630873,0.0124289023750237,0.198702816768588,0.247482258493159,"CT",1,317
"Weekly",0.05,"SameTimestamp",1000,"Daily","beta_ct",-0.465520674565667,0.0391922147302183,-0.542429089194915,-0.388612259936419,"CT",1,317
"Weekly",0.05,"SameTimestamp",1000,"Daily","LogLik_ct",908.346766462998,NA,NA,NA,"CT",1,317
"Weekly",0.05,"SameTimestamp",1000,"Daily","AIC_ct",912.346766462998,NA,NA,NA,"CT",1,317
"Weekly",0.05,"SameTimestamp",1000,"Daily","BIC_ct",922.162277020962,NA,NA,NA,"CT",1,317
"Weekly",0.05,"SameTimestamp",1000,"Daily","error_var_dt",0.145173103989775,0.00649358140714074,0.132430495420015,0.157915712559535,"DT",1,317
"Weekly",0.05,"SameTimestamp",1000,"Daily","beta_dt",0.627808136934276,0.0246053673196361,0.579524063044866,0.676092210823687,"DT",1,317
"Weekly",0.05,"SameTimestamp",1000,"Daily","LogLik_dt",908.346766462998,NA,NA,NA,"DT",1,317
"Weekly",0.05,"SameTimestamp",1000,"Daily","AIC_dt",912.346766462998,NA,NA,NA,"DT",1,317
"Weekly",0.05,"SameTimestamp",1000,"Daily","BIC_dt",922.162277020962,NA,NA,NA,"DT",1,317
"Weekly",0.05,"SameTimestamp",1000,"Weekly","error_var_ct",1.12451781203692,0.156182955426234,0.818033894845054,1.43100172922879,"CT",1,317
"Weekly",0.05,"SameTimestamp",1000,"Weekly","beta_ct",-2.31695897065464,0.31916155737437,-2.94326216778778,-1.69065577352149,"CT",1,317
"Weekly",0.05,"SameTimestamp",1000,"Weekly","LogLik_ct",1412.06911241974,NA,NA,NA,"CT",1,317
"Weekly",0.05,"SameTimestamp",1000,"Weekly","AIC_ct",1416.06911241974,NA,NA,NA,"CT",1,317
"Weekly",0.05,"SameTimestamp",1000,"Weekly","BIC_ct",1425.8846229777,NA,NA,NA,"CT",1,317
"Weekly",0.05,"SameTimestamp",1000,"Weekly","error_var_dt",0.240313112084146,0.0107471793546072,0.219223502027949,0.261402722140342,"DT",1,317
"Weekly",0.05,"SameTimestamp",1000,"Weekly","beta_dt",0.0985729193932991,0.0314604249683701,0.0368368979784596,0.160308940808139,"DT",1,317
"Weekly",0.05,"SameTimestamp",1000,"Weekly","LogLik_dt",1412.06911241974,NA,NA,NA,"DT",1,317
"Weekly",0.05,"SameTimestamp",1000,"Weekly","AIC_dt",1416.06911241974,NA,NA,NA,"DT",1,317
"Weekly",0.05,"SameTimestamp",1000,"Weekly","BIC_dt",1425.8846229777,NA,NA,NA,"DT",1,317
"Weekly",0.05,"SameTimestamp",1000,"Monthly","error_var_ct",9.12792328318271,119.131067820555,-224.647626841675,242.90347340804,"CT",1,317
"Weekly",0.05,"SameTimestamp",1000,"Monthly","beta_ct",-20.323655292073,265.247228784698,-540.828658417189,500.181347833043,"CT",1,317
"Weekly",0.05,"SameTimestamp",1000,"Monthly","LogLik_ct",1344.28289105077,NA,NA,NA,"CT",1,317
"Weekly",0.05,"SameTimestamp",1000,"Monthly","AIC_ct",1348.28289105077,NA,NA,NA,"CT",1,317
"Weekly",0.05,"SameTimestamp",1000,"Monthly","BIC_ct",1358.09840160873,NA,NA,NA,"CT",1,317
"Weekly",0.05,"SameTimestamp",1000,"Monthly","error_var_dt",0.224493386018395,0.0100396527497933,0.204792183069549,0.24419458896724,"DT",1,317
"Weekly",0.05,"SameTimestamp",1000,"Monthly","beta_dt",-0.017785792886337,0.0317025076609686,-0.0799968626296542,0.0444252768569803,"DT",1,317
"Weekly",0.05,"SameTimestamp",1000,"Monthly","LogLik_dt",1343.96818821645,NA,NA,NA,"DT",1,317
"Weekly",0.05,"SameTimestamp",1000,"Monthly","AIC_dt",1347.96818821645,NA,NA,NA,"DT",1,317
"Weekly",0.05,"SameTimestamp",1000,"Monthly","BIC_dt",1357.78369877442,NA,NA,NA,"DT",1,317
"Weekly",0.05,"SameTimestamp",1000,"Daily","error_var_ct",0.200987903393598,0.0109545676529944,0.179491327174571,0.222484479612626,"CT",1,318
"Weekly",0.05,"SameTimestamp",1000,"Daily","beta_ct",-0.417191459228673,0.0360972280865439,-0.488026460612402,-0.346356457844943,"CT",1,318
"Weekly",0.05,"SameTimestamp",1000,"Daily","LogLik_ct",845.1592584106,NA,NA,NA,"CT",1,318
"Weekly",0.05,"SameTimestamp",1000,"Daily","AIC_ct",849.1592584106,NA,NA,NA,"CT",1,318
"Weekly",0.05,"SameTimestamp",1000,"Daily","BIC_ct",858.974768968564,NA,NA,NA,"CT",1,318
"Weekly",0.05,"SameTimestamp",1000,"Daily","error_var_dt",0.136304988017693,0.00609634362799768,0.124341894666326,0.14826808136906,"DT",1,318
"Weekly",0.05,"SameTimestamp",1000,"Daily","beta_dt",0.6588947603553,0.0237842202866638,0.612222055379796,0.705567465330805,"DT",1,318
"Weekly",0.05,"SameTimestamp",1000,"Daily","LogLik_dt",845.1592584106,NA,NA,NA,"DT",1,318
"Weekly",0.05,"SameTimestamp",1000,"Daily","AIC_dt",849.1592584106,NA,NA,NA,"DT",1,318
"Weekly",0.05,"SameTimestamp",1000,"Daily","BIC_dt",858.974768968564,NA,NA,NA,"DT",1,318
"Weekly",0.05,"SameTimestamp",1000,"Weekly","error_var_ct",1.45501587315437,0.24475128237538,0.974730866666782,1.93530087964196,"CT",1,318
"Weekly",0.05,"SameTimestamp",1000,"Weekly","beta_ct",-2.63012749494861,0.438556610294817,-3.49072427048489,-1.76953071941233,"CT",1,318
"Weekly",0.05,"SameTimestamp",1000,"Weekly","LogLik_ct",1547.50688027033,NA,NA,NA,"CT",1,318
"Weekly",0.05,"SameTimestamp",1000,"Weekly","AIC_ct",1551.50688027033,NA,NA,NA,"CT",1,318
"Weekly",0.05,"SameTimestamp",1000,"Weekly","BIC_ct",1561.32239082829,NA,NA,NA,"CT",1,318
"Weekly",0.05,"SameTimestamp",1000,"Weekly","error_var_dt",0.275168897236079,0.0123059383870497,0.25102047341293,0.299317321059229,"DT",1,318
"Weekly",0.05,"SameTimestamp",1000,"Weekly","beta_dt",0.0720692677964177,0.031616296810206,0.0100273729747431,0.134111162618092,"DT",1,318
"Weekly",0.05,"SameTimestamp",1000,"Weekly","LogLik_dt",1547.50688027033,NA,NA,NA,"DT",1,318
"Weekly",0.05,"SameTimestamp",1000,"Weekly","AIC_dt",1551.50688027033,NA,NA,NA,"DT",1,318
"Weekly",0.05,"SameTimestamp",1000,"Weekly","BIC_dt",1561.32239082829,NA,NA,NA,"DT",1,318
"Weekly",0.05,"SameTimestamp",1000,"Monthly","error_var_ct",8.4163752105796,123.592629190521,-234.114271152066,250.947021573225,"CT",1,318
"Weekly",0.05,"SameTimestamp",1000,"Monthly","beta_ct",-16.0064176078051,235.055319730004,-477.264657670139,445.251822454529,"CT",1,318
"Weekly",0.05,"SameTimestamp",1000,"Monthly","LogLik_ct",1501.92690843579,NA,NA,NA,"CT",1,318
"Weekly",0.05,"SameTimestamp",1000,"Monthly","AIC_ct",1505.92690843579,NA,NA,NA,"CT",1,318
"Weekly",0.05,"SameTimestamp",1000,"Monthly","BIC_ct",1515.74241899375,NA,NA,NA,"CT",1,318
"Weekly",0.05,"SameTimestamp",1000,"Monthly","error_var_dt",0.262899289834169,0.011757208217206,0.239827660668132,0.285970919000206,"DT",1,318
"Weekly",0.05,"SameTimestamp",1000,"Monthly","beta_dt",-0.00583669233326449,0.0316119266413438,-0.0678700114017909,0.0561966267352619,"DT",1,318
"Weekly",0.05,"SameTimestamp",1000,"Monthly","LogLik_dt",1501.89281713172,NA,NA,NA,"DT",1,318
"Weekly",0.05,"SameTimestamp",1000,"Monthly","AIC_dt",1505.89281713172,NA,NA,NA,"DT",1,318
"Weekly",0.05,"SameTimestamp",1000,"Monthly","BIC_dt",1515.70832768969,NA,NA,NA,"DT",1,318
"Weekly",0.05,"SameTimestamp",1000,"Daily","error_var_ct",0.23886542255888,0.0135063459505721,0.212361392060911,0.26536945305685,"CT",1,319
"Weekly",0.05,"SameTimestamp",1000,"Daily","beta_ct",-0.49837451305385,0.0413411815606693,-0.579499929277891,-0.417249096829808,"CT",1,319
"Weekly",0.05,"SameTimestamp",1000,"Daily","LogLik_ct",948.805924992418,NA,NA,NA,"CT",1,319
"Weekly",0.05,"SameTimestamp",1000,"Daily","AIC_ct",952.805924992418,NA,NA,NA,"CT",1,319
"Weekly",0.05,"SameTimestamp",1000,"Daily","BIC_ct",962.621435550382,NA,NA,NA,"CT",1,319
"Weekly",0.05,"SameTimestamp",1000,"Daily","error_var_dt",0.151197142580709,0.00676223787092004,0.137927338932758,0.16446694622866,"DT",1,319
"Weekly",0.05,"SameTimestamp",1000,"Daily","beta_dt",0.60751737011763,0.0251156547158496,0.558231939328177,0.656802800907084,"DT",1,319
"Weekly",0.05,"SameTimestamp",1000,"Daily","LogLik_dt",948.805924992419,NA,NA,NA,"DT",1,319
"Weekly",0.05,"SameTimestamp",1000,"Daily","AIC_dt",952.805924992419,NA,NA,NA,"DT",1,319
"Weekly",0.05,"SameTimestamp",1000,"Daily","BIC_dt",962.621435550383,NA,NA,NA,"DT",1,319
"Weekly",0.05,"SameTimestamp",1000,"Weekly","error_var_ct",1.32746784277878,0.219978229722575,0.895795965663156,1.75913971989439,"CT",1,319
"Weekly",0.05,"SameTimestamp",1000,"Weekly","beta_ct",-2.60513119400894,0.42791832144847,-3.4448520395889,-1.76541034842897,"CT",1,319
"Weekly",0.05,"SameTimestamp",1000,"Weekly","LogLik_ct",1465.04484207817,NA,NA,NA,"CT",1,319
"Weekly",0.05,"SameTimestamp",1000,"Weekly","AIC_ct",1469.04484207817,NA,NA,NA,"CT",1,319
"Weekly",0.05,"SameTimestamp",1000,"Weekly","BIC_ct",1478.86035263613,NA,NA,NA,"CT",1,319
"Weekly",0.05,"SameTimestamp",1000,"Weekly","error_var_dt",0.253388286667345,0.0113318711703766,0.231151313010825,0.275625260323865,"DT",1,319
"Weekly",0.05,"SameTimestamp",1000,"Weekly","beta_dt",0.0738934196581798,0.0316072320216342,0.0118693130253791,0.13591752629098,"DT",1,319
"Weekly",0.05,"SameTimestamp",1000,"Weekly","LogLik_dt",1465.04484207816,NA,NA,NA,"DT",1,319
"Weekly",0.05,"SameTimestamp",1000,"Weekly","AIC_dt",1469.04484207816,NA,NA,NA,"DT",1,319
"Weekly",0.05,"SameTimestamp",1000,"Weekly","BIC_dt",1478.86035263613,NA,NA,NA,"DT",1,319
"Weekly",0.05,"SameTimestamp",1000,"Monthly","error_var_ct",2.52208319475846,2.04199857447701,-1.48501041092959,6.52917680044651,"CT",1,319
"Weekly",0.05,"SameTimestamp",1000,"Monthly","beta_ct",-4.83255512579675,3.90929783667421,-12.5039230492927,2.83881279769918,"CT",1,319
"Weekly",0.05,"SameTimestamp",1000,"Monthly","LogLik_ct",1494.37638441293,NA,NA,NA,"CT",1,319
"Weekly",0.05,"SameTimestamp",1000,"Monthly","AIC_ct",1498.37638441293,NA,NA,NA,"CT",1,319
"Weekly",0.05,"SameTimestamp",1000,"Monthly","BIC_ct",1508.1918949709,NA,NA,NA,"CT",1,319
"Weekly",0.05,"SameTimestamp",1000,"Monthly","error_var_dt",0.260930633777396,0.0116691907123941,0.238031724800848,0.283829542753943,"DT",1,319
"Weekly",0.05,"SameTimestamp",1000,"Monthly","beta_dt",0.00796612641579499,0.0316367328093108,-0.0541158707655786,0.0700481235971686,"DT",1,319
"Weekly",0.05,"SameTimestamp",1000,"Monthly","LogLik_dt",1494.37638441293,NA,NA,NA,"DT",1,319
"Weekly",0.05,"SameTimestamp",1000,"Monthly","AIC_dt",1498.37638441293,NA,NA,NA,"DT",1,319
"Weekly",0.05,"SameTimestamp",1000,"Monthly","BIC_dt",1508.1918949709,NA,NA,NA,"DT",1,319
"Weekly",0.05,"SameTimestamp",1000,"Daily","error_var_ct",0.218404773895139,0.0120359207725789,0.194786216189377,0.242023331600901,"CT",1,320
"Weekly",0.05,"SameTimestamp",1000,"Daily","beta_ct",-0.441088715507367,0.0376441129637839,-0.514959229539244,-0.36721820147549,"CT",1,320
"Weekly",0.05,"SameTimestamp",1000,"Daily","LogLik_ct",907.789947657099,NA,NA,NA,"CT",1,320
"Weekly",0.05,"SameTimestamp",1000,"Daily","AIC_ct",911.789947657099,NA,NA,NA,"CT",1,320
"Weekly",0.05,"SameTimestamp",1000,"Daily","BIC_ct",921.605458215063,NA,NA,NA,"CT",1,320
"Weekly",0.05,"SameTimestamp",1000,"Daily","error_var_dt",0.145108265020258,0.00649025238252607,0.132372189125601,0.157844340914916,"DT",1,320
"Weekly",0.05,"SameTimestamp",1000,"Daily","beta_dt",0.643335621177823,0.0242180520426626,0.595811591193019,0.690859651162628,"DT",1,320
"Weekly",0.05,"SameTimestamp",1000,"Daily","LogLik_dt",907.789947657105,NA,NA,NA,"DT",1,320
"Weekly",0.05,"SameTimestamp",1000,"Daily","AIC_dt",911.789947657105,NA,NA,NA,"DT",1,320
"Weekly",0.05,"SameTimestamp",1000,"Daily","BIC_dt",921.605458215069,NA,NA,NA,"DT",1,320
"Weekly",0.05,"SameTimestamp",1000,"Weekly","error_var_ct",2.26330554176409,1.43870124129735,-0.559914129667169,5.08652521319535,"CT",1,320
"Weekly",0.05,"SameTimestamp",1000,"Weekly","beta_ct",-4.5076788543465,2.8614759181115,-10.1228648773003,1.10750716860732,"CT",1,320
"Weekly",0.05,"SameTimestamp",1000,"Weekly","LogLik_ct",1455.6518845821,NA,NA,NA,"CT",1,320
"Weekly",0.05,"SameTimestamp",1000,"Weekly","AIC_ct",1459.6518845821,NA,NA,NA,"CT",1,320
"Weekly",0.05,"SameTimestamp",1000,"Weekly","BIC_ct",1469.46739514006,NA,NA,NA,"CT",1,320
"Weekly",0.05,"SameTimestamp",1000,"Weekly","error_var_dt",0.251019398185824,0.0112259274508579,0.228990322030484,0.273048474341165,"DT",1,320
"Weekly",0.05,"SameTimestamp",1000,"Weekly","beta_dt",0.0110240323357734,0.0316151938834616,-0.0510156981696473,0.0730637628411942,"DT",1,320
"Weekly",0.05,"SameTimestamp",1000,"Weekly","LogLik_dt",1455.65188458199,NA,NA,NA,"DT",1,320
"Weekly",0.05,"SameTimestamp",1000,"Weekly","AIC_dt",1459.65188458199,NA,NA,NA,"DT",1,320
"Weekly",0.05,"SameTimestamp",1000,"Weekly","BIC_dt",1469.46739513995,NA,NA,NA,"DT",1,320
"Weekly",0.05,"SameTimestamp",1000,"Monthly","error_var_ct",11.8172527994525,45.9108678862894,-78.2754374884713,101.909943087376,"CT",1,320
"Weekly",0.05,"SameTimestamp",1000,"Monthly","beta_ct",-23.808039254191,92.4959780040702,-205.316511710838,157.700433202456,"CT",1,320
"Weekly",0.05,"SameTimestamp",1000,"Monthly","LogLik_ct",1444.26716631951,NA,NA,NA,"CT",1,320
"Weekly",0.05,"SameTimestamp",1000,"Monthly","AIC_ct",1448.26716631951,NA,NA,NA,"CT",1,320
"Weekly",0.05,"SameTimestamp",1000,"Monthly","BIC_ct",1458.08267687747,NA,NA,NA,"CT",1,320
"Weekly",0.05,"SameTimestamp",1000,"Monthly","error_var_dt",0.246999109020319,0.0110461559783598,0.225322805451079,0.268675412589558,"DT",1,320
"Weekly",0.05,"SameTimestamp",1000,"Monthly","beta_dt",-0.0689176069937109,0.031551312716088,-0.130831980987866,-0.00700323299955617,"DT",1,320
"Weekly",0.05,"SameTimestamp",1000,"Monthly","LogLik_dt",1439.50723908199,NA,NA,NA,"DT",1,320
"Weekly",0.05,"SameTimestamp",1000,"Monthly","AIC_dt",1443.50723908199,NA,NA,NA,"DT",1,320
"Weekly",0.05,"SameTimestamp",1000,"Monthly","BIC_dt",1453.32274963995,NA,NA,NA,"DT",1,320
"Weekly",0.05,"SameTimestamp",1000,"Daily","error_var_ct",0.212003136797184,0.0115057378009782,0.189424977856583,0.234581295737785,"CT",1,321
"Weekly",0.05,"SameTimestamp",1000,"Daily","beta_ct",-0.40787531201981,0.0354986374103043,-0.477535675526136,-0.338214948513483,"CT",1,321
"Weekly",0.05,"SameTimestamp",1000,"Daily","LogLik_ct",906.617355243619,NA,NA,NA,"CT",1,321
"Weekly",0.05,"SameTimestamp",1000,"Daily","AIC_ct",910.617355243619,NA,NA,NA,"CT",1,321
"Weekly",0.05,"SameTimestamp",1000,"Daily","BIC_ct",920.432865801584,NA,NA,NA,"CT",1,321
"Weekly",0.05,"SameTimestamp",1000,"Daily","error_var_dt",0.14493721194945,0.00648262150641434,0.132216110421207,0.157658313477692,"DT",1,321
"Weekly",0.05,"SameTimestamp",1000,"Daily","beta_dt",0.665061799684609,0.0236087174642314,0.618733490756359,0.711390108612859,"DT",1,321
"Weekly",0.05,"SameTimestamp",1000,"Daily","LogLik_dt",906.617355243621,NA,NA,NA,"DT",1,321
"Weekly",0.05,"SameTimestamp",1000,"Daily","AIC_dt",910.617355243621,NA,NA,NA,"DT",1,321
"Weekly",0.05,"SameTimestamp",1000,"Daily","BIC_dt",920.432865801585,NA,NA,NA,"DT",1,321
"Weekly",0.05,"SameTimestamp",1000,"Weekly","error_var_ct",1.41861899015655,0.251148680458896,0.925780119394077,1.91145786091903,"CT",1,321
"Weekly",0.05,"SameTimestamp",1000,"Weekly","beta_ct",-2.7119830394922,0.475965626041139,-3.64598898860274,-1.77797709038167,"CT",1,321
"Weekly",0.05,"SameTimestamp",1000,"Weekly","LogLik_ct",1492.31483651979,NA,NA,NA,"CT",1,321
"Weekly",0.05,"SameTimestamp",1000,"Weekly","AIC_ct",1496.31483651979,NA,NA,NA,"CT",1,321
"Weekly",0.05,"SameTimestamp",1000,"Weekly","BIC_ct",1506.13034707776,NA,NA,NA,"CT",1,321
"Weekly",0.05,"SameTimestamp",1000,"Weekly","error_var_dt",0.26039312058389,0.011645135233265,0.237541416614146,0.283244824553635,"DT",1,321
"Weekly",0.05,"SameTimestamp",1000,"Weekly","beta_dt",0.0664050089257581,0.0315796770162519,0.00443497455689153,0.128375043294625,"DT",1,321
"Weekly",0.05,"SameTimestamp",1000,"Weekly","LogLik_dt",1492.31483651979,NA,NA,NA,"DT",1,321
"Weekly",0.05,"SameTimestamp",1000,"Weekly","AIC_dt",1496.31483651979,NA,NA,NA,"DT",1,321
"Weekly",0.05,"SameTimestamp",1000,"Weekly","BIC_dt",1506.13034707775,NA,NA,NA,"DT",1,321
"Weekly",0.05,"SameTimestamp",1000,"Monthly","error_var_ct",1.69602543033058,0.565161259122375,0.586987404585686,2.80506345607548,"CT",1,321
"Weekly",0.05,"SameTimestamp",1000,"Monthly","beta_ct",-3.63847097153887,1.20747752841419,-6.00795131476572,-1.26899062831203,"CT",1,321
"Weekly",0.05,"SameTimestamp",1000,"Monthly","LogLik_ct",1380.76250410743,NA,NA,NA,"CT",1,321
"Weekly",0.05,"SameTimestamp",1000,"Monthly","AIC_ct",1384.76250410743,NA,NA,NA,"CT",1,321
"Weekly",0.05,"SameTimestamp",1000,"Monthly","BIC_ct",1394.57801466539,NA,NA,NA,"CT",1,321
"Weekly",0.05,"SameTimestamp",1000,"Monthly","error_var_dt",0.232907320088312,0.0104159439256878,0.212467706259239,0.253346933917386,"DT",1,321
"Weekly",0.05,"SameTimestamp",1000,"Monthly","beta_dt",0.0262925109021936,0.0316095889613736,-0.0357362208455689,0.0883212426499561,"DT",1,321
"Weekly",0.05,"SameTimestamp",1000,"Monthly","LogLik_dt",1380.76250410743,NA,NA,NA,"DT",1,321
"Weekly",0.05,"SameTimestamp",1000,"Monthly","AIC_dt",1384.76250410743,NA,NA,NA,"DT",1,321
"Weekly",0.05,"SameTimestamp",1000,"Monthly","BIC_dt",1394.57801466539,NA,NA,NA,"DT",1,321
"Weekly",0.05,"SameTimestamp",1000,"Daily","error_var_ct",0.216954632216846,0.0117970667100827,0.193804787172535,0.240104477261158,"CT",1,322
"Weekly",0.05,"SameTimestamp",1000,"Daily","beta_ct",-0.411926472319957,0.0357662652087351,-0.482112012314259,-0.341740932325654,"CT",1,322
"Weekly",0.05,"SameTimestamp",1000,"Daily","LogLik_ct",926.180354963942,NA,NA,NA,"CT",1,322
"Weekly",0.05,"SameTimestamp",1000,"Daily","AIC_ct",930.180354963942,NA,NA,NA,"CT",1,322
"Weekly",0.05,"SameTimestamp",1000,"Daily","BIC_ct",939.995865521906,NA,NA,NA,"CT",1,322
"Weekly",0.05,"SameTimestamp",1000,"Daily","error_var_dt",0.147803564032299,0.00661074854333579,0.134831033812195,0.160776094252403,"DT",1,322
"Weekly",0.05,"SameTimestamp",1000,"Daily","beta_dt",0.662373008172481,0.0236906344856859,0.615883950271646,0.708862066073316,"DT",1,322
"Weekly",0.05,"SameTimestamp",1000,"Daily","LogLik_dt",926.180354963941,NA,NA,NA,"DT",1,322
"Weekly",0.05,"SameTimestamp",1000,"Daily","AIC_dt",930.180354963941,NA,NA,NA,"DT",1,322
"Weekly",0.05,"SameTimestamp",1000,"Daily","BIC_dt",939.995865521905,NA,NA,NA,"DT",1,322
"Weekly",0.05,"SameTimestamp",1000,"Weekly","error_var_ct",1.37501849993506,0.229186953121761,0.925275985008702,1.82476101486143,"CT",1,322
"Weekly",0.05,"SameTimestamp",1000,"Weekly","beta_ct",-2.61832101791088,0.432521297766494,-3.46707446380783,-1.76956757201394,"CT",1,322
"Weekly",0.05,"SameTimestamp",1000,"Weekly","LogLik_ct",1495.33195044891,NA,NA,NA,"CT",1,322
"Weekly",0.05,"SameTimestamp",1000,"Weekly","AIC_ct",1499.33195044891,NA,NA,NA,"CT",1,322
"Weekly",0.05,"SameTimestamp",1000,"Weekly","BIC_ct",1509.14746100687,NA,NA,NA,"CT",1,322
"Weekly",0.05,"SameTimestamp",1000,"Weekly","error_var_dt",0.261179951395759,0.0116803480350962,0.238259147968836,0.284100754822682,"DT",1,322
"Weekly",0.05,"SameTimestamp",1000,"Weekly","beta_dt",0.0729251424321219,0.0315336833238844,0.0110453632832594,0.134804921580984,"DT",1,322
"Weekly",0.05,"SameTimestamp",1000,"Weekly","LogLik_dt",1495.3319504489,NA,NA,NA,"DT",1,322
"Weekly",0.05,"SameTimestamp",1000,"Weekly","AIC_dt",1499.3319504489,NA,NA,NA,"DT",1,322
"Weekly",0.05,"SameTimestamp",1000,"Weekly","BIC_dt",1509.14746100687,NA,NA,NA,"DT",1,322
"Weekly",0.05,"SameTimestamp",1000,"Monthly","error_var_ct",11.6077574443397,159.130447634341,-300.660138897928,323.875653786608,"CT",1,322
"Weekly",0.05,"SameTimestamp",1000,"Monthly","beta_ct",-23.1607473680869,317.513576823975,-646.23004786275,599.908553126576,"CT",1,322
"Weekly",0.05,"SameTimestamp",1000,"Monthly","LogLik_ct",1453.94512927416,NA,NA,NA,"CT",1,322
"Weekly",0.05,"SameTimestamp",1000,"Monthly","AIC_ct",1457.94512927416,NA,NA,NA,"CT",1,322
"Weekly",0.05,"SameTimestamp",1000,"Monthly","BIC_ct",1467.76063983212,NA,NA,NA,"CT",1,322
"Weekly",0.05,"SameTimestamp",1000,"Monthly","error_var_dt",0.250103626546788,0.0111849863610642,0.228154890691961,0.272052362401615,"DT",1,322
"Weekly",0.05,"SameTimestamp",1000,"Monthly","beta_dt",-0.0441280317788989,0.0316019790689287,-0.106141830337316,0.0178857667795181,"DT",1,322
"Weekly",0.05,"SameTimestamp",1000,"Monthly","LogLik_dt",1451.99717624375,NA,NA,NA,"DT",1,322
"Weekly",0.05,"SameTimestamp",1000,"Monthly","AIC_dt",1455.99717624375,NA,NA,NA,"DT",1,322
"Weekly",0.05,"SameTimestamp",1000,"Monthly","BIC_dt",1465.81268680171,NA,NA,NA,"DT",1,322
"Weekly",0.05,"SameTimestamp",1000,"Daily","error_var_ct",0.217509400893421,0.0121127715955766,0.193740035814297,0.241278765972545,"CT",1,323
"Weekly",0.05,"SameTimestamp",1000,"Daily","beta_ct",-0.464698171237405,0.0391433824325708,-0.541510760340573,-0.387885582134238,"CT",1,323
"Weekly",0.05,"SameTimestamp",1000,"Daily","LogLik_ct",883.530508435293,NA,NA,NA,"CT",1,323
"Weekly",0.05,"SameTimestamp",1000,"Daily","AIC_ct",887.530508435293,NA,NA,NA,"CT",1,323
"Weekly",0.05,"SameTimestamp",1000,"Daily","BIC_ct",897.346018993257,NA,NA,NA,"CT",1,323
"Weekly",0.05,"SameTimestamp",1000,"Daily","error_var_dt",0.141638642865575,0.00633485132842149,0.129207516532588,0.154069769198561,"DT",1,323
"Weekly",0.05,"SameTimestamp",1000,"Daily","beta_dt",0.628324736002484,0.0245947923325153,0.580061413823579,0.676588058181388,"DT",1,323
"Weekly",0.05,"SameTimestamp",1000,"Daily","LogLik_dt",883.530508435293,NA,NA,NA,"DT",1,323
"Weekly",0.05,"SameTimestamp",1000,"Daily","AIC_dt",887.530508435293,NA,NA,NA,"DT",1,323
"Weekly",0.05,"SameTimestamp",1000,"Daily","BIC_dt",897.346018993257,NA,NA,NA,"DT",1,323
"Weekly",0.05,"SameTimestamp",1000,"Weekly","error_var_ct",1.67864271322958,0.429581275274345,0.835658588367481,2.52162683809167,"CT",1,323
"Weekly",0.05,"SameTimestamp",1000,"Weekly","beta_ct",-3.26901195145504,0.831531313083745,-4.90075834405017,-1.63726555885991,"CT",1,323
"Weekly",0.05,"SameTimestamp",1000,"Weekly","LogLik_ct",1476.77922825926,NA,NA,NA,"CT",1,323
"Weekly",0.05,"SameTimestamp",1000,"Weekly","AIC_ct",1480.77922825926,NA,NA,NA,"CT",1,323
"Weekly",0.05,"SameTimestamp",1000,"Weekly","BIC_ct",1490.59473881722,NA,NA,NA,"CT",1,323
"Weekly",0.05,"SameTimestamp",1000,"Weekly","error_var_dt",0.256379120636217,0.0114656233537854,0.233879679843048,0.278878561429386,"DT",1,323
"Weekly",0.05,"SameTimestamp",1000,"Weekly","beta_dt",0.0380438227160194,0.0315911114624312,-0.0239486499134525,0.100036295345491,"DT",1,323
"Weekly",0.05,"SameTimestamp",1000,"Weekly","LogLik_dt",1476.77922825926,NA,NA,NA,"DT",1,323
"Weekly",0.05,"SameTimestamp",1000,"Weekly","AIC_dt",1480.77922825926,NA,NA,NA,"DT",1,323
"Weekly",0.05,"SameTimestamp",1000,"Weekly","BIC_dt",1490.59473881722,NA,NA,NA,"DT",1,323
"Weekly",0.05,"SameTimestamp",1000,"Monthly","error_var_ct",2.17794072606529,1.44476787694387,-0.657183741584268,5.01306519371484,"CT",1,323
"Weekly",0.05,"SameTimestamp",1000,"Monthly","beta_ct",-4.58299624824283,3.03641737221416,-10.5414767234389,1.37548422695325,"CT",1,323
"Weekly",0.05,"SameTimestamp",1000,"Monthly","LogLik_ct",1400.65259360444,NA,NA,NA,"CT",1,323
"Weekly",0.05,"SameTimestamp",1000,"Monthly","AIC_ct",1404.65259360444,NA,NA,NA,"CT",1,323
"Weekly",0.05,"SameTimestamp",1000,"Monthly","BIC_ct",1414.46810416241,NA,NA,NA,"CT",1,323
"Weekly",0.05,"SameTimestamp",1000,"Monthly","error_var_dt",0.237586271651008,0.0106252024119109,0.216736021716424,0.258436521585592,"DT",1,323
"Weekly",0.05,"SameTimestamp",1000,"Monthly","beta_dt",0.010224371673906,0.0316321216031312,-0.0518485767573717,0.0722973201051837,"DT",1,323
"Weekly",0.05,"SameTimestamp",1000,"Monthly","LogLik_dt",1400.65259360433,NA,NA,NA,"DT",1,323
"Weekly",0.05,"SameTimestamp",1000,"Monthly","AIC_dt",1404.65259360433,NA,NA,NA,"DT",1,323
"Weekly",0.05,"SameTimestamp",1000,"Monthly","BIC_dt",1414.4681041623,NA,NA,NA,"DT",1,323
"Weekly",0.05,"SameTimestamp",1000,"Daily","error_var_ct",0.219416300944017,0.0119113210395147,0.196042250163907,0.242790351724126,"CT",1,324
"Weekly",0.05,"SameTimestamp",1000,"Daily","beta_ct",-0.407033310936968,0.035522266059117,-0.476740041864287,-0.33732658000965,"CT",1,324
"Weekly",0.05,"SameTimestamp",1000,"Daily","LogLik_ct",941.649235358813,NA,NA,NA,"CT",1,324
"Weekly",0.05,"SameTimestamp",1000,"Daily","AIC_ct",945.649235358813,NA,NA,NA,"CT",1,324
"Weekly",0.05,"SameTimestamp",1000,"Daily","BIC_ct",955.464745916777,NA,NA,NA,"CT",1,324
"Weekly",0.05,"SameTimestamp",1000,"Daily","error_var_dt",0.150114653969703,0.00671393723655726,0.136939632544191,0.163289675395215,"DT",1,324
"Weekly",0.05,"SameTimestamp",1000,"Daily","beta_dt",0.665622011423376,0.0236445574419714,0.619223372306151,0.712020650540601,"DT",1,324
"Weekly",0.05,"SameTimestamp",1000,"Daily","LogLik_dt",941.649235358812,NA,NA,NA,"DT",1,324
"Weekly",0.05,"SameTimestamp",1000,"Daily","AIC_dt",945.649235358812,NA,NA,NA,"DT",1,324
"Weekly",0.05,"SameTimestamp",1000,"Daily","BIC_dt",955.464745916776,NA,NA,NA,"DT",1,324
"Weekly",0.05,"SameTimestamp",1000,"Weekly","error_var_ct",1.50226176767098,0.315563743562839,0.883018701185741,2.12150483415622,"CT",1,324
"Weekly",0.05,"SameTimestamp",1000,"Weekly","beta_ct",-2.97959513186872,0.621129785499058,-4.19846238421884,-1.76072787951859,"CT",1,324
"Weekly",0.05,"SameTimestamp",1000,"Weekly","LogLik_ct",1457.32893586735,NA,NA,NA,"CT",1,324
"Weekly",0.05,"SameTimestamp",1000,"Weekly","AIC_ct",1461.32893586735,NA,NA,NA,"CT",1,324
"Weekly",0.05,"SameTimestamp",1000,"Weekly","BIC_ct",1471.14444642531,NA,NA,NA,"CT",1,324
"Weekly",0.05,"SameTimestamp",1000,"Weekly","error_var_dt",0.251440741415826,0.0112447796274281,0.229374670897643,0.273506811934008,"DT",1,324
"Weekly",0.05,"SameTimestamp",1000,"Weekly","beta_dt",0.0508135524420661,0.031566623330291,-0.0111308661686906,0.112757971052823,"DT",1,324
"Weekly",0.05,"SameTimestamp",1000,"Weekly","LogLik_dt",1457.32893586739,NA,NA,NA,"DT",1,324
"Weekly",0.05,"SameTimestamp",1000,"Weekly","AIC_dt",1461.32893586739,NA,NA,NA,"DT",1,324
"Weekly",0.05,"SameTimestamp",1000,"Weekly","BIC_dt",1471.14444642535,NA,NA,NA,"DT",1,324
"Weekly",0.05,"SameTimestamp",1000,"Monthly","error_var_ct",9.48378151507267,86.3159155478632,-159.897312861811,178.864875891956,"CT",1,324
"Weekly",0.05,"SameTimestamp",1000,"Monthly","beta_ct",-19.0613782216309,173.479854075415,-359.487675609879,321.364919166617,"CT",1,324
"Weekly",0.05,"SameTimestamp",1000,"Monthly","LogLik_ct",1446.64406597886,NA,NA,NA,"CT",1,324
"Weekly",0.05,"SameTimestamp",1000,"Monthly","AIC_ct",1450.64406597886,NA,NA,NA,"CT",1,324
"Weekly",0.05,"SameTimestamp",1000,"Monthly","BIC_ct",1460.45957653682,NA,NA,NA,"CT",1,324
"Weekly",0.05,"SameTimestamp",1000,"Monthly","error_var_dt",0.248746798334599,0.0111242963823851,0.226917156796749,0.270576439872449,"DT",1,324
"Weekly",0.05,"SameTimestamp",1000,"Monthly","beta_dt",-0.00933104506912011,0.0316740200194715,-0.0714862124002071,0.0528241222619668,"DT",1,324
"Weekly",0.05,"SameTimestamp",1000,"Monthly","LogLik_dt",1446.5572837366,NA,NA,NA,"DT",1,324
"Weekly",0.05,"SameTimestamp",1000,"Monthly","AIC_dt",1450.5572837366,NA,NA,NA,"DT",1,324
"Weekly",0.05,"SameTimestamp",1000,"Monthly","BIC_dt",1460.37279429456,NA,NA,NA,"DT",1,324
"Weekly",0.05,"SameTimestamp",1000,"Daily","error_var_ct",0.233205914900129,0.0129673152504291,0.207759645410816,0.258652184389442,"CT",1,325
"Weekly",0.05,"SameTimestamp",1000,"Daily","beta_ct",-0.461093527234117,0.0389056334779361,-0.537439572272179,-0.384747482196054,"CT",1,325
"Weekly",0.05,"SameTimestamp",1000,"Daily","LogLik_ct",956.572868444032,NA,NA,NA,"CT",1,325
"Weekly",0.05,"SameTimestamp",1000,"Daily","AIC_ct",960.572868444032,NA,NA,NA,"CT",1,325
"Weekly",0.05,"SameTimestamp",1000,"Daily","BIC_ct",970.388379001997,NA,NA,NA,"CT",1,325
"Weekly",0.05,"SameTimestamp",1000,"Daily","error_var_dt",0.152324794229516,0.00681405694300818,0.138953303991275,0.165696284467758,"DT",1,325
"Weekly",0.05,"SameTimestamp",1000,"Daily","beta_dt",0.630593748612057,0.0245334575138895,0.582450786144757,0.678736711079357,"DT",1,325
"Weekly",0.05,"SameTimestamp",1000,"Daily","LogLik_dt",956.572868444027,NA,NA,NA,"DT",1,325
"Weekly",0.05,"SameTimestamp",1000,"Daily","AIC_dt",960.572868444027,NA,NA,NA,"DT",1,325
"Weekly",0.05,"SameTimestamp",1000,"Daily","BIC_dt",970.388379001991,NA,NA,NA,"DT",1,325
"Weekly",0.05,"SameTimestamp",1000,"Weekly","error_var_ct",1.44246403662218,0.258210549710346,0.9357673838439,1.94916068940047,"CT",1,325
"Weekly",0.05,"SameTimestamp",1000,"Weekly","beta_ct",-2.72885292832512,0.484299787270778,-3.67921332772249,-1.77849252892776,"CT",1,325
"Weekly",0.05,"SameTimestamp",1000,"Weekly","LogLik_ct",1502.9320898849,NA,NA,NA,"CT",1,325
"Weekly",0.05,"SameTimestamp",1000,"Weekly","AIC_ct",1506.9320898849,NA,NA,NA,"CT",1,325
"Weekly",0.05,"SameTimestamp",1000,"Weekly","BIC_ct",1516.74760044286,NA,NA,NA,"CT",1,325
"Weekly",0.05,"SameTimestamp",1000,"Weekly","error_var_dt",0.263171810448391,0.0117694408650002,0.240076176679525,0.286267444217256,"DT",1,325
"Weekly",0.05,"SameTimestamp",1000,"Weekly","beta_dt",0.0652941305460621,0.0316133145792255,0.00325808787278865,0.127330173219336,"DT",1,325
"Weekly",0.05,"SameTimestamp",1000,"Weekly","LogLik_dt",1502.9320898849,NA,NA,NA,"DT",1,325
"Weekly",0.05,"SameTimestamp",1000,"Weekly","AIC_dt",1506.9320898849,NA,NA,NA,"DT",1,325
"Weekly",0.05,"SameTimestamp",1000,"Weekly","BIC_dt",1516.74760044286,NA,NA,NA,"DT",1,325
"Weekly",0.05,"SameTimestamp",1000,"Monthly","error_var_ct",10.034544112866,41.3066296847123,-71.0230696146692,91.0921578404011,"CT",1,325
"Weekly",0.05,"SameTimestamp",1000,"Monthly","beta_ct",-21.0738462266788,86.7470563610598,-191.300985070637,149.15329261728,"CT",1,325
"Weekly",0.05,"SameTimestamp",1000,"Monthly","LogLik_ct",1402.73409355938,NA,NA,NA,"CT",1,325
"Weekly",0.05,"SameTimestamp",1000,"Monthly","AIC_ct",1406.73409355938,NA,NA,NA,"CT",1,325
"Weekly",0.05,"SameTimestamp",1000,"Monthly","BIC_ct",1416.54960411734,NA,NA,NA,"CT",1,325
"Weekly",0.05,"SameTimestamp",1000,"Monthly","error_var_dt",0.237937603628031,0.0106408848948585,0.217056579344274,0.258818627911787,"DT",1,325
"Weekly",0.05,"SameTimestamp",1000,"Monthly","beta_dt",-0.0245936737386456,0.0316590774028264,-0.0867195185891202,0.0375321711118289,"DT",1,325
"Weekly",0.05,"SameTimestamp",1000,"Monthly","LogLik_dt",1402.13081638211,NA,NA,NA,"DT",1,325
"Weekly",0.05,"SameTimestamp",1000,"Monthly","AIC_dt",1406.13081638211,NA,NA,NA,"DT",1,325
"Weekly",0.05,"SameTimestamp",1000,"Monthly","BIC_dt",1415.94632694007,NA,NA,NA,"DT",1,325
"Weekly",0.05,"SameTimestamp",1000,"Daily","error_var_ct",0.20416174068186,0.0113327167710393,0.181923107670113,0.226400373693607,"CT",1,326
"Weekly",0.05,"SameTimestamp",1000,"Daily","beta_ct",-0.457526445771171,0.0386794909650431,-0.533428722518347,-0.381624169023995,"CT",1,326
"Weekly",0.05,"SameTimestamp",1000,"Daily","LogLik_ct",826.298300767365,NA,NA,NA,"CT",1,326
"Weekly",0.05,"SameTimestamp",1000,"Daily","AIC_ct",830.298300767365,NA,NA,NA,"CT",1,326
"Weekly",0.05,"SameTimestamp",1000,"Daily","BIC_ct",840.113811325329,NA,NA,NA,"CT",1,326
"Weekly",0.05,"SameTimestamp",1000,"Daily","error_var_dt",0.13375827777335,0.0059824410295766,0.122018699942273,0.145497855604428,"DT",1,326
"Weekly",0.05,"SameTimestamp",1000,"Daily","beta_dt",0.632847090417508,0.0244784402709304,0.584812090436187,0.68088209039883,"DT",1,326
"Weekly",0.05,"SameTimestamp",1000,"Daily","LogLik_dt",826.298300767366,NA,NA,NA,"DT",1,326
"Weekly",0.05,"SameTimestamp",1000,"Daily","AIC_dt",830.298300767366,NA,NA,NA,"DT",1,326
"Weekly",0.05,"SameTimestamp",1000,"Daily","BIC_dt",840.11381132533,NA,NA,NA,"DT",1,326
"Weekly",0.05,"SameTimestamp",1000,"Weekly","error_var_ct",1.22936908700726,0.217571083019351,0.802420847940658,1.65631732607386,"CT",1,326
"Weekly",0.05,"SameTimestamp",1000,"Weekly","beta_ct",-2.71444079730348,0.476188114673383,-3.6488833445521,-1.77999825005485,"CT",1,326
"Weekly",0.05,"SameTimestamp",1000,"Weekly","LogLik_ct",1348.24748032071,NA,NA,NA,"CT",1,326
"Weekly",0.05,"SameTimestamp",1000,"Weekly","AIC_ct",1352.24748032071,NA,NA,NA,"CT",1,326
"Weekly",0.05,"SameTimestamp",1000,"Weekly","BIC_ct",1362.06299087867,NA,NA,NA,"CT",1,326
"Weekly",0.05,"SameTimestamp",1000,"Weekly","error_var_dt",0.225456102898839,0.0100826934160791,0.205670439568475,0.245241766229202,"DT",1,326
"Weekly",0.05,"SameTimestamp",1000,"Weekly","beta_dt",0.0662419239151754,0.0315374647266556,0.00435472437187473,0.128129123458476,"DT",1,326
"Weekly",0.05,"SameTimestamp",1000,"Weekly","LogLik_dt",1348.24748032071,NA,NA,NA,"DT",1,326
"Weekly",0.05,"SameTimestamp",1000,"Weekly","AIC_dt",1352.24748032071,NA,NA,NA,"DT",1,326
"Weekly",0.05,"SameTimestamp",1000,"Weekly","BIC_dt",1362.06299087867,NA,NA,NA,"DT",1,326
"Weekly",0.05,"SameTimestamp",1000,"Monthly","error_var_ct",1.70965757669132,0.547142087255361,0.635979276105189,2.78333587727744,"CT",1,326
"Weekly",0.05,"SameTimestamp",1000,"Monthly","beta_ct",-3.5885273368424,1.14343885617698,-5.83234209085393,-1.34471258283087,"CT",1,326
"Weekly",0.05,"SameTimestamp",1000,"Monthly","LogLik_ct",1402.51699370725,NA,NA,NA,"CT",1,326
"Weekly",0.05,"SameTimestamp",1000,"Monthly","AIC_ct",1406.51699370725,NA,NA,NA,"CT",1,326
"Weekly",0.05,"SameTimestamp",1000,"Monthly","BIC_ct",1416.33250426522,NA,NA,NA,"CT",1,326
"Weekly",0.05,"SameTimestamp",1000,"Monthly","error_var_dt",0.238029636456068,0.0106450233703868,0.217140491080048,0.258918781832089,"DT",1,326
"Weekly",0.05,"SameTimestamp",1000,"Monthly","beta_dt",0.0276390135309285,0.0315959860838868,-0.0343630247587298,0.0896410518205869,"DT",1,326
"Weekly",0.05,"SameTimestamp",1000,"Monthly","LogLik_dt",1402.51699370725,NA,NA,NA,"DT",1,326
"Weekly",0.05,"SameTimestamp",1000,"Monthly","AIC_dt",1406.51699370725,NA,NA,NA,"DT",1,326
"Weekly",0.05,"SameTimestamp",1000,"Monthly","BIC_dt",1416.33250426521,NA,NA,NA,"DT",1,326
"Weekly",0.05,"SameTimestamp",1000,"Daily","error_var_ct",0.224742074971552,0.0124105587547528,0.200388350512208,0.249095799430896,"CT",1,327
"Weekly",0.05,"SameTimestamp",1000,"Daily","beta_ct",-0.445847676896018,0.0379322356140239,-0.520283585264532,-0.371411768527503,"CT",1,327
"Weekly",0.05,"SameTimestamp",1000,"Daily","LogLik_ct",932.422587178989,NA,NA,NA,"CT",1,327
"Weekly",0.05,"SameTimestamp",1000,"Daily","AIC_ct",936.422587178989,NA,NA,NA,"CT",1,327
"Weekly",0.05,"SameTimestamp",1000,"Daily","BIC_ct",946.238097736953,NA,NA,NA,"CT",1,327
"Weekly",0.05,"SameTimestamp",1000,"Daily","error_var_dt",0.148713102770874,0.00665185864506267,0.135659900591535,0.161766304950214,"DT",1,327
"Weekly",0.05,"SameTimestamp",1000,"Daily","beta_dt",0.640281292547551,0.0242873245055873,0.592621326501524,0.687941258593577,"DT",1,327
"Weekly",0.05,"SameTimestamp",1000,"Daily","LogLik_dt",932.42258717899,NA,NA,NA,"DT",1,327
"Weekly",0.05,"SameTimestamp",1000,"Daily","AIC_dt",936.42258717899,NA,NA,NA,"DT",1,327
"Weekly",0.05,"SameTimestamp",1000,"Daily","BIC_dt",946.238097736954,NA,NA,NA,"DT",1,327
"Weekly",0.05,"SameTimestamp",1000,"Weekly","error_var_ct",1.1986031891933,0.198903646002459,0.808286791323809,1.58891958706278,"CT",1,327
"Weekly",0.05,"SameTimestamp",1000,"Weekly","beta_ct",-2.61116059050761,0.429428360577516,-3.45384464488409,-1.76847653613114,"CT",1,327
"Weekly",0.05,"SameTimestamp",1000,"Weekly","LogLik_ct",1360.68491731343,NA,NA,NA,"CT",1,327
"Weekly",0.05,"SameTimestamp",1000,"Weekly","AIC_ct",1364.68491731343,NA,NA,NA,"CT",1,327
"Weekly",0.05,"SameTimestamp",1000,"Weekly","BIC_ct",1374.5004278714,NA,NA,NA,"CT",1,327
"Weekly",0.05,"SameTimestamp",1000,"Weekly","error_var_dt",0.228277156851131,0.010208900089871,0.208243833232525,0.248310480469737,"DT",1,327
"Weekly",0.05,"SameTimestamp",1000,"Weekly","beta_dt",0.0734491951065678,0.0315417438150725,0.0115535985408363,0.135344791672299,"DT",1,327
"Weekly",0.05,"SameTimestamp",1000,"Weekly","LogLik_dt",1360.6849173134,NA,NA,NA,"DT",1,327
"Weekly",0.05,"SameTimestamp",1000,"Weekly","AIC_dt",1364.6849173134,NA,NA,NA,"DT",1,327
"Weekly",0.05,"SameTimestamp",1000,"Weekly","BIC_dt",1374.50042787136,NA,NA,NA,"DT",1,327
"Weekly",0.05,"SameTimestamp",1000,"Monthly","error_var_ct",1.37085485036067,0.282214304865571,0.817054690754701,1.92465500996664,"CT",1,327
"Weekly",0.05,"SameTimestamp",1000,"Monthly","beta_ct",-2.94993259931193,0.602572747117108,-4.13238465002076,-1.7674805486031,"CT",1,327
"Weekly",0.05,"SameTimestamp",1000,"Monthly","LogLik_ct",1375.63973944287,NA,NA,NA,"CT",1,327
"Weekly",0.05,"SameTimestamp",1000,"Monthly","AIC_ct",1379.63973944287,NA,NA,NA,"CT",1,327
"Weekly",0.05,"SameTimestamp",1000,"Monthly","BIC_ct",1389.45525000083,NA,NA,NA,"CT",1,327
"Weekly",0.05,"SameTimestamp",1000,"Monthly","error_var_dt",0.23171696701528,0.010362721196877,0.21138179422694,0.25205213980362,"DT",1,327
"Weekly",0.05,"SameTimestamp",1000,"Monthly","beta_dt",0.0523432006538243,0.0315702555842089,-0.00960834567074704,0.114294746978396,"DT",1,327
"Weekly",0.05,"SameTimestamp",1000,"Monthly","LogLik_dt",1375.63973944287,NA,NA,NA,"DT",1,327
"Weekly",0.05,"SameTimestamp",1000,"Monthly","AIC_dt",1379.63973944287,NA,NA,NA,"DT",1,327
"Weekly",0.05,"SameTimestamp",1000,"Monthly","BIC_dt",1389.45525000083,NA,NA,NA,"DT",1,327
"Weekly",0.05,"SameTimestamp",1000,"Daily","error_var_ct",0.203022229393752,0.0109914201927179,0.181453335995797,0.224591122791707,"CT",1,328
"Weekly",0.05,"SameTimestamp",1000,"Daily","beta_ct",-0.401898336923073,0.0351409325280184,-0.470856762159488,-0.332939911686659,"CT",1,328
"Weekly",0.05,"SameTimestamp",1000,"Daily","LogLik_ct",868.671757109651,NA,NA,NA,"CT",1,328
"Weekly",0.05,"SameTimestamp",1000,"Daily","AIC_ct",872.671757109651,NA,NA,NA,"CT",1,328
"Weekly",0.05,"SameTimestamp",1000,"Daily","BIC_ct",882.487267667615,NA,NA,NA,"CT",1,328
"Weekly",0.05,"SameTimestamp",1000,"Daily","error_var_dt",0.13951807266947,0.00624079008990385,0.127271526380818,0.151764618958123,"DT",1,328
"Weekly",0.05,"SameTimestamp",1000,"Daily","beta_dt",0.669048761183052,0.0235112101428974,0.622911794682122,0.715185727683981,"DT",1,328
"Weekly",0.05,"SameTimestamp",1000,"Daily","LogLik_dt",868.671757109649,NA,NA,NA,"DT",1,328
"Weekly",0.05,"SameTimestamp",1000,"Daily","AIC_dt",872.671757109649,NA,NA,NA,"DT",1,328
"Weekly",0.05,"SameTimestamp",1000,"Daily","BIC_dt",882.487267667613,NA,NA,NA,"DT",1,328
"Weekly",0.05,"SameTimestamp",1000,"Weekly","error_var_ct",11.5138542350693,57.8538267391445,-102.014970950514,125.042679420652,"CT",1,328
"Weekly",0.05,"SameTimestamp",1000,"Weekly","beta_ct",-21.932657872666,110.207293951823,-238.196737786453,194.331422041121,"CT",1,328
"Weekly",0.05,"SameTimestamp",1000,"Weekly","LogLik_ct",1500.30429086355,NA,NA,NA,"CT",1,328
"Weekly",0.05,"SameTimestamp",1000,"Weekly","AIC_ct",1504.30429086355,NA,NA,NA,"CT",1,328
"Weekly",0.05,"SameTimestamp",1000,"Weekly","BIC_ct",1514.11980142151,NA,NA,NA,"CT",1,328
"Weekly",0.05,"SameTimestamp",1000,"Weekly","error_var_dt",0.262229084023029,0.0117272713669602,0.239216201108187,0.285241966937872,"DT",1,328
"Weekly",0.05,"SameTimestamp",1000,"Weekly","beta_dt",-0.0310394637070424,0.0316128384491133,-0.0930745720515891,0.0309956446375043,"DT",1,328
"Weekly",0.05,"SameTimestamp",1000,"Weekly","LogLik_dt",1499.34070100387,NA,NA,NA,"DT",1,328
"Weekly",0.05,"SameTimestamp",1000,"Weekly","AIC_dt",1503.34070100387,NA,NA,NA,"DT",1,328
"Weekly",0.05,"SameTimestamp",1000,"Weekly","BIC_dt",1513.15621156183,NA,NA,NA,"DT",1,328
"Weekly",0.05,"SameTimestamp",1000,"Monthly","error_var_ct",1.82437984413823,0.56139848125645,0.722725664452107,2.92603402382435,"CT",1,328
"Weekly",0.05,"SameTimestamp",1000,"Monthly","beta_ct",-3.53220033877613,1.08190080421194,-5.65525656845874,-1.40914410909351,"CT",1,328
"Weekly",0.05,"SameTimestamp",1000,"Monthly","LogLik_ct",1483.19401202735,NA,NA,NA,"CT",1,328
"Weekly",0.05,"SameTimestamp",1000,"Monthly","AIC_ct",1487.19401202735,NA,NA,NA,"CT",1,328
"Weekly",0.05,"SameTimestamp",1000,"Monthly","BIC_ct",1497.00952258531,NA,NA,NA,"CT",1,328
"Weekly",0.05,"SameTimestamp",1000,"Monthly","error_var_dt",0.258028965447531,0.0115394301817132,0.235384690631488,0.280673240263575,"DT",1,328
"Weekly",0.05,"SameTimestamp",1000,"Monthly","beta_dt",0.0292404957501448,0.0316025478894746,-0.0327744190270593,0.0912554105273489,"DT",1,328
"Weekly",0.05,"SameTimestamp",1000,"Monthly","LogLik_dt",1483.19401202735,NA,NA,NA,"DT",1,328
"Weekly",0.05,"SameTimestamp",1000,"Monthly","AIC_dt",1487.19401202735,NA,NA,NA,"DT",1,328
"Weekly",0.05,"SameTimestamp",1000,"Monthly","BIC_dt",1497.00952258531,NA,NA,NA,"DT",1,328
"Weekly",0.05,"SameTimestamp",1000,"Daily","error_var_ct",0.214483230264422,0.0116338273222028,0.191653716250478,0.237312744278367,"CT",1,329
"Weekly",0.05,"SameTimestamp",1000,"Daily","beta_ct",-0.406674975757577,0.0354243886611113,-0.47618963804166,-0.337160313473494,"CT",1,329
"Weekly",0.05,"SameTimestamp",1000,"Daily","LogLik_ct",919.22438662218,NA,NA,NA,"CT",1,329
"Weekly",0.05,"SameTimestamp",1000,"Daily","AIC_ct",923.22438662218,NA,NA,NA,"CT",1,329
"Weekly",0.05,"SameTimestamp",1000,"Daily","BIC_ct",933.039897180145,NA,NA,NA,"CT",1,329
"Weekly",0.05,"SameTimestamp",1000,"Daily","error_var_dt",0.146785196112471,0.00656504122539559,0.133902359148641,0.159668033076301,"DT",1,329
"Weekly",0.05,"SameTimestamp",1000,"Daily","beta_dt",0.665860587703424,0.0235874970691028,0.619573920385845,0.712147255021003,"DT",1,329
"Weekly",0.05,"SameTimestamp",1000,"Daily","LogLik_dt",919.22438662218,NA,NA,NA,"DT",1,329
"Weekly",0.05,"SameTimestamp",1000,"Daily","AIC_dt",923.22438662218,NA,NA,NA,"DT",1,329
"Weekly",0.05,"SameTimestamp",1000,"Daily","BIC_dt",933.039897180144,NA,NA,NA,"DT",1,329
"Weekly",0.05,"SameTimestamp",1000,"Weekly","error_var_ct",1.34363860285561,0.227390320385857,0.897421690560809,1.78985551515042,"CT",1,329
"Weekly",0.05,"SameTimestamp",1000,"Weekly","beta_ct",-2.64406863127107,0.443481929829062,-3.51433055381495,-1.77380670872719,"CT",1,329
"Weekly",0.05,"SameTimestamp",1000,"Weekly","LogLik_ct",1462.72819047783,NA,NA,NA,"CT",1,329
"Weekly",0.05,"SameTimestamp",1000,"Weekly","AIC_ct",1466.72819047783,NA,NA,NA,"CT",1,329
"Weekly",0.05,"SameTimestamp",1000,"Weekly","BIC_ct",1476.54370103579,NA,NA,NA,"CT",1,329
"Weekly",0.05,"SameTimestamp",1000,"Weekly","error_var_dt",0.252801967695516,0.0113056448769733,0.230616458919487,0.274987476471546,"DT",1,329
"Weekly",0.05,"SameTimestamp",1000,"Weekly","beta_dt",0.0710714863791265,0.0315413726851239,0.0091766180961972,0.132966354662056,"DT",1,329
"Weekly",0.05,"SameTimestamp",1000,"Weekly","LogLik_dt",1462.72819047781,NA,NA,NA,"DT",1,329
"Weekly",0.05,"SameTimestamp",1000,"Weekly","AIC_dt",1466.72819047781,NA,NA,NA,"DT",1,329
"Weekly",0.05,"SameTimestamp",1000,"Weekly","BIC_dt",1476.54370103578,NA,NA,NA,"DT",1,329
"Weekly",0.05,"SameTimestamp",1000,"Monthly","error_var_ct",10.5916504687976,75.8919576218942,-138.334103893067,159.517404830662,"CT",1,329
"Weekly",0.05,"SameTimestamp",1000,"Monthly","beta_ct",-21.2330048643887,152.141651629179,-319.786513677804,277.320503949026,"CT",1,329
"Weekly",0.05,"SameTimestamp",1000,"Monthly","LogLik_ct",1449.2347331165,NA,NA,NA,"CT",1,329
"Weekly",0.05,"SameTimestamp",1000,"Monthly","AIC_ct",1453.2347331165,NA,NA,NA,"CT",1,329
"Weekly",0.05,"SameTimestamp",1000,"Monthly","BIC_ct",1463.05024367446,NA,NA,NA,"CT",1,329
"Weekly",0.05,"SameTimestamp",1000,"Monthly","error_var_dt",0.249022350871042,0.0111366229059916,0.227168520514188,0.270876181227896,"DT",1,329
"Weekly",0.05,"SameTimestamp",1000,"Monthly","beta_dt",-0.0395920840159439,0.0315826145997893,-0.101567882919789,0.0223837148879014,"DT",1,329
"Weekly",0.05,"SameTimestamp",1000,"Monthly","LogLik_dt",1447.66444376792,NA,NA,NA,"DT",1,329
"Weekly",0.05,"SameTimestamp",1000,"Monthly","AIC_dt",1451.66444376792,NA,NA,NA,"DT",1,329
"Weekly",0.05,"SameTimestamp",1000,"Monthly","BIC_dt",1461.47995432589,NA,NA,NA,"DT",1,329
"Weekly",0.05,"SameTimestamp",1000,"Daily","error_var_ct",0.212057800117858,0.0114970599498674,0.189496670063629,0.234618930172087,"CT",1,330
"Weekly",0.05,"SameTimestamp",1000,"Daily","beta_ct",-0.405532150545596,0.0353498549159932,-0.474900552348793,-0.336163748742399,"CT",1,330
"Weekly",0.05,"SameTimestamp",1000,"Daily","LogLik_ct",909.014705665099,NA,NA,NA,"CT",1,330
"Weekly",0.05,"SameTimestamp",1000,"Daily","AIC_ct",913.014705665099,NA,NA,NA,"CT",1,330
"Weekly",0.05,"SameTimestamp",1000,"Daily","BIC_ct",922.830216223063,NA,NA,NA,"CT",1,330
"Weekly",0.05,"SameTimestamp",1000,"Daily","error_var_dt",0.14526902633135,0.006497868045024,0.132518005924546,0.158020046738154,"DT",1,330
"Weekly",0.05,"SameTimestamp",1000,"Daily","beta_dt",0.666621978469696,0.0235649634208837,0.620379529810651,0.712864427128741,"DT",1,330
"Weekly",0.05,"SameTimestamp",1000,"Daily","LogLik_dt",909.014705665099,NA,NA,NA,"DT",1,330
"Weekly",0.05,"SameTimestamp",1000,"Daily","AIC_dt",913.014705665099,NA,NA,NA,"DT",1,330
"Weekly",0.05,"SameTimestamp",1000,"Daily","BIC_dt",922.830216223063,NA,NA,NA,"DT",1,330
"Weekly",0.05,"SameTimestamp",1000,"Weekly","error_var_ct",1.63219425505542,0.43207256897876,0.784321367195336,2.48006714291551,"CT",1,330
"Weekly",0.05,"SameTimestamp",1000,"Weekly","beta_ct",-3.3199061741323,0.87378972525659,-5.03457790042787,-1.60523444783672,"CT",1,330
"Weekly",0.05,"SameTimestamp",1000,"Weekly","LogLik_ct",1433.41106141915,NA,NA,NA,"CT",1,330
"Weekly",0.05,"SameTimestamp",1000,"Weekly","AIC_ct",1437.41106141915,NA,NA,NA,"CT",1,330
"Weekly",0.05,"SameTimestamp",1000,"Weekly","BIC_ct",1447.22657197712,NA,NA,NA,"CT",1,330
"Weekly",0.05,"SameTimestamp",1000,"Weekly","error_var_dt",0.245497982555523,0.0109790265112471,0.223953409763073,0.267042555347972,"DT",1,330
"Weekly",0.05,"SameTimestamp",1000,"Weekly","beta_dt",0.036156211935734,0.0315930351380555,-0.0258400355975942,0.0981524594690621,"DT",1,330
"Weekly",0.05,"SameTimestamp",1000,"Weekly","LogLik_dt",1433.41106141916,NA,NA,NA,"DT",1,330
"Weekly",0.05,"SameTimestamp",1000,"Weekly","AIC_dt",1437.41106141916,NA,NA,NA,"DT",1,330
"Weekly",0.05,"SameTimestamp",1000,"Weekly","BIC_dt",1447.22657197712,NA,NA,NA,"DT",1,330
"Weekly",0.05,"SameTimestamp",1000,"Monthly","error_var_ct",10.4928506059351,117.856222878729,-220.781021467582,241.766722679452,"CT",1,330
"Weekly",0.05,"SameTimestamp",1000,"Monthly","beta_ct",-20.5667147234947,231.007381178906,-473.881526770226,432.748097323236,"CT",1,330
"Weekly",0.05,"SameTimestamp",1000,"Monthly","LogLik_ct",1471.75469891781,NA,NA,NA,"CT",1,330
"Weekly",0.05,"SameTimestamp",1000,"Monthly","AIC_ct",1475.75469891781,NA,NA,NA,"CT",1,330
"Weekly",0.05,"SameTimestamp",1000,"Monthly","BIC_ct",1485.57020947578,NA,NA,NA,"CT",1,330
"Weekly",0.05,"SameTimestamp",1000,"Monthly","error_var_dt",0.255067464748728,0.0114069525951762,0.23268315587808,0.277451773619377,"DT",1,330
"Weekly",0.05,"SameTimestamp",1000,"Monthly","beta_dt",-0.0102532679714215,0.031664688291263,-0.0723901232875533,0.0518835873447103,"DT",1,330
"Weekly",0.05,"SameTimestamp",1000,"Monthly","LogLik_dt",1471.64985569133,NA,NA,NA,"DT",1,330
"Weekly",0.05,"SameTimestamp",1000,"Monthly","AIC_dt",1475.64985569133,NA,NA,NA,"DT",1,330
"Weekly",0.05,"SameTimestamp",1000,"Monthly","BIC_dt",1485.4653662493,NA,NA,NA,"DT",1,330
"Weekly",0.05,"SameTimestamp",1000,"Daily","error_var_ct",0.206609777586147,0.0112352072698359,0.184562491279363,0.228657063892931,"CT",1,331
"Weekly",0.05,"SameTimestamp",1000,"Daily","beta_ct",-0.412116091254365,0.0357644848808953,-0.482298137641771,-0.341934044866959,"CT",1,331
"Weekly",0.05,"SameTimestamp",1000,"Daily","LogLik_ct",877.349908477585,NA,NA,NA,"CT",1,331
"Weekly",0.05,"SameTimestamp",1000,"Daily","AIC_ct",881.349908477585,NA,NA,NA,"CT",1,331
"Weekly",0.05,"SameTimestamp",1000,"Daily","BIC_ct",891.165419035549,NA,NA,NA,"CT",1,331
"Weekly",0.05,"SameTimestamp",1000,"Daily","error_var_dt",0.140732920432744,0.00629517206176016,0.128379658275425,0.153086182590062,"DT",1,331
"Weekly",0.05,"SameTimestamp",1000,"Daily","beta_dt",0.662247385852439,0.0236848106918403,0.615769756209866,0.708725015495012,"DT",1,331
"Weekly",0.05,"SameTimestamp",1000,"Daily","LogLik_dt",877.349908477585,NA,NA,NA,"DT",1,331
"Weekly",0.05,"SameTimestamp",1000,"Daily","AIC_dt",881.349908477585,NA,NA,NA,"DT",1,331
"Weekly",0.05,"SameTimestamp",1000,"Daily","BIC_dt",891.16541903555,NA,NA,NA,"DT",1,331
"Weekly",0.05,"SameTimestamp",1000,"Weekly","error_var_ct",1.39214160654467,0.285664450847451,0.8315710906439,1.95271212244544,"CT",1,331
"Weekly",0.05,"SameTimestamp",1000,"Weekly","beta_ct",-2.94327879176483,0.599251824100481,-4.11921406545372,-1.76734351807594,"CT",1,331
"Weekly",0.05,"SameTimestamp",1000,"Weekly","LogLik_ct",1393.27017838828,NA,NA,NA,"CT",1,331
"Weekly",0.05,"SameTimestamp",1000,"Weekly","AIC_ct",1397.27017838828,NA,NA,NA,"CT",1,331
"Weekly",0.05,"SameTimestamp",1000,"Weekly","BIC_ct",1407.08568894625,NA,NA,NA,"CT",1,331
"Weekly",0.05,"SameTimestamp",1000,"Weekly","error_var_dt",0.235838390678076,0.0105470244938508,0.215141552327359,0.256535229028793,"DT",1,331
"Weekly",0.05,"SameTimestamp",1000,"Weekly","beta_dt",0.0526926599144849,0.0315770690050651,-0.00927225665210647,0.114657576481076,"DT",1,331
"Weekly",0.05,"SameTimestamp",1000,"Weekly","LogLik_dt",1393.27017838828,NA,NA,NA,"DT",1,331
"Weekly",0.05,"SameTimestamp",1000,"Weekly","AIC_dt",1397.27017838828,NA,NA,NA,"DT",1,331
"Weekly",0.05,"SameTimestamp",1000,"Weekly","BIC_dt",1407.08568894625,NA,NA,NA,"DT",1,331
"Weekly",0.05,"SameTimestamp",1000,"Monthly","error_var_ct",8.74263759000359,163.043110892162,-311.203230773199,328.688505953206,"CT",1,331
"Weekly",0.05,"SameTimestamp",1000,"Monthly","beta_ct",-18.2314818425975,340.012473071228,-685.451245718705,648.98828203351,"CT",1,331
"Weekly",0.05,"SameTimestamp",1000,"Monthly","LogLik_ct",1409.79680690436,NA,NA,NA,"CT",1,331
"Weekly",0.05,"SameTimestamp",1000,"Monthly","AIC_ct",1413.79680690436,NA,NA,NA,"CT",1,331
"Weekly",0.05,"SameTimestamp",1000,"Monthly","BIC_ct",1423.61231746232,NA,NA,NA,"CT",1,331
"Weekly",0.05,"SameTimestamp",1000,"Monthly","error_var_dt",0.239599332797824,0.0107152233855557,0.218572431188563,0.260626234407085,"DT",1,331
"Weekly",0.05,"SameTimestamp",1000,"Monthly","beta_dt",-0.0265782850245658,0.0316142818715505,-0.0886162258533711,0.0354596558042396,"DT",1,331
"Weekly",0.05,"SameTimestamp",1000,"Monthly","LogLik_dt",1409.09026617658,NA,NA,NA,"DT",1,331
"Weekly",0.05,"SameTimestamp",1000,"Monthly","AIC_dt",1413.09026617658,NA,NA,NA,"DT",1,331
"Weekly",0.05,"SameTimestamp",1000,"Monthly","BIC_dt",1422.90577673455,NA,NA,NA,"DT",1,331
"Weekly",0.05,"SameTimestamp",1000,"Daily","error_var_ct",0.19670311996874,0.0108176951293753,0.175475134051902,0.217931105885579,"CT",1,332
"Weekly",0.05,"SameTimestamp",1000,"Daily","beta_ct",-0.434215396031735,0.0373210355568598,-0.507451922641873,-0.360978869421597,"CT",1,332
"Weekly",0.05,"SameTimestamp",1000,"Daily","LogLik_ct",808.982012395224,NA,NA,NA,"CT",1,332
"Weekly",0.05,"SameTimestamp",1000,"Daily","AIC_ct",812.982012395224,NA,NA,NA,"CT",1,332
"Weekly",0.05,"SameTimestamp",1000,"Daily","BIC_ct",822.797522953189,NA,NA,NA,"CT",1,332
"Weekly",0.05,"SameTimestamp",1000,"Daily","error_var_dt",0.131460835541221,0.00587971557413482,0.119922839885952,0.142998831196489,"DT",1,332
"Weekly",0.05,"SameTimestamp",1000,"Daily","beta_dt",0.647772736831088,0.0241757474426696,0.600331722816148,0.695213750846027,"DT",1,332
"Weekly",0.05,"SameTimestamp",1000,"Daily","LogLik_dt",808.982012395234,NA,NA,NA,"DT",1,332
"Weekly",0.05,"SameTimestamp",1000,"Daily","AIC_dt",812.982012395234,NA,NA,NA,"DT",1,332
"Weekly",0.05,"SameTimestamp",1000,"Daily","BIC_dt",822.797522953198,NA,NA,NA,"DT",1,332
"Weekly",0.05,"SameTimestamp",1000,"Weekly","error_var_ct",1.52750950937315,0.304949091494553,0.929095989470878,2.12592302927542,"CT",1,332
"Weekly",0.05,"SameTimestamp",1000,"Weekly","beta_ct",-2.90118356532131,0.57459726871536,-4.02873824145757,-1.77362888918504,"CT",1,332
"Weekly",0.05,"SameTimestamp",1000,"Weekly","LogLik_ct",1500.22479913943,NA,NA,NA,"CT",1,332
"Weekly",0.05,"SameTimestamp",1000,"Weekly","AIC_ct",1504.22479913943,NA,NA,NA,"CT",1,332
"Weekly",0.05,"SameTimestamp",1000,"Weekly","BIC_ct",1514.0403096974,NA,NA,NA,"CT",1,332
"Weekly",0.05,"SameTimestamp",1000,"Weekly","error_var_dt",0.262461101127895,0.0117376014255026,0.239427947135467,0.285494255120322,"DT",1,332
"Weekly",0.05,"SameTimestamp",1000,"Weekly","beta_dt",0.0549580383179501,0.0316000543061323,-0.0070519832032101,0.11696805983911,"DT",1,332
"Weekly",0.05,"SameTimestamp",1000,"Weekly","LogLik_dt",1500.22479913943,NA,NA,NA,"DT",1,332
"Weekly",0.05,"SameTimestamp",1000,"Weekly","AIC_dt",1504.22479913943,NA,NA,NA,"DT",1,332
"Weekly",0.05,"SameTimestamp",1000,"Weekly","BIC_dt",1514.0403096974,NA,NA,NA,"DT",1,332
"Weekly",0.05,"SameTimestamp",1000,"Monthly","error_var_ct",10.7514906295379,93.3647355323691,-172.461778676652,193.964759935728,"CT",1,332
"Weekly",0.05,"SameTimestamp",1000,"Monthly","beta_ct",-22.0142486808014,191.17180389591,-397.158150617827,353.129653256224,"CT",1,332
"Weekly",0.05,"SameTimestamp",1000,"Monthly","LogLik_ct",1428.08680192125,NA,NA,NA,"CT",1,332
"Weekly",0.05,"SameTimestamp",1000,"Monthly","AIC_ct",1432.08680192125,NA,NA,NA,"CT",1,332
"Weekly",0.05,"SameTimestamp",1000,"Monthly","BIC_ct",1441.90231247921,NA,NA,NA,"CT",1,332
"Weekly",0.05,"SameTimestamp",1000,"Monthly","error_var_dt",0.244177756152569,0.0109199591069082,0.222749093636057,0.265606418669081,"DT",1,332
"Weekly",0.05,"SameTimestamp",1000,"Monthly","beta_dt",-0.0082765243270419,0.0316073990013158,-0.0703009586305975,0.0537479099765137,"DT",1,332
"Weekly",0.05,"SameTimestamp",1000,"Monthly","LogLik_dt",1428.01823725002,NA,NA,NA,"DT",1,332
"Weekly",0.05,"SameTimestamp",1000,"Monthly","AIC_dt",1432.01823725002,NA,NA,NA,"DT",1,332
"Weekly",0.05,"SameTimestamp",1000,"Monthly","BIC_dt",1441.83374780798,NA,NA,NA,"DT",1,332
"Weekly",0.05,"SameTimestamp",1000,"Daily","error_var_ct",0.219153036236353,0.0118866704507637,0.195827358269915,0.242478714202791,"CT",1,333
"Weekly",0.05,"SameTimestamp",1000,"Daily","beta_ct",-0.406336295548968,0.0354135910900767,-0.475829769337431,-0.336842821760504,"CT",1,333
"Weekly",0.05,"SameTimestamp",1000,"Daily","LogLik_ct",941.102430739035,NA,NA,NA,"CT",1,333
"Weekly",0.05,"SameTimestamp",1000,"Daily","AIC_ct",945.102430739035,NA,NA,NA,"CT",1,333
"Weekly",0.05,"SameTimestamp",1000,"Daily","BIC_ct",954.917941296999,NA,NA,NA,"CT",1,333
"Weekly",0.05,"SameTimestamp",1000,"Daily","error_var_dt",0.150025054190078,0.00671012088562698,0.136857521739143,0.163192586641014,"DT",1,333
"Weekly",0.05,"SameTimestamp",1000,"Daily","beta_dt",0.66608613071379,0.0235884932846917,0.619797508483428,0.712374752944151,"DT",1,333
"Weekly",0.05,"SameTimestamp",1000,"Daily","LogLik_dt",941.102430739033,NA,NA,NA,"DT",1,333
"Weekly",0.05,"SameTimestamp",1000,"Daily","AIC_dt",945.102430739033,NA,NA,NA,"DT",1,333
"Weekly",0.05,"SameTimestamp",1000,"Daily","BIC_dt",954.917941296997,NA,NA,NA,"DT",1,333
"Weekly",0.05,"SameTimestamp",1000,"Weekly","error_var_ct",1.7917913769589,0.744667255030697,0.330501720200432,3.25308103371736,"CT",1,333
"Weekly",0.05,"SameTimestamp",1000,"Weekly","beta_ct",-3.94994697697699,1.636932926922,-7.16216443216759,-0.737729521786392,"CT",1,333
"Weekly",0.05,"SameTimestamp",1000,"Weekly","LogLik_ct",1353.87291947475,NA,NA,NA,"CT",1,333
"Weekly",0.05,"SameTimestamp",1000,"Weekly","AIC_ct",1357.87291947475,NA,NA,NA,"CT",1,333
"Weekly",0.05,"SameTimestamp",1000,"Weekly","BIC_ct",1367.68843003272,NA,NA,NA,"CT",1,333
"Weekly",0.05,"SameTimestamp",1000,"Weekly","error_var_dt",0.226728004526958,0.0101395938783132,0.206830683195835,0.24662532585808,"DT",1,333
"Weekly",0.05,"SameTimestamp",1000,"Weekly","beta_dt",0.0192557676814526,0.0316217337692384,-0.0427967962974121,0.0813083316603173,"DT",1,333
"Weekly",0.05,"SameTimestamp",1000,"Weekly","LogLik_dt",1353.87291947475,NA,NA,NA,"DT",1,333
"Weekly",0.05,"SameTimestamp",1000,"Weekly","AIC_dt",1357.87291947475,NA,NA,NA,"DT",1,333
"Weekly",0.05,"SameTimestamp",1000,"Weekly","BIC_dt",1367.68843003271,NA,NA,NA,"DT",1,333
"Weekly",0.05,"SameTimestamp",1000,"Monthly","error_var_ct",9.51276586667242,86.059532639639,-159.365218309747,178.390750043092,"CT",1,333
"Weekly",0.05,"SameTimestamp",1000,"Monthly","beta_ct",-19.8271932132872,179.366833368548,-371.805740136468,332.151353709894,"CT",1,333
"Weekly",0.05,"SameTimestamp",1000,"Monthly","LogLik_ct",1410.31382733624,NA,NA,NA,"CT",1,333
"Weekly",0.05,"SameTimestamp",1000,"Monthly","AIC_ct",1414.31382733624,NA,NA,NA,"CT",1,333
"Weekly",0.05,"SameTimestamp",1000,"Monthly","BIC_ct",1424.12933789421,NA,NA,NA,"CT",1,333
"Weekly",0.05,"SameTimestamp",1000,"Monthly","error_var_dt",0.239892124540863,0.0107283019468786,0.218839558359597,0.260944690722129,"DT",1,333
"Weekly",0.05,"SameTimestamp",1000,"Monthly","beta_dt",-0.00164508790416823,0.0316204480384269,-0.0636951288432141,0.0604049530348776,"DT",1,333
"Weekly",0.05,"SameTimestamp",1000,"Monthly","LogLik_dt",1410.31112073079,NA,NA,NA,"DT",1,333
"Weekly",0.05,"SameTimestamp",1000,"Monthly","AIC_dt",1414.31112073079,NA,NA,NA,"DT",1,333
"Weekly",0.05,"SameTimestamp",1000,"Monthly","BIC_dt",1424.12663128875,NA,NA,NA,"DT",1,333
"Weekly",0.05,"SameTimestamp",1000,"Daily","error_var_ct",0.214605476632449,0.0120668457149603,0.190926233703679,0.238284719561218,"CT",1,334
"Weekly",0.05,"SameTimestamp",1000,"Daily","beta_ct",-0.484455402887907,0.0404978244777171,-0.56392586654898,-0.404984939226835,"CT",1,334
"Weekly",0.05,"SameTimestamp",1000,"Daily","LogLik_ct",853.510382643776,NA,NA,NA,"CT",1,334
"Weekly",0.05,"SameTimestamp",1000,"Daily","AIC_ct",857.510382643776,NA,NA,NA,"CT",1,334
"Weekly",0.05,"SameTimestamp",1000,"Daily","BIC_ct",867.32589320174,NA,NA,NA,"CT",1,334
"Weekly",0.05,"SameTimestamp",1000,"Daily","error_var_dt",0.137436305995237,0.00614725753677477,0.125373302290919,0.149499309699555,"DT",1,334
"Weekly",0.05,"SameTimestamp",1000,"Daily","beta_dt",0.616032592897363,0.0249476815809348,0.567076782355082,0.664988403439645,"DT",1,334
"Weekly",0.05,"SameTimestamp",1000,"Daily","LogLik_dt",853.510382643774,NA,NA,NA,"DT",1,334
"Weekly",0.05,"SameTimestamp",1000,"Daily","AIC_dt",857.510382643774,NA,NA,NA,"DT",1,334
"Weekly",0.05,"SameTimestamp",1000,"Daily","BIC_dt",867.325893201738,NA,NA,NA,"DT",1,334
"Weekly",0.05,"SameTimestamp",1000,"Weekly","error_var_ct",1.13797584432932,0.169699332065636,0.804968213026787,1.47098347563186,"CT",1,334
"Weekly",0.05,"SameTimestamp",1000,"Weekly","beta_ct",-2.43632135290955,0.36011147235424,-3.14298216856421,-1.72966053725489,"CT",1,334
"Weekly",0.05,"SameTimestamp",1000,"Weekly","LogLik_ct",1375.8114134995,NA,NA,NA,"CT",1,334
"Weekly",0.05,"SameTimestamp",1000,"Weekly","AIC_ct",1379.8114134995,NA,NA,NA,"CT",1,334
"Weekly",0.05,"SameTimestamp",1000,"Weekly","BIC_ct",1389.62692405746,NA,NA,NA,"CT",1,334
"Weekly",0.05,"SameTimestamp",1000,"Weekly","error_var_dt",0.231756526338019,0.0103644839337086,0.211417894462305,0.252095158213732,"DT",1,334
"Weekly",0.05,"SameTimestamp",1000,"Weekly","beta_dt",0.0874820586708594,0.03149580632143,0.0256766070441779,0.149287510297541,"DT",1,334
"Weekly",0.05,"SameTimestamp",1000,"Weekly","LogLik_dt",1375.8114134995,NA,NA,NA,"DT",1,334
"Weekly",0.05,"SameTimestamp",1000,"Weekly","AIC_dt",1379.8114134995,NA,NA,NA,"DT",1,334
"Weekly",0.05,"SameTimestamp",1000,"Weekly","BIC_dt",1389.62692405746,NA,NA,NA,"DT",1,334
"Weekly",0.05,"SameTimestamp",1000,"Monthly","error_var_ct",1.82657489314569,0.822496179165098,0.212558496939615,3.44059128935176,"CT",1,334
"Weekly",0.05,"SameTimestamp",1000,"Monthly","beta_ct",-4.05301290987278,1.82052778655219,-7.62550573315455,-0.480520086591015,"CT",1,334
"Weekly",0.05,"SameTimestamp",1000,"Monthly","LogLik_ct",1347.41005893219,NA,NA,NA,"CT",1,334
"Weekly",0.05,"SameTimestamp",1000,"Monthly","AIC_ct",1351.41005893219,NA,NA,NA,"CT",1,334
"Weekly",0.05,"SameTimestamp",1000,"Monthly","BIC_ct",1361.22556949016,NA,NA,NA,"CT",1,334
"Weekly",0.05,"SameTimestamp",1000,"Monthly","error_var_dt",0.225267408941515,0.0100742526386785,0.205498309278518,0.245036508604512,"DT",1,334
"Weekly",0.05,"SameTimestamp",1000,"Monthly","beta_dt",0.0173699015729079,0.0316551449907071,-0.0447482265515829,0.0794880296973988,"DT",1,334
"Weekly",0.05,"SameTimestamp",1000,"Monthly","LogLik_dt",1347.41005893217,NA,NA,NA,"DT",1,334
"Weekly",0.05,"SameTimestamp",1000,"Monthly","AIC_dt",1351.41005893217,NA,NA,NA,"DT",1,334
"Weekly",0.05,"SameTimestamp",1000,"Monthly","BIC_dt",1361.22556949014,NA,NA,NA,"DT",1,334
"Weekly",0.05,"SameTimestamp",1000,"Daily","error_var_ct",0.220697099925022,0.0120220499812692,0.197105761415129,0.244288438434915,"CT",1,335
"Weekly",0.05,"SameTimestamp",1000,"Daily","beta_ct",-0.415921879996456,0.0360195893744112,-0.486604527901183,-0.345239232091729,"CT",1,335
"Weekly",0.05,"SameTimestamp",1000,"Daily","LogLik_ct",939.802299222176,NA,NA,NA,"CT",1,335
"Weekly",0.05,"SameTimestamp",1000,"Daily","AIC_ct",943.802299222176,NA,NA,NA,"CT",1,335
"Weekly",0.05,"SameTimestamp",1000,"Daily","BIC_ct",953.617809780141,NA,NA,NA,"CT",1,335
"Weekly",0.05,"SameTimestamp",1000,"Daily","error_var_dt",0.149835296304155,0.0067015042624476,0.13668467258963,0.162985920018681,"DT",1,335
"Weekly",0.05,"SameTimestamp",1000,"Daily","beta_dt",0.659731807586296,0.023763375732479,0.613100006694091,0.706363608478501,"DT",1,335
"Weekly",0.05,"SameTimestamp",1000,"Daily","LogLik_dt",939.802299222176,NA,NA,NA,"DT",1,335
"Weekly",0.05,"SameTimestamp",1000,"Daily","AIC_dt",943.802299222176,NA,NA,NA,"DT",1,335
"Weekly",0.05,"SameTimestamp",1000,"Daily","BIC_dt",953.617809780141,NA,NA,NA,"DT",1,335
"Weekly",0.05,"SameTimestamp",1000,"Weekly","error_var_ct",1.16604629164921,0.152295897377152,0.867190100376496,1.46490248292192,"CT",1,335
"Weekly",0.05,"SameTimestamp",1000,"Weekly","beta_ct",-2.21112091220039,0.286744361481404,-2.77381057894196,-1.64843124545881,"CT",1,335
"Weekly",0.05,"SameTimestamp",1000,"Weekly","LogLik_ct",1492.76968247283,NA,NA,NA,"CT",1,335
"Weekly",0.05,"SameTimestamp",1000,"Weekly","AIC_ct",1496.76968247283,NA,NA,NA,"CT",1,335
"Weekly",0.05,"SameTimestamp",1000,"Weekly","BIC_ct",1506.5851930308,NA,NA,NA,"CT",1,335
"Weekly",0.05,"SameTimestamp",1000,"Weekly","error_var_dt",0.26051158595257,0.0116504420072157,0.237649468292909,0.283373703612231,"DT",1,335
"Weekly",0.05,"SameTimestamp",1000,"Weekly","beta_dt",0.109577747087315,0.0314232907048947,0.0479145956889313,0.171240898485699,"DT",1,335
"Weekly",0.05,"SameTimestamp",1000,"Weekly","LogLik_dt",1492.76968247283,NA,NA,NA,"DT",1,335
"Weekly",0.05,"SameTimestamp",1000,"Weekly","AIC_dt",1496.76968247283,NA,NA,NA,"DT",1,335
"Weekly",0.05,"SameTimestamp",1000,"Weekly","BIC_dt",1506.5851930308,NA,NA,NA,"DT",1,335
"Weekly",0.05,"SameTimestamp",1000,"Monthly","error_var_ct",1.86660386423336,0.688205726582667,0.516110871311654,3.21709685715506,"CT",1,335
"Weekly",0.05,"SameTimestamp",1000,"Monthly","beta_ct",-3.77987680459779,1.38873627039248,-6.50504826095007,-1.0547053482455,"CT",1,335
"Weekly",0.05,"SameTimestamp",1000,"Monthly","LogLik_ct",1438.63800663578,NA,NA,NA,"CT",1,335
"Weekly",0.05,"SameTimestamp",1000,"Monthly","AIC_ct",1442.63800663578,NA,NA,NA,"CT",1,335
"Weekly",0.05,"SameTimestamp",1000,"Monthly","BIC_ct",1452.45351719375,NA,NA,NA,"CT",1,335
"Weekly",0.05,"SameTimestamp",1000,"Monthly","error_var_dt",0.246784675969337,0.0110365302708198,0.225127261302183,0.26844209063649,"DT",1,335
"Weekly",0.05,"SameTimestamp",1000,"Monthly","beta_dt",0.0228254536260882,0.0316005310469906,-0.0391855034222896,0.0848364106744661,"DT",1,335
"Weekly",0.05,"SameTimestamp",1000,"Monthly","LogLik_dt",1438.63800663578,NA,NA,NA,"DT",1,335
"Weekly",0.05,"SameTimestamp",1000,"Monthly","AIC_dt",1442.63800663578,NA,NA,NA,"DT",1,335
"Weekly",0.05,"SameTimestamp",1000,"Monthly","BIC_dt",1452.45351719374,NA,NA,NA,"DT",1,335
"Weekly",0.05,"SameTimestamp",1000,"Daily","error_var_ct",0.226694137637377,0.0124879585346911,0.202188528565013,0.251199746709741,"CT",1,336
"Weekly",0.05,"SameTimestamp",1000,"Daily","beta_ct",-0.440278336995261,0.0375491191041004,-0.513962440863843,-0.36659423312668,"CT",1,336
"Weekly",0.05,"SameTimestamp",1000,"Daily","LogLik_ct",946.434364746178,NA,NA,NA,"CT",1,336
"Weekly",0.05,"SameTimestamp",1000,"Daily","AIC_ct",950.434364746178,NA,NA,NA,"CT",1,336
"Weekly",0.05,"SameTimestamp",1000,"Daily","BIC_ct",960.249875304143,NA,NA,NA,"CT",1,336
"Weekly",0.05,"SameTimestamp",1000,"Daily","error_var_dt",0.150720139009918,0.00674405703475858,0.137486012327289,0.163954265692547,"DT",1,336
"Weekly",0.05,"SameTimestamp",1000,"Daily","beta_dt",0.643857178523708,0.0241761103878975,0.596415452287164,0.691298904760253,"DT",1,336
"Weekly",0.05,"SameTimestamp",1000,"Daily","LogLik_dt",946.434364746174,NA,NA,NA,"DT",1,336
"Weekly",0.05,"SameTimestamp",1000,"Daily","AIC_dt",950.434364746174,NA,NA,NA,"DT",1,336
"Weekly",0.05,"SameTimestamp",1000,"Daily","BIC_dt",960.249875304138,NA,NA,NA,"DT",1,336
"Weekly",0.05,"SameTimestamp",1000,"Weekly","error_var_ct",1.73643730634979,0.433860245431934,0.885056391121772,2.58781822157781,"CT",1,336
"Weekly",0.05,"SameTimestamp",1000,"Weekly","beta_ct",-3.23587463102178,0.803513718917632,-4.81264100363402,-1.65910825840955,"CT",1,336
"Weekly",0.05,"SameTimestamp",1000,"Weekly","LogLik_ct",1520.72098174136,NA,NA,NA,"CT",1,336
"Weekly",0.05,"SameTimestamp",1000,"Weekly","AIC_ct",1524.72098174136,NA,NA,NA,"CT",1,336
"Weekly",0.05,"SameTimestamp",1000,"Weekly","BIC_ct",1534.53649229933,NA,NA,NA,"CT",1,336
"Weekly",0.05,"SameTimestamp",1000,"Weekly","error_var_dt",0.267895400654133,0.0119806375366135,0.244385327402821,0.291405473905446,"DT",1,336
"Weekly",0.05,"SameTimestamp",1000,"Weekly","beta_dt",0.0393257657033714,0.0316129746253749,-0.0227096098651753,0.101361141271918,"DT",1,336
"Weekly",0.05,"SameTimestamp",1000,"Weekly","LogLik_dt",1520.72098174136,NA,NA,NA,"DT",1,336
"Weekly",0.05,"SameTimestamp",1000,"Weekly","AIC_dt",1524.72098174136,NA,NA,NA,"DT",1,336
"Weekly",0.05,"SameTimestamp",1000,"Weekly","BIC_dt",1534.53649229932,NA,NA,NA,"DT",1,336
"Weekly",0.05,"SameTimestamp",1000,"Monthly","error_var_ct",11.489713232094,53.8217355065558,-94.1267817503228,117.106208214511,"CT",1,336
"Weekly",0.05,"SameTimestamp",1000,"Monthly","beta_ct",-21.4928899946818,100.677886111454,-219.057040486179,176.071260496815,"CT",1,336
"Weekly",0.05,"SameTimestamp",1000,"Monthly","LogLik_ct",1518.46001850835,NA,NA,NA,"CT",1,336
"Weekly",0.05,"SameTimestamp",1000,"Monthly","AIC_ct",1522.46001850835,NA,NA,NA,"CT",1,336
"Weekly",0.05,"SameTimestamp",1000,"Monthly","BIC_ct",1532.27552906631,NA,NA,NA,"CT",1,336
"Weekly",0.05,"SameTimestamp",1000,"Monthly","error_var_dt",0.267163359559751,0.0119479226826103,0.243717483944972,0.290609235174529,"DT",1,336
"Weekly",0.05,"SameTimestamp",1000,"Monthly","beta_dt",-0.0218602806946966,0.0316439560521841,-0.0839564523278508,0.0402358909384576,"DT",1,336
"Weekly",0.05,"SameTimestamp",1000,"Monthly","LogLik_dt",1517.98290600704,NA,NA,NA,"DT",1,336
"Weekly",0.05,"SameTimestamp",1000,"Monthly","AIC_dt",1521.98290600704,NA,NA,NA,"DT",1,336
"Weekly",0.05,"SameTimestamp",1000,"Monthly","BIC_dt",1531.79841656501,NA,NA,NA,"DT",1,336
"Weekly",0.05,"SameTimestamp",1000,"Daily","error_var_ct",0.220722333427528,0.0124798074595249,0.196232719528513,0.245211947326542,"CT",1,337
"Weekly",0.05,"SameTimestamp",1000,"Daily","beta_ct",-0.498322475997859,0.0413310247261963,-0.579427961068677,-0.417216990927042,"CT",1,337
"Weekly",0.05,"SameTimestamp",1000,"Daily","LogLik_ct",869.889194249737,NA,NA,NA,"CT",1,337
"Weekly",0.05,"SameTimestamp",1000,"Daily","AIC_ct",873.889194249737,NA,NA,NA,"CT",1,337
"Weekly",0.05,"SameTimestamp",1000,"Daily","BIC_ct",883.704704807702,NA,NA,NA,"CT",1,337
"Weekly",0.05,"SameTimestamp",1000,"Daily","error_var_dt",0.139719004168443,0.00624901262676971,0.127456322474355,0.151981685862531,"DT",1,337
"Weekly",0.05,"SameTimestamp",1000,"Daily","beta_dt",0.607548979048764,0.0251107319943736,0.558273208308047,0.656824749789482,"DT",1,337
"Weekly",0.05,"SameTimestamp",1000,"Daily","LogLik_dt",869.889194249739,NA,NA,NA,"DT",1,337
"Weekly",0.05,"SameTimestamp",1000,"Daily","AIC_dt",873.889194249739,NA,NA,NA,"DT",1,337
"Weekly",0.05,"SameTimestamp",1000,"Daily","BIC_dt",883.704704807704,NA,NA,NA,"DT",1,337
"Weekly",0.05,"SameTimestamp",1000,"Weekly","error_var_ct",1.81401542190536,0.56422082336429,0.706822850001561,2.92120799380916,"CT",1,337
"Weekly",0.05,"SameTimestamp",1000,"Weekly","beta_ct",-3.55311905926422,1.10015792497918,-5.71200195053175,-1.39423616799668,"CT",1,337
"Weekly",0.05,"SameTimestamp",1000,"Weekly","LogLik_ct",1471.62662491433,NA,NA,NA,"CT",1,337
"Weekly",0.05,"SameTimestamp",1000,"Weekly","AIC_ct",1475.62662491433,NA,NA,NA,"CT",1,337
"Weekly",0.05,"SameTimestamp",1000,"Weekly","BIC_ct",1485.44213547229,NA,NA,NA,"CT",1,337
"Weekly",0.05,"SameTimestamp",1000,"Weekly","error_var_dt",0.255061477757491,0.011406704299377,0.232677656127393,0.277445299387589,"DT",1,337
"Weekly",0.05,"SameTimestamp",1000,"Weekly","beta_dt",0.0286350103467741,0.0316100801878497,-0.0333946853538999,0.0906647060474482,"DT",1,337
"Weekly",0.05,"SameTimestamp",1000,"Weekly","LogLik_dt",1471.62662491436,NA,NA,NA,"DT",1,337
"Weekly",0.05,"SameTimestamp",1000,"Weekly","AIC_dt",1475.62662491436,NA,NA,NA,"DT",1,337
"Weekly",0.05,"SameTimestamp",1000,"Weekly","BIC_dt",1485.44213547232,NA,NA,NA,"DT",1,337
"Weekly",0.05,"SameTimestamp",1000,"Monthly","error_var_ct",2.03020683318884,0.8360295797105,0.389633316196054,3.67078035018163,"CT",1,337
"Weekly",0.05,"SameTimestamp",1000,"Monthly","beta_ct",-3.92474861565712,1.61143977178554,-7.08693985622986,-0.762557375084367,"CT",1,337
"Weekly",0.05,"SameTimestamp",1000,"Monthly","LogLik_ct",1485.17507022007,NA,NA,NA,"CT",1,337
"Weekly",0.05,"SameTimestamp",1000,"Monthly","AIC_ct",1489.17507022007,NA,NA,NA,"CT",1,337
"Weekly",0.05,"SameTimestamp",1000,"Monthly","BIC_ct",1498.99058077803,NA,NA,NA,"CT",1,337
"Weekly",0.05,"SameTimestamp",1000,"Monthly","error_var_dt",0.258540737366365,0.0115622790331989,0.235851625356099,0.281229849376631,"DT",1,337
"Weekly",0.05,"SameTimestamp",1000,"Monthly","beta_dt",0.0197471383200712,0.0316067866392334,-0.0422760943214386,0.0817703709615809,"DT",1,337
"Weekly",0.05,"SameTimestamp",1000,"Monthly","LogLik_dt",1485.17507022005,NA,NA,NA,"DT",1,337
"Weekly",0.05,"SameTimestamp",1000,"Monthly","AIC_dt",1489.17507022005,NA,NA,NA,"DT",1,337
"Weekly",0.05,"SameTimestamp",1000,"Monthly","BIC_dt",1498.99058077801,NA,NA,NA,"DT",1,337
"Weekly",0.05,"SameTimestamp",1000,"Daily","error_var_ct",0.193175467205875,0.0105779490629186,0.172417944364718,0.213932990047031,"CT",1,338
"Weekly",0.05,"SameTimestamp",1000,"Daily","beta_ct",-0.425060940209412,0.0367152141358526,-0.497108639769106,-0.353013240649719,"CT",1,338
"Weekly",0.05,"SameTimestamp",1000,"Daily","LogLik_ct",798.797985437092,NA,NA,NA,"CT",1,338
"Weekly",0.05,"SameTimestamp",1000,"Daily","AIC_ct",802.797985437092,NA,NA,NA,"CT",1,338
"Weekly",0.05,"SameTimestamp",1000,"Daily","BIC_ct",812.613495995056,NA,NA,NA,"CT",1,338
"Weekly",0.05,"SameTimestamp",1000,"Daily","error_var_dt",0.130121876004432,0.00581999803155009,0.118701066416788,0.141542685592075,"DT",1,338
"Weekly",0.05,"SameTimestamp",1000,"Daily","beta_dt",0.653729936204505,0.024001676022159,0.606630509340888,0.700829363068122,"DT",1,338
"Weekly",0.05,"SameTimestamp",1000,"Daily","LogLik_dt",798.79798543709,NA,NA,NA,"DT",1,338
"Weekly",0.05,"SameTimestamp",1000,"Daily","AIC_dt",802.79798543709,NA,NA,NA,"DT",1,338
"Weekly",0.05,"SameTimestamp",1000,"Daily","BIC_dt",812.613495995054,NA,NA,NA,"DT",1,338
"Weekly",0.05,"SameTimestamp",1000,"Weekly","error_var_ct",11.0180286043024,55.2974571436308,-97.4943326189678,119.530389827573,"CT",1,338
"Weekly",0.05,"SameTimestamp",1000,"Weekly","beta_ct",-21.7289460505622,109.054313591832,-235.730487544513,192.272595443389,"CT",1,338
"Weekly",0.05,"SameTimestamp",1000,"Weekly","LogLik_ct",1465.62224863385,NA,NA,NA,"CT",1,338
"Weekly",0.05,"SameTimestamp",1000,"Weekly","AIC_ct",1469.62224863385,NA,NA,NA,"CT",1,338
"Weekly",0.05,"SameTimestamp",1000,"Weekly","BIC_ct",1479.43775919181,NA,NA,NA,"CT",1,338
"Weekly",0.05,"SameTimestamp",1000,"Weekly","error_var_dt",0.25344850021733,0.0113345515195264,0.231206266806923,0.275690733627737,"DT",1,338
"Weekly",0.05,"SameTimestamp",1000,"Weekly","beta_dt",-0.0184253040241873,0.0316035670798516,-0.0804422187984989,0.0435916107501244,"DT",1,338
"Weekly",0.05,"SameTimestamp",1000,"Weekly","LogLik_dt",1465.28240446271,NA,NA,NA,"DT",1,338
"Weekly",0.05,"SameTimestamp",1000,"Weekly","AIC_dt",1469.28240446271,NA,NA,NA,"DT",1,338
"Weekly",0.05,"SameTimestamp",1000,"Weekly","BIC_dt",1479.09791502067,NA,NA,NA,"DT",1,338
"Weekly",0.05,"SameTimestamp",1000,"Monthly","error_var_ct",2.4508162998716,2.06979648107746,-1.61082622430368,6.51245882404687,"CT",1,338
"Weekly",0.05,"SameTimestamp",1000,"Monthly","beta_ct",-4.87906145179993,4.1172306570426,-12.9584640748912,3.20034117129135,"CT",1,338
"Weekly",0.05,"SameTimestamp",1000,"Monthly","LogLik_ct",1456.14043426386,NA,NA,NA,"CT",1,338
"Weekly",0.05,"SameTimestamp",1000,"Monthly","AIC_ct",1460.14043426386,NA,NA,NA,"CT",1,338
"Weekly",0.05,"SameTimestamp",1000,"Monthly","BIC_ct",1469.95594482182,NA,NA,NA,"CT",1,338
"Weekly",0.05,"SameTimestamp",1000,"Monthly","error_var_dt",0.25114203644642,0.0112314051745659,0.229102211139773,0.273181861753067,"DT",1,338
"Weekly",0.05,"SameTimestamp",1000,"Monthly","beta_dt",0.00760414235200917,0.0316130372621848,-0.0544313561311975,0.0696396408352158,"DT",1,338
"Weekly",0.05,"SameTimestamp",1000,"Monthly","LogLik_dt",1456.14043426386,NA,NA,NA,"DT",1,338
"Weekly",0.05,"SameTimestamp",1000,"Monthly","AIC_dt",1460.14043426386,NA,NA,NA,"DT",1,338
"Weekly",0.05,"SameTimestamp",1000,"Monthly","BIC_dt",1469.95594482182,NA,NA,NA,"DT",1,338
"Weekly",0.05,"SameTimestamp",1000,"Daily","error_var_ct",0.227411933494009,0.0130324759150798,0.201837796685919,0.252986070302099,"CT",1,339
"Weekly",0.05,"SameTimestamp",1000,"Daily","beta_ct",-0.52742589375095,0.0432922148816793,-0.612379898908803,-0.442471888593096,"CT",1,339
"Weekly",0.05,"SameTimestamp",1000,"Daily","LogLik_ct",875.499461756618,NA,NA,NA,"CT",1,339
"Weekly",0.05,"SameTimestamp",1000,"Daily","AIC_ct",879.499461756618,NA,NA,NA,"CT",1,339
"Weekly",0.05,"SameTimestamp",1000,"Daily","BIC_ct",889.314972314582,NA,NA,NA,"CT",1,339
"Weekly",0.05,"SameTimestamp",1000,"Daily","error_var_dt",0.140509852744019,0.00628425389001832,0.1281780157418,0.152841689746237,"DT",1,339
"Weekly",0.05,"SameTimestamp",1000,"Daily","beta_dt",0.590122019702149,0.025547584466005,0.539988996283794,0.640255043120504,"DT",1,339
"Weekly",0.05,"SameTimestamp",1000,"Daily","LogLik_dt",875.499461756611,NA,NA,NA,"DT",1,339
"Weekly",0.05,"SameTimestamp",1000,"Daily","AIC_dt",879.499461756611,NA,NA,NA,"DT",1,339
"Weekly",0.05,"SameTimestamp",1000,"Daily","BIC_dt",889.314972314575,NA,NA,NA,"DT",1,339
"Weekly",0.05,"SameTimestamp",1000,"Weekly","error_var_ct",1.31965828961783,0.256945873487184,0.815443360416854,1.82387321881881,"CT",1,339
"Weekly",0.05,"SameTimestamp",1000,"Weekly","beta_ct",-2.86336513655536,0.552964793628121,-3.94846956141293,-1.77826071169779,"CT",1,339
"Weekly",0.05,"SameTimestamp",1000,"Weekly","LogLik_ct",1366.8419113461,NA,NA,NA,"CT",1,339
"Weekly",0.05,"SameTimestamp",1000,"Weekly","AIC_ct",1370.8419113461,NA,NA,NA,"CT",1,339
"Weekly",0.05,"SameTimestamp",1000,"Weekly","BIC_ct",1380.65742190407,NA,NA,NA,"CT",1,339
"Weekly",0.05,"SameTimestamp",1000,"Weekly","error_var_dt",0.22968759789131,0.0102719314320008,0.209530585406726,0.249844610375894,"DT",1,339
"Weekly",0.05,"SameTimestamp",1000,"Weekly","beta_dt",0.0570763122277494,0.0315618791240205,-0.00485879664163515,0.119011421097134,"DT",1,339
"Weekly",0.05,"SameTimestamp",1000,"Weekly","LogLik_dt",1366.84191134607,NA,NA,NA,"DT",1,339
"Weekly",0.05,"SameTimestamp",1000,"Weekly","AIC_dt",1370.84191134607,NA,NA,NA,"DT",1,339
"Weekly",0.05,"SameTimestamp",1000,"Weekly","BIC_dt",1380.65742190404,NA,NA,NA,"DT",1,339
"Weekly",0.05,"SameTimestamp",1000,"Monthly","error_var_ct",1.13536361495176,0.169408885359442,0.802925938571689,1.46780129133184,"CT",1,339
"Weekly",0.05,"SameTimestamp",1000,"Monthly","beta_ct",-2.43743108517536,0.36048260820432,-3.14482019521293,-1.73004197513779,"CT",1,339
"Weekly",0.05,"SameTimestamp",1000,"Monthly","LogLik_ct",1373.07276415504,NA,NA,NA,"CT",1,339
"Weekly",0.05,"SameTimestamp",1000,"Monthly","AIC_ct",1377.07276415504,NA,NA,NA,"CT",1,339
"Weekly",0.05,"SameTimestamp",1000,"Monthly","BIC_ct",1386.888274713,NA,NA,NA,"CT",1,339
"Weekly",0.05,"SameTimestamp",1000,"Monthly","error_var_dt",0.231123204528429,0.0103361499184108,0.210840173598251,0.251406235458607,"DT",1,339
"Weekly",0.05,"SameTimestamp",1000,"Monthly","beta_dt",0.0873850262704475,0.0314867622919502,0.0255973220962623,0.149172730444633,"DT",1,339
"Weekly",0.05,"SameTimestamp",1000,"Monthly","LogLik_dt",1373.07276415504,NA,NA,NA,"DT",1,339
"Weekly",0.05,"SameTimestamp",1000,"Monthly","AIC_dt",1377.07276415504,NA,NA,NA,"DT",1,339
"Weekly",0.05,"SameTimestamp",1000,"Monthly","BIC_dt",1386.888274713,NA,NA,NA,"DT",1,339
"Weekly",0.05,"SameTimestamp",1000,"Daily","error_var_ct",0.204065799476364,0.0108565912760084,0.182761486130894,0.225370112821835,"CT",1,340
"Weekly",0.05,"SameTimestamp",1000,"Daily","beta_ct",-0.363506880368755,0.0327254908834829,-0.427725390068642,-0.299288370668868,"CT",1,340
"Weekly",0.05,"SameTimestamp",1000,"Daily","LogLik_ct",907.160585492702,NA,NA,NA,"CT",1,340
"Weekly",0.05,"SameTimestamp",1000,"Daily","AIC_ct",911.160585492702,NA,NA,NA,"CT",1,340
"Weekly",0.05,"SameTimestamp",1000,"Daily","BIC_ct",920.976096050666,NA,NA,NA,"CT",1,340
"Weekly",0.05,"SameTimestamp",1000,"Daily","error_var_dt",0.145018607936097,0.00648618871298626,0.132290506338989,0.157746709533205,"DT",1,340
"Weekly",0.05,"SameTimestamp",1000,"Daily","beta_dt",0.695233830255577,0.0227518184741209,0.650587047703942,0.739880612807213,"DT",1,340
"Weekly",0.05,"SameTimestamp",1000,"Daily","LogLik_dt",907.160585492651,NA,NA,NA,"DT",1,340
"Weekly",0.05,"SameTimestamp",1000,"Daily","AIC_dt",911.160585492651,NA,NA,NA,"DT",1,340
"Weekly",0.05,"SameTimestamp",1000,"Daily","BIC_dt",920.976096050616,NA,NA,NA,"DT",1,340
"Weekly",0.05,"SameTimestamp",1000,"Weekly","error_var_ct",1.50298973165183,0.301348932775086,0.91164094390195,2.09433851940171,"CT",1,340
"Weekly",0.05,"SameTimestamp",1000,"Weekly","beta_ct",-2.90738673591808,0.57829098160939,-4.04218972921965,-1.7725837426165,"CT",1,340
"Weekly",0.05,"SameTimestamp",1000,"Weekly","LogLik_ct",1481.94400476831,NA,NA,NA,"CT",1,340
"Weekly",0.05,"SameTimestamp",1000,"Weekly","AIC_ct",1485.94400476831,NA,NA,NA,"CT",1,340
"Weekly",0.05,"SameTimestamp",1000,"Weekly","BIC_ct",1495.75951532627,NA,NA,NA,"CT",1,340
"Weekly",0.05,"SameTimestamp",1000,"Weekly","error_var_dt",0.257706686365871,0.0115249978362439,0.235090732705369,0.280322640026372,"DT",1,340
"Weekly",0.05,"SameTimestamp",1000,"Weekly","beta_dt",0.0546182157310061,0.0315620740923227,-0.00731727573229744,0.11655370719431,"DT",1,340
"Weekly",0.05,"SameTimestamp",1000,"Weekly","LogLik_dt",1481.9440047683,NA,NA,NA,"DT",1,340
"Weekly",0.05,"SameTimestamp",1000,"Weekly","AIC_dt",1485.9440047683,NA,NA,NA,"DT",1,340
"Weekly",0.05,"SameTimestamp",1000,"Weekly","BIC_dt",1495.75951532626,NA,NA,NA,"DT",1,340
"Weekly",0.05,"SameTimestamp",1000,"Monthly","error_var_ct",1.33197029928877,0.242183746777942,0.856723668245447,1.80721693033209,"CT",1,340
"Weekly",0.05,"SameTimestamp",1000,"Monthly","beta_ct",-2.75736240088177,0.497055028427918,-3.73275290848716,-1.78197189327639,"CT",1,340
"Weekly",0.05,"SameTimestamp",1000,"Monthly","LogLik_ct",1413.07966882647,NA,NA,NA,"CT",1,340
"Weekly",0.05,"SameTimestamp",1000,"Monthly","AIC_ct",1417.07966882647,NA,NA,NA,"CT",1,340
"Weekly",0.05,"SameTimestamp",1000,"Monthly","BIC_ct",1426.89517938444,NA,NA,NA,"CT",1,340
"Weekly",0.05,"SameTimestamp",1000,"Monthly","error_var_dt",0.240557132928995,0.010758054684082,0.219446181788753,0.261668084069236,"DT",1,340
"Weekly",0.05,"SameTimestamp",1000,"Monthly","beta_dt",0.0634589138548243,0.0315586928299948,0.00153005757472931,0.125387770134919,"DT",1,340
"Weekly",0.05,"SameTimestamp",1000,"Monthly","LogLik_dt",1413.07966882647,NA,NA,NA,"DT",1,340
"Weekly",0.05,"SameTimestamp",1000,"Monthly","AIC_dt",1417.07966882647,NA,NA,NA,"DT",1,340
"Weekly",0.05,"SameTimestamp",1000,"Monthly","BIC_dt",1426.89517938444,NA,NA,NA,"DT",1,340
"Weekly",0.05,"SameTimestamp",1000,"Daily","error_var_ct",0.213613470669217,0.01160759989411,0.190835423762409,0.236391517576026,"CT",1,341
"Weekly",0.05,"SameTimestamp",1000,"Daily","beta_ct",-0.410431286848588,0.0356585964417311,-0.480405544213615,-0.340457029483562,"CT",1,341
"Weekly",0.05,"SameTimestamp",1000,"Daily","LogLik_ct",912.200354694909,NA,NA,NA,"CT",1,341
"Weekly",0.05,"SameTimestamp",1000,"Daily","AIC_ct",916.200354694909,NA,NA,NA,"CT",1,341
"Weekly",0.05,"SameTimestamp",1000,"Daily","BIC_ct",926.015865252873,NA,NA,NA,"CT",1,341
"Weekly",0.05,"SameTimestamp",1000,"Daily","error_var_dt",0.145715561916034,0.0065182784772686,0.13292448932038,0.158506634511688,"DT",1,341
"Weekly",0.05,"SameTimestamp",1000,"Daily","beta_dt",0.66336409381801,0.0236547773040742,0.616945399865979,0.70978278777004,"DT",1,341
"Weekly",0.05,"SameTimestamp",1000,"Daily","LogLik_dt",912.200354694909,NA,NA,NA,"DT",1,341
"Weekly",0.05,"SameTimestamp",1000,"Daily","AIC_dt",916.200354694909,NA,NA,NA,"DT",1,341
"Weekly",0.05,"SameTimestamp",1000,"Daily","BIC_dt",926.015865252873,NA,NA,NA,"DT",1,341
"Weekly",0.05,"SameTimestamp",1000,"Weekly","error_var_ct",1.34482365823665,0.215506245765957,0.921927330007926,1.76771998646536,"CT",1,341
"Weekly",0.05,"SameTimestamp",1000,"Weekly","beta_ct",-2.55415412330899,0.405617468543559,-3.35011313369789,-1.75819511292009,"CT",1,341
"Weekly",0.05,"SameTimestamp",1000,"Weekly","LogLik_ct",1497.21075470626,NA,NA,NA,"CT",1,341
"Weekly",0.05,"SameTimestamp",1000,"Weekly","AIC_ct",1501.21075470626,NA,NA,NA,"CT",1,341
"Weekly",0.05,"SameTimestamp",1000,"Weekly","BIC_ct",1511.02626526423,NA,NA,NA,"CT",1,341
"Weekly",0.05,"SameTimestamp",1000,"Weekly","error_var_dt",0.261670271845101,0.011702298476818,0.238706394208546,0.284634149481657,"DT",1,341
"Weekly",0.05,"SameTimestamp",1000,"Weekly","beta_dt",0.0777579538810844,0.0315222409037602,0.015900628640411,0.139615279121758,"DT",1,341
"Weekly",0.05,"SameTimestamp",1000,"Weekly","LogLik_dt",1497.21075470626,NA,NA,NA,"DT",1,341
"Weekly",0.05,"SameTimestamp",1000,"Weekly","AIC_dt",1501.21075470626,NA,NA,NA,"DT",1,341
"Weekly",0.05,"SameTimestamp",1000,"Weekly","BIC_dt",1511.02626526423,NA,NA,NA,"DT",1,341
"Weekly",0.05,"SameTimestamp",1000,"Monthly","error_var_ct",12.4469180679657,53.6855863076569,-92.9024060206286,117.79624215656,"CT",1,341
"Weekly",0.05,"SameTimestamp",1000,"Monthly","beta_ct",-22.2598143995555,96.0104667519362,-210.664905475264,166.145276676153,"CT",1,341
"Weekly",0.05,"SameTimestamp",1000,"Monthly","LogLik_ct",1563.41927076507,NA,NA,NA,"CT",1,341
"Weekly",0.05,"SameTimestamp",1000,"Monthly","AIC_ct",1567.41927076507,NA,NA,NA,"CT",1,341
"Weekly",0.05,"SameTimestamp",1000,"Monthly","BIC_ct",1577.23478132304,NA,NA,NA,"CT",1,341
"Weekly",0.05,"SameTimestamp",1000,"Monthly","error_var_dt",0.278257322955858,0.0124440846881472,0.253837809247193,0.302676836664523,"DT",1,341
"Weekly",0.05,"SameTimestamp",1000,"Monthly","beta_dt",-0.068848393722315,0.0315571576629049,-0.130774237484034,-0.0069225499605963,"DT",1,341
"Weekly",0.05,"SameTimestamp",1000,"Monthly","LogLik_dt",1558.67073315098,NA,NA,NA,"DT",1,341
"Weekly",0.05,"SameTimestamp",1000,"Monthly","AIC_dt",1562.67073315098,NA,NA,NA,"DT",1,341
"Weekly",0.05,"SameTimestamp",1000,"Monthly","BIC_dt",1572.48624370895,NA,NA,NA,"DT",1,341
"Weekly",0.05,"SameTimestamp",1000,"Daily","error_var_ct",0.202108872018102,0.0111163787024066,0.180294767653103,0.223922976383101,"CT",1,342
"Weekly",0.05,"SameTimestamp",1000,"Daily","beta_ct",-0.435278772390385,0.0373480522411335,-0.508568314895908,-0.361989229884863,"CT",1,342
"Weekly",0.05,"SameTimestamp",1000,"Daily","LogLik_ct",835.218881596844,NA,NA,NA,"CT",1,342
"Weekly",0.05,"SameTimestamp",1000,"Daily","AIC_ct",839.218881596844,NA,NA,NA,"CT",1,342
"Weekly",0.05,"SameTimestamp",1000,"Daily","BIC_ct",849.034392154808,NA,NA,NA,"CT",1,342
"Weekly",0.05,"SameTimestamp",1000,"Daily","error_var_dt",0.134950593373694,0.00603592507333568,0.123106061713347,0.146795125034041,"DT",1,342
"Weekly",0.05,"SameTimestamp",1000,"Daily","beta_dt",0.647084264417483,0.024167160005702,0.599660101865709,0.694508426969257,"DT",1,342
"Weekly",0.05,"SameTimestamp",1000,"Daily","LogLik_dt",835.21888159685,NA,NA,NA,"DT",1,342
"Weekly",0.05,"SameTimestamp",1000,"Daily","AIC_dt",839.21888159685,NA,NA,NA,"DT",1,342
"Weekly",0.05,"SameTimestamp",1000,"Daily","BIC_dt",849.034392154814,NA,NA,NA,"DT",1,342
"Weekly",0.05,"SameTimestamp",1000,"Weekly","error_var_ct",2.17881813679755,1.2353496766882,-0.245356812253973,4.60299308584907,"CT",1,342
"Weekly",0.05,"SameTimestamp",1000,"Weekly","beta_ct",-4.36136568768408,2.46869375204171,-9.2057799159075,0.483048540539335,"CT",1,342
"Weekly",0.05,"SameTimestamp",1000,"Weekly","LogLik_ct",1450.56439452485,NA,NA,NA,"CT",1,342
"Weekly",0.05,"SameTimestamp",1000,"Weekly","AIC_ct",1454.56439452485,NA,NA,NA,"CT",1,342
"Weekly",0.05,"SameTimestamp",1000,"Weekly","BIC_ct",1464.37990508281,NA,NA,NA,"CT",1,342
"Weekly",0.05,"SameTimestamp",1000,"Weekly","error_var_dt",0.249745548924176,0.0111689768839353,0.227828229091983,0.271662868756369,"DT",1,342
"Weekly",0.05,"SameTimestamp",1000,"Weekly","beta_dt",0.0127609125816906,0.0317495841888977,-0.0495425372721716,0.0750643624355529,"DT",1,342
"Weekly",0.05,"SameTimestamp",1000,"Weekly","LogLik_dt",1450.56439452485,NA,NA,NA,"DT",1,342
"Weekly",0.05,"SameTimestamp",1000,"Weekly","AIC_dt",1454.56439452485,NA,NA,NA,"DT",1,342
"Weekly",0.05,"SameTimestamp",1000,"Weekly","BIC_dt",1464.37990508282,NA,NA,NA,"DT",1,342
"Weekly",0.05,"SameTimestamp",1000,"Monthly","error_var_ct",8.58555805368971,99.1582512461109,-185.996553552958,203.167669660337,"CT",1,342
"Weekly",0.05,"SameTimestamp",1000,"Monthly","beta_ct",-17.7183855038395,204.638680551684,-419.288865799159,383.85209479148,"CT",1,342
"Weekly",0.05,"SameTimestamp",1000,"Monthly","LogLik_ct",1420.22127981547,NA,NA,NA,"CT",1,342
"Weekly",0.05,"SameTimestamp",1000,"Monthly","AIC_ct",1424.22127981547,NA,NA,NA,"CT",1,342
"Weekly",0.05,"SameTimestamp",1000,"Monthly","BIC_ct",1434.03679037343,NA,NA,NA,"CT",1,342
"Weekly",0.05,"SameTimestamp",1000,"Monthly","error_var_dt",0.242140055376764,0.0108288224360998,0.220890233911076,0.263389876842453,"DT",1,342
"Weekly",0.05,"SameTimestamp",1000,"Monthly","beta_dt",-0.0241436236116197,0.0316121910684222,-0.0861774615757361,0.0378902143524968,"DT",1,342
"Weekly",0.05,"SameTimestamp",1000,"Monthly","LogLik_dt",1419.6381569869,NA,NA,NA,"DT",1,342
"Weekly",0.05,"SameTimestamp",1000,"Monthly","AIC_dt",1423.6381569869,NA,NA,NA,"DT",1,342
"Weekly",0.05,"SameTimestamp",1000,"Monthly","BIC_dt",1433.45366754486,NA,NA,NA,"DT",1,342
"Weekly",0.05,"SameTimestamp",1000,"Daily","error_var_ct",0.189884835418933,0.0100925455894917,0.170079838783651,0.209689832054215,"CT",1,343
"Weekly",0.05,"SameTimestamp",1000,"Daily","beta_ct",-0.36037634693803,0.0325800983419769,-0.424309547171659,-0.296443146704401,"CT",1,343
"Weekly",0.05,"SameTimestamp",1000,"Daily","LogLik_ct",837.903664226786,NA,NA,NA,"CT",1,343
"Weekly",0.05,"SameTimestamp",1000,"Daily","AIC_ct",841.903664226786,NA,NA,NA,"CT",1,343
"Weekly",0.05,"SameTimestamp",1000,"Daily","BIC_ct",851.719174784751,NA,NA,NA,"CT",1,343
"Weekly",0.05,"SameTimestamp",1000,"Daily","error_var_dt",0.135313413875462,0.00605214282100796,0.123437057495055,0.147189770255869,"DT",1,343
"Weekly",0.05,"SameTimestamp",1000,"Daily","beta_dt",0.697413815604404,0.0227217211693959,0.652826094170058,0.74200153703875,"DT",1,343
"Weekly",0.05,"SameTimestamp",1000,"Daily","LogLik_dt",837.903664226786,NA,NA,NA,"DT",1,343
"Weekly",0.05,"SameTimestamp",1000,"Daily","AIC_dt",841.903664226786,NA,NA,NA,"DT",1,343
"Weekly",0.05,"SameTimestamp",1000,"Daily","BIC_dt",851.71917478475,NA,NA,NA,"DT",1,343
"Weekly",0.05,"SameTimestamp",1000,"Weekly","error_var_ct",1.20403700020052,0.183560905220574,0.843828262174315,1.56424573822672,"CT",1,343
"Weekly",0.05,"SameTimestamp",1000,"Weekly","beta_ct",-2.47383192284146,0.373777290688437,-3.20730970788479,-1.74035413779813,"CT",1,343
"Weekly",0.05,"SameTimestamp",1000,"Weekly","LogLik_ct",1417.51664261293,NA,NA,NA,"CT",1,343
"Weekly",0.05,"SameTimestamp",1000,"Weekly","AIC_ct",1421.51664261293,NA,NA,NA,"CT",1,343
"Weekly",0.05,"SameTimestamp",1000,"Weekly","BIC_ct",1431.3321531709,NA,NA,NA,"CT",1,343
"Weekly",0.05,"SameTimestamp",1000,"Weekly","error_var_dt",0.241626835758723,0.0108058939412487,0.220422007774545,0.262831663742901,"DT",1,343
"Weekly",0.05,"SameTimestamp",1000,"Weekly","beta_dt",0.0842614119687525,0.0314950042442355,0.0224575342894956,0.146065289648009,"DT",1,343
"Weekly",0.05,"SameTimestamp",1000,"Weekly","LogLik_dt",1417.51664261293,NA,NA,NA,"DT",1,343
"Weekly",0.05,"SameTimestamp",1000,"Weekly","AIC_dt",1421.51664261293,NA,NA,NA,"DT",1,343
"Weekly",0.05,"SameTimestamp",1000,"Weekly","BIC_dt",1431.3321531709,NA,NA,NA,"DT",1,343
"Weekly",0.05,"SameTimestamp",1000,"Monthly","error_var_ct",2.95376780583157,5.18648776813435,-7.2238798338066,13.1314154454697,"CT",1,343
"Weekly",0.05,"SameTimestamp",1000,"Monthly","beta_ct",-5.69419558113707,9.9962176428116,-25.3101641220727,13.9217729597986,"CT",1,343
"Weekly",0.05,"SameTimestamp",1000,"Monthly","LogLik_ct",1488.35280100901,NA,NA,NA,"CT",1,343
"Weekly",0.05,"SameTimestamp",1000,"Monthly","AIC_ct",1492.35280100901,NA,NA,NA,"CT",1,343
"Weekly",0.05,"SameTimestamp",1000,"Monthly","BIC_ct",1502.16831156697,NA,NA,NA,"CT",1,343
"Weekly",0.05,"SameTimestamp",1000,"Monthly","error_var_dt",0.259363621675837,0.0115990804536417,0.236602292800006,0.282124950551668,"DT",1,343
"Weekly",0.05,"SameTimestamp",1000,"Monthly","beta_dt",0.00336544896471181,0.0316273793358357,-0.0586981935301202,0.0654290914595438,"DT",1,343
"Weekly",0.05,"SameTimestamp",1000,"Monthly","LogLik_dt",1488.35280100901,NA,NA,NA,"DT",1,343
"Weekly",0.05,"SameTimestamp",1000,"Monthly","AIC_dt",1492.35280100901,NA,NA,NA,"DT",1,343
"Weekly",0.05,"SameTimestamp",1000,"Monthly","BIC_dt",1502.16831156697,NA,NA,NA,"DT",1,343
"Weekly",0.05,"SameTimestamp",1000,"Daily","error_var_ct",0.218572297544597,0.0119149810811515,0.195191064521746,0.241953530567448,"CT",1,344
"Weekly",0.05,"SameTimestamp",1000,"Daily","beta_ct",-0.417590917037566,0.0361136723664531,-0.488458187674418,-0.346723646400714,"CT",1,344
"Weekly",0.05,"SameTimestamp",1000,"Daily","LogLik_ct",928.842866082401,NA,NA,NA,"CT",1,344
"Weekly",0.05,"SameTimestamp",1000,"Daily","AIC_ct",932.842866082401,NA,NA,NA,"CT",1,344
"Weekly",0.05,"SameTimestamp",1000,"Daily","BIC_ct",942.658376640365,NA,NA,NA,"CT",1,344
"Weekly",0.05,"SameTimestamp",1000,"Daily","error_var_dt",0.148179202949906,0.0066280237409037,0.135172772934486,0.161185632965327,"DT",1,344
"Weekly",0.05,"SameTimestamp",1000,"Daily","beta_dt",0.65863159894654,0.0237856526705126,0.61195608314823,0.70530711474485,"DT",1,344
"Weekly",0.05,"SameTimestamp",1000,"Daily","LogLik_dt",928.842866082412,NA,NA,NA,"DT",1,344
"Weekly",0.05,"SameTimestamp",1000,"Daily","AIC_dt",932.842866082412,NA,NA,NA,"DT",1,344
"Weekly",0.05,"SameTimestamp",1000,"Daily","BIC_dt",942.658376640376,NA,NA,NA,"DT",1,344
"Weekly",0.05,"SameTimestamp",1000,"Weekly","error_var_ct",1.56632239965571,0.288117573306182,1.00093802568412,2.1317067736273,"CT",1,344
"Weekly",0.05,"SameTimestamp",1000,"Weekly","beta_ct",-2.77597978511137,0.506279871011867,-3.76947256183371,-1.78248700838903,"CT",1,344
"Weekly",0.05,"SameTimestamp",1000,"Weekly","LogLik_ct",1568.570461015,NA,NA,NA,"CT",1,344
"Weekly",0.05,"SameTimestamp",1000,"Weekly","AIC_ct",1572.570461015,NA,NA,NA,"CT",1,344
"Weekly",0.05,"SameTimestamp",1000,"Weekly","BIC_ct",1582.38597157296,NA,NA,NA,"CT",1,344
"Weekly",0.05,"SameTimestamp",1000,"Weekly","error_var_dt",0.281026056017435,0.0125678947619827,0.256363584962283,0.305688527072587,"DT",1,344
"Weekly",0.05,"SameTimestamp",1000,"Weekly","beta_dt",0.062288413013497,0.0315557057102279,0.000365418475259775,0.124211407551734,"DT",1,344
"Weekly",0.05,"SameTimestamp",1000,"Weekly","LogLik_dt",1568.570461015,NA,NA,NA,"DT",1,344
"Weekly",0.05,"SameTimestamp",1000,"Weekly","AIC_dt",1572.570461015,NA,NA,NA,"DT",1,344
"Weekly",0.05,"SameTimestamp",1000,"Weekly","BIC_dt",1582.38597157296,NA,NA,NA,"DT",1,344
"Weekly",0.05,"SameTimestamp",1000,"Monthly","error_var_ct",14.8486018570898,108.805498667361,-198.664680386679,228.361884100859,"CT",1,344
"Weekly",0.05,"SameTimestamp",1000,"Monthly","beta_ct",-28.4479607115696,208.454438705201,-437.506252354519,380.61033093138,"CT",1,344
"Weekly",0.05,"SameTimestamp",1000,"Monthly","LogLik_ct",1494.5594902754,NA,NA,NA,"CT",1,344
"Weekly",0.05,"SameTimestamp",1000,"Monthly","AIC_ct",1498.5594902754,NA,NA,NA,"CT",1,344
"Weekly",0.05,"SameTimestamp",1000,"Monthly","BIC_ct",1508.37500083337,NA,NA,NA,"CT",1,344
"Weekly",0.05,"SameTimestamp",1000,"Monthly","error_var_dt",0.259225235336479,0.0115929402885556,0.236475955546559,0.281974515126399,"DT",1,344
"Weekly",0.05,"SameTimestamp",1000,"Monthly","beta_dt",-0.0819311483365716,0.0315105367692163,-0.143765506096622,-0.0200967905765211,"DT",1,344
"Weekly",0.05,"SameTimestamp",1000,"Monthly","LogLik_dt",1487.8215530984,NA,NA,NA,"DT",1,344
"Weekly",0.05,"SameTimestamp",1000,"Monthly","AIC_dt",1491.8215530984,NA,NA,NA,"DT",1,344
"Weekly",0.05,"SameTimestamp",1000,"Monthly","BIC_dt",1501.63706365636,NA,NA,NA,"DT",1,344
"Weekly",0.05,"SameTimestamp",1000,"Daily","error_var_ct",0.216288489473719,0.0117943619627896,0.193143952060724,0.239433026886713,"CT",1,345
"Weekly",0.05,"SameTimestamp",1000,"Daily","beta_ct",-0.41836676236862,0.0361693652046535,-0.489343321238394,-0.347390203498846,"CT",1,345
"Weekly",0.05,"SameTimestamp",1000,"Daily","LogLik_ct",917.502716777231,NA,NA,NA,"CT",1,345
"Weekly",0.05,"SameTimestamp",1000,"Daily","AIC_ct",921.502716777231,NA,NA,NA,"CT",1,345
"Weekly",0.05,"SameTimestamp",1000,"Daily","BIC_ct",931.318227335196,NA,NA,NA,"CT",1,345
"Weekly",0.05,"SameTimestamp",1000,"Daily","error_var_dt",0.146532875275607,0.00655375064084669,0.133672194267082,0.159393556284131,"DT",1,345
"Weekly",0.05,"SameTimestamp",1000,"Daily","beta_dt",0.658120812998674,0.0238035594768601,0.611410157974456,0.704831468022893,"DT",1,345
"Weekly",0.05,"SameTimestamp",1000,"Daily","LogLik_dt",917.50271677723,NA,NA,NA,"DT",1,345
"Weekly",0.05,"SameTimestamp",1000,"Daily","AIC_dt",921.50271677723,NA,NA,NA,"DT",1,345
"Weekly",0.05,"SameTimestamp",1000,"Daily","BIC_dt",931.318227335194,NA,NA,NA,"DT",1,345
"Weekly",0.05,"SameTimestamp",1000,"Weekly","error_var_ct",1.5083999277508,0.273044208196862,0.9725946072128,2.04420524828881,"CT",1,345
"Weekly",0.05,"SameTimestamp",1000,"Weekly","beta_ct",-2.74778140232054,0.493135443975908,-3.71548035617515,-1.78008244846594,"CT",1,345
"Weekly",0.05,"SameTimestamp",1000,"Weekly","LogLik_ct",1540.87215250343,NA,NA,NA,"CT",1,345
"Weekly",0.05,"SameTimestamp",1000,"Weekly","AIC_ct",1544.87215250343,NA,NA,NA,"CT",1,345
"Weekly",0.05,"SameTimestamp",1000,"Weekly","BIC_ct",1554.6876630614,NA,NA,NA,"CT",1,345
"Weekly",0.05,"SameTimestamp",1000,"Weekly","error_var_dt",0.273349264903553,0.0122245276233681,0.249360596603576,0.29733793320353,"DT",1,345
"Weekly",0.05,"SameTimestamp",1000,"Weekly","beta_dt",0.0640698423421604,0.0315959538534941,0.00206786729946118,0.12607181738486,"DT",1,345
"Weekly",0.05,"SameTimestamp",1000,"Weekly","LogLik_dt",1540.87215250343,NA,NA,NA,"DT",1,345
"Weekly",0.05,"SameTimestamp",1000,"Weekly","AIC_dt",1544.87215250343,NA,NA,NA,"DT",1,345
"Weekly",0.05,"SameTimestamp",1000,"Weekly","BIC_dt",1554.68766306139,NA,NA,NA,"DT",1,345
"Weekly",0.05,"SameTimestamp",1000,"Monthly","error_var_ct",1.67514469282543,0.433041088628731,0.825371241005656,2.5249181446452,"CT",1,345
"Weekly",0.05,"SameTimestamp",1000,"Monthly","beta_ct",-3.28797830109071,0.844940241488055,-4.94603755792562,-1.62991904425579,"CT",1,345
"Weekly",0.05,"SameTimestamp",1000,"Monthly","LogLik_ct",1468.96212008797,NA,NA,NA,"CT",1,345
"Weekly",0.05,"SameTimestamp",1000,"Monthly","AIC_ct",1472.96212008797,NA,NA,NA,"CT",1,345
"Weekly",0.05,"SameTimestamp",1000,"Monthly","BIC_ct",1482.77763064593,NA,NA,NA,"CT",1,345
"Weekly",0.05,"SameTimestamp",1000,"Monthly","error_var_dt",0.254382838500512,0.0113763535742497,0.232058575284462,0.276707101716561,"DT",1,345
"Weekly",0.05,"SameTimestamp",1000,"Monthly","beta_dt",0.0373292693025508,0.0315856166966086,-0.0246524207332073,0.0993109593383088,"DT",1,345
"Weekly",0.05,"SameTimestamp",1000,"Monthly","LogLik_dt",1468.96212008797,NA,NA,NA,"DT",1,345
"Weekly",0.05,"SameTimestamp",1000,"Monthly","AIC_dt",1472.96212008797,NA,NA,NA,"DT",1,345
"Weekly",0.05,"SameTimestamp",1000,"Monthly","BIC_dt",1482.77763064594,NA,NA,NA,"DT",1,345
"Weekly",0.05,"SameTimestamp",1000,"Daily","error_var_ct",0.22002725049341,0.012453197316841,0.19558985471733,0.24446464626949,"CT",1,346
"Weekly",0.05,"SameTimestamp",1000,"Daily","beta_ct",-0.500592819274443,0.041479085506096,-0.581988849799996,-0.419196788748891,"CT",1,346
"Weekly",0.05,"SameTimestamp",1000,"Daily","LogLik_ct",864.838426114245,NA,NA,NA,"CT",1,346
"Weekly",0.05,"SameTimestamp",1000,"Daily","AIC_ct",868.838426114245,NA,NA,NA,"CT",1,346
"Weekly",0.05,"SameTimestamp",1000,"Daily","BIC_ct",878.653936672209,NA,NA,NA,"CT",1,346
"Weekly",0.05,"SameTimestamp",1000,"Daily","error_var_dt",0.139014839976701,0.00621752534656149,0.126813947003115,0.151215732950287,"DT",1,346
"Weekly",0.05,"SameTimestamp",1000,"Daily","beta_dt",0.606171204174147,0.0251434100830511,0.556831307942931,0.655511100405363,"DT",1,346
"Weekly",0.05,"SameTimestamp",1000,"Daily","LogLik_dt",864.838426114246,NA,NA,NA,"DT",1,346
"Weekly",0.05,"SameTimestamp",1000,"Daily","AIC_dt",868.838426114246,NA,NA,NA,"DT",1,346
"Weekly",0.05,"SameTimestamp",1000,"Daily","BIC_dt",878.653936672211,NA,NA,NA,"DT",1,346
"Weekly",0.05,"SameTimestamp",1000,"Weekly","error_var_ct",1.3781216682958,0.259953561811722,0.868004634752633,1.88823870183896,"CT",1,346
"Weekly",0.05,"SameTimestamp",1000,"Weekly","beta_ct",-2.81270650997521,0.526143212101671,-3.84517789719385,-1.78023512275656,"CT",1,346
"Weekly",0.05,"SameTimestamp",1000,"Weekly","LogLik_ct",1427.69262267151,NA,NA,NA,"CT",1,346
"Weekly",0.05,"SameTimestamp",1000,"Weekly","AIC_ct",1431.69262267151,NA,NA,NA,"CT",1,346
"Weekly",0.05,"SameTimestamp",1000,"Weekly","BIC_ct",1441.50813322947,NA,NA,NA,"CT",1,346
"Weekly",0.05,"SameTimestamp",1000,"Weekly","error_var_dt",0.244098198892027,0.0109164084312831,0.222676504005057,0.265519893778996,"DT",1,346
"Weekly",0.05,"SameTimestamp",1000,"Weekly","beta_dt",0.0600423022881023,0.0315855221515715,-0.0019392022182347,0.122023806794439,"DT",1,346
"Weekly",0.05,"SameTimestamp",1000,"Weekly","LogLik_dt",1427.69262267149,NA,NA,NA,"DT",1,346
"Weekly",0.05,"SameTimestamp",1000,"Weekly","AIC_dt",1431.69262267149,NA,NA,NA,"DT",1,346
"Weekly",0.05,"SameTimestamp",1000,"Weekly","BIC_dt",1441.50813322945,NA,NA,NA,"DT",1,346
"Weekly",0.05,"SameTimestamp",1000,"Monthly","error_var_ct",1.62857641954604,0.38571579897226,0.871671233130591,2.38548160596149,"CT",1,346
"Weekly",0.05,"SameTimestamp",1000,"Monthly","beta_ct",-3.15685300612918,0.742764657496318,-4.61440912139085,-1.69929689086751,"CT",1,346
"Weekly",0.05,"SameTimestamp",1000,"Monthly","LogLik_ct",1481.04765421737,NA,NA,NA,"CT",1,346
"Weekly",0.05,"SameTimestamp",1000,"Monthly","AIC_ct",1485.04765421737,NA,NA,NA,"CT",1,346
"Weekly",0.05,"SameTimestamp",1000,"Monthly","BIC_ct",1494.86316477533,NA,NA,NA,"CT",1,346
"Weekly",0.05,"SameTimestamp",1000,"Monthly","error_var_dt",0.257475810784075,0.0115146603346321,0.234880142806984,0.280071478761165,"DT",1,346
"Weekly",0.05,"SameTimestamp",1000,"Monthly","beta_dt",0.0425594454016351,0.0316367139852812,-0.0195225148406096,0.10464140564388,"DT",1,346
"Weekly",0.05,"SameTimestamp",1000,"Monthly","LogLik_dt",1481.04765421736,NA,NA,NA,"DT",1,346
"Weekly",0.05,"SameTimestamp",1000,"Monthly","AIC_dt",1485.04765421736,NA,NA,NA,"DT",1,346
"Weekly",0.05,"SameTimestamp",1000,"Monthly","BIC_dt",1494.86316477533,NA,NA,NA,"DT",1,346
"Weekly",0.05,"SameTimestamp",1000,"Daily","error_var_ct",0.223842155955297,0.0122767826053607,0.199750945661988,0.247933366248606,"CT",1,347
"Weekly",0.05,"SameTimestamp",1000,"Daily","beta_ct",-0.430983231108646,0.0369694329492139,-0.50352979418088,-0.358436668036412,"CT",1,347
"Weekly",0.05,"SameTimestamp",1000,"Daily","LogLik_ct",941.143299234301,NA,NA,NA,"CT",1,347
"Weekly",0.05,"SameTimestamp",1000,"Daily","AIC_ct",945.143299234301,NA,NA,NA,"CT",1,347
"Weekly",0.05,"SameTimestamp",1000,"Daily","BIC_ct",954.958809792266,NA,NA,NA,"CT",1,347
"Weekly",0.05,"SameTimestamp",1000,"Daily","error_var_dt",0.150013639409099,0.00671007967695103,0.136846187823559,0.163181090994639,"DT",1,347
"Weekly",0.05,"SameTimestamp",1000,"Daily","beta_dt",0.649869808801755,0.0240252885768437,0.602724046099282,0.697015571504228,"DT",1,347
"Weekly",0.05,"SameTimestamp",1000,"Daily","LogLik_dt",941.143299234301,NA,NA,NA,"DT",1,347
"Weekly",0.05,"SameTimestamp",1000,"Daily","AIC_dt",945.143299234301,NA,NA,NA,"DT",1,347
"Weekly",0.05,"SameTimestamp",1000,"Daily","BIC_dt",954.958809792265,NA,NA,NA,"DT",1,347
"Weekly",0.05,"SameTimestamp",1000,"Weekly","error_var_ct",1.88138760584557,0.708412327424771,0.491242410400744,3.27153280129039,"CT",1,347
"Weekly",0.05,"SameTimestamp",1000,"Weekly","beta_ct",-3.80517997526149,1.42799695573735,-6.60739420880603,-1.00296574171695,"CT",1,347
"Weekly",0.05,"SameTimestamp",1000,"Weekly","LogLik_ct",1439.88097171217,NA,NA,NA,"CT",1,347
"Weekly",0.05,"SameTimestamp",1000,"Weekly","AIC_ct",1443.88097171217,NA,NA,NA,"CT",1,347
"Weekly",0.05,"SameTimestamp",1000,"Weekly","BIC_ct",1453.69648227013,NA,NA,NA,"CT",1,347
"Weekly",0.05,"SameTimestamp",1000,"Weekly","error_var_dt",0.247091563098903,0.0110502654447007,0.225407195363261,0.268775930834545,"DT",1,347
"Weekly",0.05,"SameTimestamp",1000,"Weekly","beta_dt",0.0222551237939605,0.0317053074340827,-0.039961440053556,0.084471687641477,"DT",1,347
"Weekly",0.05,"SameTimestamp",1000,"Weekly","LogLik_dt",1439.88097171217,NA,NA,NA,"DT",1,347
"Weekly",0.05,"SameTimestamp",1000,"Weekly","AIC_dt",1443.88097171217,NA,NA,NA,"DT",1,347
"Weekly",0.05,"SameTimestamp",1000,"Weekly","BIC_dt",1453.69648227013,NA,NA,NA,"DT",1,347
"Weekly",0.05,"SameTimestamp",1000,"Monthly","error_var_ct",1.40621643993518,0.240301248257745,0.934663909307639,1.87776897056272,"CT",1,347
"Weekly",0.05,"SameTimestamp",1000,"Monthly","beta_ct",-2.65886251554721,0.450329573361125,-3.54256183660563,-1.77516319448879,"CT",1,347
"Weekly",0.05,"SameTimestamp",1000,"Monthly","LogLik_ct",1502.82000714204,NA,NA,NA,"CT",1,347
"Weekly",0.05,"SameTimestamp",1000,"Monthly","AIC_ct",1506.82000714204,NA,NA,NA,"CT",1,347
"Weekly",0.05,"SameTimestamp",1000,"Monthly","BIC_ct",1516.6355177,NA,NA,NA,"CT",1,347
"Weekly",0.05,"SameTimestamp",1000,"Monthly","error_var_dt",0.263142653198532,0.011768122159143,0.240049607177707,0.286235699219358,"DT",1,347
"Weekly",0.05,"SameTimestamp",1000,"Monthly","beta_dt",0.0700277274521175,0.0315432844178882,0.0081291077012727,0.131926347202962,"DT",1,347
"Weekly",0.05,"SameTimestamp",1000,"Monthly","LogLik_dt",1502.82000714202,NA,NA,NA,"DT",1,347
"Weekly",0.05,"SameTimestamp",1000,"Monthly","AIC_dt",1506.82000714202,NA,NA,NA,"DT",1,347
"Weekly",0.05,"SameTimestamp",1000,"Monthly","BIC_dt",1516.63551769999,NA,NA,NA,"DT",1,347
"Weekly",0.05,"SameTimestamp",1000,"Daily","error_var_ct",0.22026808470193,0.0121135187274163,0.196497253496798,0.244038915907062,"CT",1,348
"Weekly",0.05,"SameTimestamp",1000,"Daily","beta_ct",-0.436141992239634,0.0373319585639858,-0.509399953493536,-0.362884030985733,"CT",1,348
"Weekly",0.05,"SameTimestamp",1000,"Daily","LogLik_ct",920.766535572345,NA,NA,NA,"CT",1,348
"Weekly",0.05,"SameTimestamp",1000,"Daily","AIC_ct",924.766535572345,NA,NA,NA,"CT",1,348
"Weekly",0.05,"SameTimestamp",1000,"Daily","BIC_ct",934.582046130309,NA,NA,NA,"CT",1,348
"Weekly",0.05,"SameTimestamp",1000,"Daily","error_var_dt",0.146966989720888,0.00657434149312356,0.134065902478233,0.159868076963543,"DT",1,348
"Weekly",0.05,"SameTimestamp",1000,"Daily","beta_dt",0.646525916102724,0.0241359373040162,0.599163023078677,0.693888809126771,"DT",1,348
"Weekly",0.05,"SameTimestamp",1000,"Daily","LogLik_dt",920.766535572346,NA,NA,NA,"DT",1,348
"Weekly",0.05,"SameTimestamp",1000,"Daily","AIC_dt",924.766535572346,NA,NA,NA,"DT",1,348
"Weekly",0.05,"SameTimestamp",1000,"Daily","BIC_dt",934.58204613031,NA,NA,NA,"DT",1,348
"Weekly",0.05,"SameTimestamp",1000,"Weekly","error_var_ct",1.39807685478974,0.243951815549163,0.919360673299067,1.87679303628042,"CT",1,348
"Weekly",0.05,"SameTimestamp",1000,"Weekly","beta_ct",-2.69063568762637,0.465367675918327,-3.60384486503426,-1.77742651021848,"CT",1,348
"Weekly",0.05,"SameTimestamp",1000,"Weekly","LogLik_ct",1485.44069282745,NA,NA,NA,"CT",1,348
"Weekly",0.05,"SameTimestamp",1000,"Weekly","AIC_ct",1489.44069282745,NA,NA,NA,"CT",1,348
"Weekly",0.05,"SameTimestamp",1000,"Weekly","BIC_ct",1499.25620338541,NA,NA,NA,"CT",1,348
"Weekly",0.05,"SameTimestamp",1000,"Weekly","error_var_dt",0.258608588228944,0.0115653851579294,0.235913380948729,0.281303795509158,"DT",1,348
"Weekly",0.05,"SameTimestamp",1000,"Weekly","beta_dt",0.0678378226756514,0.0315459049060607,0.00593406063845497,0.129741584712848,"DT",1,348
"Weekly",0.05,"SameTimestamp",1000,"Weekly","LogLik_dt",1485.44069282745,NA,NA,NA,"DT",1,348
"Weekly",0.05,"SameTimestamp",1000,"Weekly","AIC_dt",1489.44069282745,NA,NA,NA,"DT",1,348
"Weekly",0.05,"SameTimestamp",1000,"Weekly","BIC_dt",1499.25620338542,NA,NA,NA,"DT",1,348
"Weekly",0.05,"SameTimestamp",1000,"Monthly","error_var_ct",11.0968283038184,543.51186973261,-1055.45775456551,1077.65141117315,"CT",1,348
"Weekly",0.05,"SameTimestamp",1000,"Monthly","beta_ct",-21.7996605000404,1067.73773450407,-2117.06314499044,2073.46382399036,"CT",1,348
"Weekly",0.05,"SameTimestamp",1000,"Monthly","LogLik_ct",1469.49807363472,NA,NA,NA,"CT",1,348
"Weekly",0.05,"SameTimestamp",1000,"Monthly","AIC_ct",1473.49807363472,NA,NA,NA,"CT",1,348
"Weekly",0.05,"SameTimestamp",1000,"Monthly","BIC_ct",1483.31358419268,NA,NA,NA,"CT",1,348
"Weekly",0.05,"SameTimestamp",1000,"Monthly","error_var_dt",0.253941460358137,0.0113566088748307,0.231655942937397,0.276226977778878,"DT",1,348
"Weekly",0.05,"SameTimestamp",1000,"Monthly","beta_dt",-0.0476249478666735,0.0315857275312906,-0.10960685539766,0.0143569596643127,"DT",1,348
"Weekly",0.05,"SameTimestamp",1000,"Monthly","LogLik_dt",1467.22722412803,NA,NA,NA,"DT",1,348
"Weekly",0.05,"SameTimestamp",1000,"Monthly","AIC_dt",1471.22722412803,NA,NA,NA,"DT",1,348
"Weekly",0.05,"SameTimestamp",1000,"Monthly","BIC_dt",1481.04273468599,NA,NA,NA,"DT",1,348
"Weekly",0.05,"SameTimestamp",1000,"Daily","error_var_ct",0.200183071171455,0.0109292871218462,0.178736103926684,0.221630038416227,"CT",1,349
"Weekly",0.05,"SameTimestamp",1000,"Daily","beta_ct",-0.420719195620675,0.0363219338047054,-0.491995145816838,-0.349443245424512,"CT",1,349
"Weekly",0.05,"SameTimestamp",1000,"Daily","LogLik_ct",838.329771418897,NA,NA,NA,"CT",1,349
"Weekly",0.05,"SameTimestamp",1000,"Daily","AIC_ct",842.329771418897,NA,NA,NA,"CT",1,349
"Weekly",0.05,"SameTimestamp",1000,"Daily","BIC_ct",852.145281976861,NA,NA,NA,"CT",1,349
"Weekly",0.05,"SameTimestamp",1000,"Daily","error_var_dt",0.135346987499149,0.00605425230576869,0.123466491594356,0.147227483403942,"DT",1,349
"Weekly",0.05,"SameTimestamp",1000,"Daily","beta_dt",0.656574446181528,0.0238484759492175,0.609775649808229,0.703373242554826,"DT",1,349
"Weekly",0.05,"SameTimestamp",1000,"Daily","LogLik_dt",838.329771418898,NA,NA,NA,"DT",1,349
"Weekly",0.05,"SameTimestamp",1000,"Daily","AIC_dt",842.329771418898,NA,NA,NA,"DT",1,349
"Weekly",0.05,"SameTimestamp",1000,"Daily","BIC_dt",852.145281976862,NA,NA,NA,"DT",1,349
"Weekly",0.05,"SameTimestamp",1000,"Weekly","error_var_ct",9.12529148533252,58.7639700174137,-106.18954342435,124.440126395015,"CT",1,349
"Weekly",0.05,"SameTimestamp",1000,"Weekly","beta_ct",-20.1755722266752,129.923198224668,-275.128941608898,234.777797155548,"CT",1,349
"Weekly",0.05,"SameTimestamp",1000,"Weekly","LogLik_ct",1351.30682213136,NA,NA,NA,"CT",1,349
"Weekly",0.05,"SameTimestamp",1000,"Weekly","AIC_ct",1355.30682213136,NA,NA,NA,"CT",1,349
"Weekly",0.05,"SameTimestamp",1000,"Weekly","BIC_ct",1365.12233268933,NA,NA,NA,"CT",1,349
"Weekly",0.05,"SameTimestamp",1000,"Weekly","error_var_dt",0.226145499814113,0.0101135348838674,0.206299315066199,0.245991684562027,"DT",1,349
"Weekly",0.05,"SameTimestamp",1000,"Weekly","beta_dt",-0.00253861453200436,0.0316169287275002,-0.0645817493896812,0.0595045203256725,"DT",1,349
"Weekly",0.05,"SameTimestamp",1000,"Weekly","LogLik_dt",1351.30037550952,NA,NA,NA,"DT",1,349
"Weekly",0.05,"SameTimestamp",1000,"Weekly","AIC_dt",1355.30037550952,NA,NA,NA,"DT",1,349
"Weekly",0.05,"SameTimestamp",1000,"Weekly","BIC_dt",1365.11588606748,NA,NA,NA,"DT",1,349
"Weekly",0.05,"SameTimestamp",1000,"Monthly","error_var_ct",9.88172815902362,159.916448052575,-303.928567521491,323.692023839538,"CT",1,349
"Weekly",0.05,"SameTimestamp",1000,"Monthly","beta_ct",-20.3484898476784,329.299562368403,-666.545890382228,625.848910686871,"CT",1,349
"Weekly",0.05,"SameTimestamp",1000,"Monthly","LogLik_ct",1422.41266875007,NA,NA,NA,"CT",1,349
"Weekly",0.05,"SameTimestamp",1000,"Monthly","AIC_ct",1426.41266875007,NA,NA,NA,"CT",1,349
"Weekly",0.05,"SameTimestamp",1000,"Monthly","BIC_ct",1436.22817930803,NA,NA,NA,"CT",1,349
"Weekly",0.05,"SameTimestamp",1000,"Monthly","error_var_dt",0.24275017043108,0.0108561159282122,0.221446789879167,0.264053550982993,"DT",1,349
"Weekly",0.05,"SameTimestamp",1000,"Monthly","beta_dt",-0.0160616175101215,0.0316229508566516,-0.0781165698271818,0.0459933348069387,"DT",1,349
"Weekly",0.05,"SameTimestamp",1000,"Monthly","LogLik_dt",1422.15473127378,NA,NA,NA,"DT",1,349
"Weekly",0.05,"SameTimestamp",1000,"Monthly","AIC_dt",1426.15473127378,NA,NA,NA,"DT",1,349
"Weekly",0.05,"SameTimestamp",1000,"Monthly","BIC_dt",1435.97024183175,NA,NA,NA,"DT",1,349
"Weekly",0.05,"SameTimestamp",1000,"Daily","error_var_ct",0.194898146474581,0.0105821135023374,0.174132451591203,0.215663841357958,"CT",1,350
"Weekly",0.05,"SameTimestamp",1000,"Daily","beta_ct",-0.407364224642835,0.0355284892141123,-0.477083167510407,-0.337645281775263,"CT",1,350
"Weekly",0.05,"SameTimestamp",1000,"Daily","LogLik_ct",823.172264359219,NA,NA,NA,"CT",1,350
"Weekly",0.05,"SameTimestamp",1000,"Daily","AIC_ct",827.172264359219,NA,NA,NA,"CT",1,350
"Weekly",0.05,"SameTimestamp",1000,"Daily","BIC_ct",836.987774917183,NA,NA,NA,"CT",1,350
"Weekly",0.05,"SameTimestamp",1000,"Daily","error_var_dt",0.133302246878183,0.00596298671564761,0.121600845007619,0.145003648748747,"DT",1,350
"Weekly",0.05,"SameTimestamp",1000,"Daily","beta_dt",0.665401798660994,0.0236408039832816,0.619010525102444,0.711793072219544,"DT",1,350
"Weekly",0.05,"SameTimestamp",1000,"Daily","LogLik_dt",823.172264359219,NA,NA,NA,"DT",1,350
"Weekly",0.05,"SameTimestamp",1000,"Daily","AIC_dt",827.172264359219,NA,NA,NA,"DT",1,350
"Weekly",0.05,"SameTimestamp",1000,"Daily","BIC_dt",836.987774917184,NA,NA,NA,"DT",1,350
"Weekly",0.05,"SameTimestamp",1000,"Weekly","error_var_ct",2.09053177204127,1.05700441402163,0.0163307018005994,4.16473284228193,"CT",1,350
"Weekly",0.05,"SameTimestamp",1000,"Weekly","beta_ct",-4.20072685304901,2.11959125719821,-8.36008361242703,-0.0413700936709889,"CT",1,350
"Weekly",0.05,"SameTimestamp",1000,"Weekly","LogLik_ct",1446.66630345052,NA,NA,NA,"CT",1,350
"Weekly",0.05,"SameTimestamp",1000,"Weekly","AIC_ct",1450.66630345052,NA,NA,NA,"CT",1,350
"Weekly",0.05,"SameTimestamp",1000,"Weekly","BIC_ct",1460.48181400848,NA,NA,NA,"CT",1,350
"Weekly",0.05,"SameTimestamp",1000,"Weekly","error_var_dt",0.248773882964226,0.0111255091813631,0.226941861503544,0.270605904424908,"DT",1,350
"Weekly",0.05,"SameTimestamp",1000,"Weekly","beta_dt",0.0149845798984331,0.0316138100810168,-0.0470524351173701,0.0770215949142363,"DT",1,350
"Weekly",0.05,"SameTimestamp",1000,"Weekly","LogLik_dt",1446.66630345051,NA,NA,NA,"DT",1,350
"Weekly",0.05,"SameTimestamp",1000,"Weekly","AIC_dt",1450.66630345051,NA,NA,NA,"DT",1,350
"Weekly",0.05,"SameTimestamp",1000,"Weekly","BIC_dt",1460.48181400847,NA,NA,NA,"DT",1,350
"Weekly",0.05,"SameTimestamp",1000,"Monthly","error_var_ct",3.13492521933853,28.9209617549161,-53.6178082874193,59.8876587260963,"CT",1,350
"Weekly",0.05,"SameTimestamp",1000,"Monthly","beta_ct",-6.6225663297876,61.0921076504582,-126.505996702336,113.26086404276,"CT",1,350
"Weekly",0.05,"SameTimestamp",1000,"Monthly","LogLik_ct",1396.85048110448,NA,NA,NA,"CT",1,350
"Weekly",0.05,"SameTimestamp",1000,"Monthly","AIC_ct",1400.85048110448,NA,NA,NA,"CT",1,350
"Weekly",0.05,"SameTimestamp",1000,"Monthly","BIC_ct",1410.66599166244,NA,NA,NA,"CT",1,350
"Weekly",0.05,"SameTimestamp",1000,"Monthly","error_var_dt",0.23668465730765,0.0105848612732998,0.215913570365928,0.257455744249372,"DT",1,350
"Weekly",0.05,"SameTimestamp",1000,"Monthly","beta_dt",0.00133000912206683,0.0316353372634935,-0.0607492495252103,0.063409267769344,"DT",1,350
"Weekly",0.05,"SameTimestamp",1000,"Monthly","LogLik_dt",1396.85048110448,NA,NA,NA,"DT",1,350
"Weekly",0.05,"SameTimestamp",1000,"Monthly","AIC_dt",1400.85048110448,NA,NA,NA,"DT",1,350
"Weekly",0.05,"SameTimestamp",1000,"Monthly","BIC_dt",1410.66599166244,NA,NA,NA,"DT",1,350
"Weekly",0.05,"SameTimestamp",1000,"Daily","error_var_ct",0.206105459702021,0.0111435854917594,0.184237966391011,0.22797295301303,"CT",1,351
"Weekly",0.05,"SameTimestamp",1000,"Daily","beta_ct",-0.399472554751828,0.0349536124727653,-0.468063394523197,-0.330881714980459,"CT",1,351
"Weekly",0.05,"SameTimestamp",1000,"Daily","LogLik_ct",886.025399594226,NA,NA,NA,"CT",1,351
"Weekly",0.05,"SameTimestamp",1000,"Daily","AIC_ct",890.025399594226,NA,NA,NA,"CT",1,351
"Weekly",0.05,"SameTimestamp",1000,"Daily","BIC_ct",899.840910152191,NA,NA,NA,"CT",1,351
"Weekly",0.05,"SameTimestamp",1000,"Daily","error_var_dt",0.141935430807882,0.0063495474670924,0.129475465667645,0.15439539594812,"DT",1,351
"Weekly",0.05,"SameTimestamp",1000,"Daily","beta_dt",0.670673569970262,0.0234424923079246,0.624671451162449,0.716675688778075,"DT",1,351
"Weekly",0.05,"SameTimestamp",1000,"Daily","LogLik_dt",886.025399594117,NA,NA,NA,"DT",1,351
"Weekly",0.05,"SameTimestamp",1000,"Daily","AIC_dt",890.025399594117,NA,NA,NA,"DT",1,351
"Weekly",0.05,"SameTimestamp",1000,"Daily","BIC_dt",899.840910152081,NA,NA,NA,"DT",1,351
"Weekly",0.05,"SameTimestamp",1000,"Weekly","error_var_ct",1.07698420684755,0.14181461258884,0.798695850332213,1.35527256336289,"CT",1,351
"Weekly",0.05,"SameTimestamp",1000,"Weekly","beta_ct",-2.22213599224946,0.290528895765228,-2.79225219851891,-1.65201978598001,"CT",1,351
"Weekly",0.05,"SameTimestamp",1000,"Weekly","LogLik_ct",1408.62179528793,NA,NA,NA,"CT",1,351
"Weekly",0.05,"SameTimestamp",1000,"Weekly","AIC_ct",1412.62179528793,NA,NA,NA,"CT",1,351
"Weekly",0.05,"SameTimestamp",1000,"Weekly","BIC_ct",1422.4373058459,NA,NA,NA,"CT",1,351
"Weekly",0.05,"SameTimestamp",1000,"Weekly","error_var_dt",0.239484507406478,0.010710199906889,0.218467463565726,0.26050155124723,"DT",1,351
"Weekly",0.05,"SameTimestamp",1000,"Weekly","beta_dt",0.108377384836294,0.0314735723002645,0.0466155638982694,0.170139205774318,"DT",1,351
"Weekly",0.05,"SameTimestamp",1000,"Weekly","LogLik_dt",1408.62179528793,NA,NA,NA,"DT",1,351
"Weekly",0.05,"SameTimestamp",1000,"Weekly","AIC_dt",1412.62179528793,NA,NA,NA,"DT",1,351
"Weekly",0.05,"SameTimestamp",1000,"Weekly","BIC_dt",1422.43730584589,NA,NA,NA,"DT",1,351
"Weekly",0.05,"SameTimestamp",1000,"Monthly","error_var_ct",10.7728756297942,60.0431959240344,-107.052234269656,128.597985529244,"CT",1,351
"Weekly",0.05,"SameTimestamp",1000,"Monthly","beta_ct",-20.8216777935163,116.048201631642,-248.547599114911,206.904243527878,"CT",1,351
"Weekly",0.05,"SameTimestamp",1000,"Monthly","LogLik_ct",1485.76703630061,NA,NA,NA,"CT",1,351
"Weekly",0.05,"SameTimestamp",1000,"Monthly","AIC_ct",1489.76703630061,NA,NA,NA,"CT",1,351
"Weekly",0.05,"SameTimestamp",1000,"Monthly","BIC_ct",1499.58254685858,NA,NA,NA,"CT",1,351
"Weekly",0.05,"SameTimestamp",1000,"Monthly","error_var_dt",0.25848463491498,0.0115597784170739,0.235800429961462,0.281168839868497,"DT",1,351
"Weekly",0.05,"SameTimestamp",1000,"Monthly","beta_dt",-0.0284544420897267,0.0316422732289633,-0.0905473114531085,0.0336384272736552,"DT",1,351
"Weekly",0.05,"SameTimestamp",1000,"Monthly","LogLik_dt",1484.95871834459,NA,NA,NA,"DT",1,351
"Weekly",0.05,"SameTimestamp",1000,"Monthly","AIC_dt",1488.95871834459,NA,NA,NA,"DT",1,351
"Weekly",0.05,"SameTimestamp",1000,"Monthly","BIC_dt",1498.77422890255,NA,NA,NA,"DT",1,351
"Weekly",0.05,"SameTimestamp",1000,"Daily","error_var_ct",0.203238934971895,0.0108648218281458,0.181918470492309,0.224559399451482,"CT",1,352
"Weekly",0.05,"SameTimestamp",1000,"Daily","beta_ct",-0.374779202010952,0.0333991494727997,-0.44031965828779,-0.309238745734115,"CT",1,352
"Weekly",0.05,"SameTimestamp",1000,"Daily","LogLik_ct",893.228379982826,NA,NA,NA,"CT",1,352
"Weekly",0.05,"SameTimestamp",1000,"Daily","AIC_ct",897.228379982826,NA,NA,NA,"CT",1,352
"Weekly",0.05,"SameTimestamp",1000,"Daily","BIC_ct",907.04389054079,NA,NA,NA,"CT",1,352
"Weekly",0.05,"SameTimestamp",1000,"Daily","error_var_dt",0.143008535463182,0.006396375698392,0.130456677454579,0.155560393471785,"DT",1,352
"Weekly",0.05,"SameTimestamp",1000,"Daily","beta_dt",0.687441052413087,0.0229600479593867,0.642385653004733,0.73249645182144,"DT",1,352
"Weekly",0.05,"SameTimestamp",1000,"Daily","LogLik_dt",893.22837998283,NA,NA,NA,"DT",1,352
"Weekly",0.05,"SameTimestamp",1000,"Daily","AIC_dt",897.22837998283,NA,NA,NA,"DT",1,352
"Weekly",0.05,"SameTimestamp",1000,"Daily","BIC_dt",907.043890540794,NA,NA,NA,"DT",1,352
"Weekly",0.05,"SameTimestamp",1000,"Weekly","error_var_ct",1.63563082530583,0.381002711555379,0.887974314519879,2.38328733609178,"CT",1,352
"Weekly",0.05,"SameTimestamp",1000,"Weekly","beta_ct",-3.13342041799775,0.724955121185357,-4.55602818414502,-1.71081265185048,"CT",1,352
"Weekly",0.05,"SameTimestamp",1000,"Weekly","LogLik_ct",1492.73343926501,NA,NA,NA,"CT",1,352
"Weekly",0.05,"SameTimestamp",1000,"Weekly","AIC_ct",1496.73343926501,NA,NA,NA,"CT",1,352
"Weekly",0.05,"SameTimestamp",1000,"Weekly","BIC_ct",1506.54894982297,NA,NA,NA,"CT",1,352
"Weekly",0.05,"SameTimestamp",1000,"Weekly","error_var_dt",0.260502235549021,0.0116499967461807,0.23764099164249,0.283363479455552,"DT",1,352
"Weekly",0.05,"SameTimestamp",1000,"Weekly","beta_dt",0.043568507886122,0.0315872316172116,-0.0184163511714478,0.105553366943692,"DT",1,352
"Weekly",0.05,"SameTimestamp",1000,"Weekly","LogLik_dt",1492.733439265,NA,NA,NA,"DT",1,352
"Weekly",0.05,"SameTimestamp",1000,"Weekly","AIC_dt",1496.733439265,NA,NA,NA,"DT",1,352
"Weekly",0.05,"SameTimestamp",1000,"Weekly","BIC_dt",1506.54894982297,NA,NA,NA,"DT",1,352
"Weekly",0.05,"SameTimestamp",1000,"Monthly","error_var_ct",9.94821193303268,61.7030274437062,-111.134050225056,131.030474091122,"CT",1,352
"Weekly",0.05,"SameTimestamp",1000,"Monthly","beta_ct",-20.1659630324019,125.077397505922,-265.610228286333,225.278302221529,"CT",1,352
"Weekly",0.05,"SameTimestamp",1000,"Monthly","LogLik_ct",1438.13009489263,NA,NA,NA,"CT",1,352
"Weekly",0.05,"SameTimestamp",1000,"Monthly","AIC_ct",1442.13009489263,NA,NA,NA,"CT",1,352
"Weekly",0.05,"SameTimestamp",1000,"Monthly","BIC_ct",1451.9456054506,NA,NA,NA,"CT",1,352
"Weekly",0.05,"SameTimestamp",1000,"Monthly","error_var_dt",0.246643954141485,0.0110302733908401,0.22499881759444,0.26828909068853,"DT",1,352
"Weekly",0.05,"SameTimestamp",1000,"Monthly","beta_dt",-0.00790342442277746,0.0316145761535937,-0.069941942732737,0.0541350938871821,"DT",1,352
"Weekly",0.05,"SameTimestamp",1000,"Monthly","LogLik_dt",1438.06760035485,NA,NA,NA,"DT",1,352
"Weekly",0.05,"SameTimestamp",1000,"Monthly","AIC_dt",1442.06760035485,NA,NA,NA,"DT",1,352
"Weekly",0.05,"SameTimestamp",1000,"Monthly","BIC_dt",1451.88311091282,NA,NA,NA,"DT",1,352
"Weekly",0.05,"SameTimestamp",1000,"Daily","error_var_ct",0.215669896210733,0.0119988489632583,0.192124085965198,0.239215706456268,"CT",1,353
"Weekly",0.05,"SameTimestamp",1000,"Daily","beta_ct",-0.462114359081891,0.038999920676943,-0.538645427575386,-0.385583290588395,"CT",1,353
"Weekly",0.05,"SameTimestamp",1000,"Daily","LogLik_ct",877.222235359771,NA,NA,NA,"CT",1,353
"Weekly",0.05,"SameTimestamp",1000,"Daily","AIC_ct",881.222235359771,NA,NA,NA,"CT",1,353
"Weekly",0.05,"SameTimestamp",1000,"Daily","BIC_ct",891.037745917735,NA,NA,NA,"CT",1,353
"Weekly",0.05,"SameTimestamp",1000,"Daily","error_var_dt",0.140748729357273,0.0062950277160497,0.128395750455183,0.153101708259362,"DT",1,353
"Weekly",0.05,"SameTimestamp",1000,"Daily","beta_dt",0.629950294546661,0.0245678851816755,0.581739773321403,0.678160815771919,"DT",1,353
"Weekly",0.05,"SameTimestamp",1000,"Daily","LogLik_dt",877.22223535977,NA,NA,NA,"DT",1,353
"Weekly",0.05,"SameTimestamp",1000,"Daily","AIC_dt",881.22223535977,NA,NA,NA,"DT",1,353
"Weekly",0.05,"SameTimestamp",1000,"Daily","BIC_dt",891.037745917735,NA,NA,NA,"DT",1,353
"Weekly",0.05,"SameTimestamp",1000,"Weekly","error_var_ct",1.32871328493999,0.213417439336107,0.90991590320085,1.74751066667914,"CT",1,353
"Weekly",0.05,"SameTimestamp",1000,"Weekly","beta_ct",-2.55917454473171,0.407351297075933,-3.35853591460914,-1.75981317485427,"CT",1,353
"Weekly",0.05,"SameTimestamp",1000,"Weekly","LogLik_ct",1483.25226744112,NA,NA,NA,"CT",1,353
"Weekly",0.05,"SameTimestamp",1000,"Weekly","AIC_ct",1487.25226744112,NA,NA,NA,"CT",1,353
"Weekly",0.05,"SameTimestamp",1000,"Weekly","BIC_ct",1497.06777799908,NA,NA,NA,"CT",1,353
"Weekly",0.05,"SameTimestamp",1000,"Weekly","error_var_dt",0.258044084429497,0.0115401062508241,0.235398482936616,0.280689685922379,"DT",1,353
"Weekly",0.05,"SameTimestamp",1000,"Weekly","beta_dt",0.0773685630158337,0.0315138566787171,0.0155276904676248,0.139209435564043,"DT",1,353
"Weekly",0.05,"SameTimestamp",1000,"Weekly","LogLik_dt",1483.25226744112,NA,NA,NA,"DT",1,353
"Weekly",0.05,"SameTimestamp",1000,"Weekly","AIC_dt",1487.25226744112,NA,NA,NA,"DT",1,353
"Weekly",0.05,"SameTimestamp",1000,"Weekly","BIC_dt",1497.06777799908,NA,NA,NA,"DT",1,353
"Weekly",0.05,"SameTimestamp",1000,"Monthly","error_var_ct",18.0557564730419,83.8659419850641,-146.51765903457,182.629171980653,"CT",1,353
"Weekly",0.05,"SameTimestamp",1000,"Monthly","beta_ct",-32.8303918777969,152.49240157935,-332.07219102603,266.411407270436,"CT",1,353
"Weekly",0.05,"SameTimestamp",1000,"Monthly","LogLik_ct",1546.83966798124,NA,NA,NA,"CT",1,353
"Weekly",0.05,"SameTimestamp",1000,"Monthly","AIC_ct",1550.83966798124,NA,NA,NA,"CT",1,353
"Weekly",0.05,"SameTimestamp",1000,"Monthly","BIC_ct",1560.6551785392,NA,NA,NA,"CT",1,353
"Weekly",0.05,"SameTimestamp",1000,"Monthly","error_var_dt",0.274538563689362,0.0122777504811387,0.250445454095588,0.298631673283136,"DT",1,353
"Weekly",0.05,"SameTimestamp",1000,"Monthly","beta_dt",-0.0404266551248833,0.0316887013469228,-0.102610632198586,0.0217573219488197,"DT",1,353
"Weekly",0.05,"SameTimestamp",1000,"Monthly","LogLik_dt",1545.21347904823,NA,NA,NA,"DT",1,353
"Weekly",0.05,"SameTimestamp",1000,"Monthly","AIC_dt",1549.21347904823,NA,NA,NA,"DT",1,353
"Weekly",0.05,"SameTimestamp",1000,"Monthly","BIC_dt",1559.0289896062,NA,NA,NA,"DT",1,353
"Weekly",0.05,"SameTimestamp",1000,"Daily","error_var_ct",0.210531325545242,0.0114612166153765,0.188040532267072,0.233022118823413,"CT",1,354
"Weekly",0.05,"SameTimestamp",1000,"Daily","beta_ct",-0.41445723328672,0.0359235366245931,-0.484951393126658,-0.343963073446783,"CT",1,354
"Weekly",0.05,"SameTimestamp",1000,"Daily","LogLik_ct",894.047369358715,NA,NA,NA,"CT",1,354
"Weekly",0.05,"SameTimestamp",1000,"Daily","AIC_ct",898.047369358715,NA,NA,NA,"CT",1,354
"Weekly",0.05,"SameTimestamp",1000,"Daily","BIC_ct",907.862879916679,NA,NA,NA,"CT",1,354
"Weekly",0.05,"SameTimestamp",1000,"Daily","error_var_dt",0.143114383365518,0.00640140453878706,0.130552657066876,0.155676109664159,"DT",1,354
"Weekly",0.05,"SameTimestamp",1000,"Daily","beta_dt",0.660698788700363,0.0237348255389358,0.614123012968713,0.707274564432013,"DT",1,354
"Weekly",0.05,"SameTimestamp",1000,"Daily","LogLik_dt",894.047369358716,NA,NA,NA,"DT",1,354
"Weekly",0.05,"SameTimestamp",1000,"Daily","AIC_dt",898.047369358716,NA,NA,NA,"DT",1,354
"Weekly",0.05,"SameTimestamp",1000,"Daily","BIC_dt",907.86287991668,NA,NA,NA,"DT",1,354
"Weekly",0.05,"SameTimestamp",1000,"Weekly","error_var_ct",1.55325595531898,0.32911974307667,0.907411421208087,2.19910048942988,"CT",1,354
"Weekly",0.05,"SameTimestamp",1000,"Weekly","beta_ct",-2.99188272934817,0.629179561617814,-4.22654637196803,-1.7572190867283,"CT",1,354
"Weekly",0.05,"SameTimestamp",1000,"Weekly","LogLik_ct",1486.65867040353,NA,NA,NA,"CT",1,354
"Weekly",0.05,"SameTimestamp",1000,"Weekly","AIC_ct",1490.65867040353,NA,NA,NA,"CT",1,354
"Weekly",0.05,"SameTimestamp",1000,"Weekly","BIC_ct",1500.4741809615,NA,NA,NA,"CT",1,354
"Weekly",0.05,"SameTimestamp",1000,"Weekly","error_var_dt",0.258924373997749,0.0115794899470409,0.236201488338634,0.281647259656863,"DT",1,354
"Weekly",0.05,"SameTimestamp",1000,"Weekly","beta_dt",0.050192807273452,0.0315896835797762,-0.011796863366083,0.112182477912987,"DT",1,354
"Weekly",0.05,"SameTimestamp",1000,"Weekly","LogLik_dt",1486.65867040354,NA,NA,NA,"DT",1,354
"Weekly",0.05,"SameTimestamp",1000,"Weekly","AIC_dt",1490.65867040354,NA,NA,NA,"DT",1,354
"Weekly",0.05,"SameTimestamp",1000,"Weekly","BIC_dt",1500.4741809615,NA,NA,NA,"DT",1,354
"Weekly",0.05,"SameTimestamp",1000,"Monthly","error_var_ct",2.52365502915997,2.79000016710864,-2.95127133426953,7.99858139258947,"CT",1,354
"Weekly",0.05,"SameTimestamp",1000,"Monthly","beta_ct",-5.21792088827146,5.76586199295483,-16.5324972116984,6.09665543515544,"CT",1,354
"Weekly",0.05,"SameTimestamp",1000,"Monthly","LogLik_ct",1418.30978310917,NA,NA,NA,"CT",1,354
"Weekly",0.05,"SameTimestamp",1000,"Monthly","AIC_ct",1422.30978310917,NA,NA,NA,"CT",1,354
"Weekly",0.05,"SameTimestamp",1000,"Monthly","BIC_ct",1432.12529366713,NA,NA,NA,"CT",1,354
"Weekly",0.05,"SameTimestamp",1000,"Monthly","error_var_dt",0.241818632431035,0.0108144660571714,0.220596983048777,0.263040281813293,"DT",1,354
"Weekly",0.05,"SameTimestamp",1000,"Monthly","beta_dt",0.005418552808773,0.0316608974910937,-0.056710863672039,0.067547969289585,"DT",1,354
"Weekly",0.05,"SameTimestamp",1000,"Monthly","LogLik_dt",1418.30978310917,NA,NA,NA,"DT",1,354
"Weekly",0.05,"SameTimestamp",1000,"Monthly","AIC_dt",1422.30978310917,NA,NA,NA,"DT",1,354
"Weekly",0.05,"SameTimestamp",1000,"Monthly","BIC_dt",1432.12529366714,NA,NA,NA,"DT",1,354
"Weekly",0.05,"SameTimestamp",1000,"Daily","error_var_ct",0.222514177727518,0.0122582572121729,0.198459320537249,0.246569034917787,"CT",1,355
"Weekly",0.05,"SameTimestamp",1000,"Daily","beta_ct",-0.440672206977759,0.0375948922642973,-0.514446133307448,-0.36689828064807,"CT",1,355
"Weekly",0.05,"SameTimestamp",1000,"Daily","LogLik_ct",926.897860996584,NA,NA,NA,"CT",1,355
"Weekly",0.05,"SameTimestamp",1000,"Daily","AIC_ct",930.897860996584,NA,NA,NA,"CT",1,355
"Weekly",0.05,"SameTimestamp",1000,"Daily","BIC_ct",940.713371554549,NA,NA,NA,"CT",1,355
"Weekly",0.05,"SameTimestamp",1000,"Daily","error_var_dt",0.147891205487926,0.0066151586188797,0.134910021204232,0.160872389771619,"DT",1,355
"Weekly",0.05,"SameTimestamp",1000,"Daily","beta_dt",0.643603524145225,0.0241962518805374,0.596122273470527,0.691084774819923,"DT",1,355
"Weekly",0.05,"SameTimestamp",1000,"Daily","LogLik_dt",926.89786099656,NA,NA,NA,"DT",1,355
"Weekly",0.05,"SameTimestamp",1000,"Daily","AIC_dt",930.89786099656,NA,NA,NA,"DT",1,355
"Weekly",0.05,"SameTimestamp",1000,"Daily","BIC_dt",940.713371554524,NA,NA,NA,"DT",1,355
"Weekly",0.05,"SameTimestamp",1000,"Weekly","error_var_ct",1.4183980461405,0.318957147071997,0.792495971332224,2.04430012094878,"CT",1,355
"Weekly",0.05,"SameTimestamp",1000,"Weekly","beta_ct",-3.08093130606651,0.687999297490291,-4.43101921511282,-1.7308433970202,"CT",1,355
"Weekly",0.05,"SameTimestamp",1000,"Weekly","LogLik_ct",1366.91662677464,NA,NA,NA,"CT",1,355
"Weekly",0.05,"SameTimestamp",1000,"Weekly","AIC_ct",1370.91662677464,NA,NA,NA,"CT",1,355
"Weekly",0.05,"SameTimestamp",1000,"Weekly","BIC_ct",1380.73213733261,NA,NA,NA,"CT",1,355
"Weekly",0.05,"SameTimestamp",1000,"Weekly","error_var_dt",0.229704510464136,0.0102727057909236,0.209545978424775,0.249863042503497,"DT",1,355
"Weekly",0.05,"SameTimestamp",1000,"Weekly","beta_dt",0.0459164771110892,0.0316637992088869,-0.0162186335239499,0.108051587746128,"DT",1,355
"Weekly",0.05,"SameTimestamp",1000,"Weekly","LogLik_dt",1366.91662677464,NA,NA,NA,"DT",1,355
"Weekly",0.05,"SameTimestamp",1000,"Weekly","AIC_dt",1370.91662677464,NA,NA,NA,"DT",1,355
"Weekly",0.05,"SameTimestamp",1000,"Weekly","BIC_dt",1380.73213733261,NA,NA,NA,"DT",1,355
"Weekly",0.05,"SameTimestamp",1000,"Monthly","error_var_ct",2.21997638191296,1.34537859449407,-0.420112612570052,4.86006537639598,"CT",1,355
"Weekly",0.05,"SameTimestamp",1000,"Monthly","beta_ct",-4.43631059395918,2.68453084378333,-9.7042703823991,0.831649194480743,"CT",1,355
"Weekly",0.05,"SameTimestamp",1000,"Monthly","LogLik_ct",1452.26321860714,NA,NA,NA,"CT",1,355
"Weekly",0.05,"SameTimestamp",1000,"Monthly","AIC_ct",1456.26321860714,NA,NA,NA,"CT",1,355
"Weekly",0.05,"SameTimestamp",1000,"Monthly","BIC_ct",1466.07872916511,NA,NA,NA,"CT",1,355
"Weekly",0.05,"SameTimestamp",1000,"Monthly","error_var_dt",0.250170171826412,0.0111879625325186,0.228215595714029,0.272124747938795,"DT",1,355
"Weekly",0.05,"SameTimestamp",1000,"Monthly","beta_dt",0.0118394953607204,0.0316490771631348,-0.0502667256285896,0.0739457163500304,"DT",1,355
"Weekly",0.05,"SameTimestamp",1000,"Monthly","LogLik_dt",1452.26321860714,NA,NA,NA,"DT",1,355
"Weekly",0.05,"SameTimestamp",1000,"Monthly","AIC_dt",1456.26321860714,NA,NA,NA,"DT",1,355
"Weekly",0.05,"SameTimestamp",1000,"Monthly","BIC_dt",1466.0787291651,NA,NA,NA,"DT",1,355
"Weekly",0.05,"SameTimestamp",1000,"Daily","error_var_ct",0.210711185048984,0.0116992473396323,0.187753294778169,0.233669075319799,"CT",1,356
"Weekly",0.05,"SameTimestamp",1000,"Daily","beta_ct",-0.456301731151704,0.0386620416488493,-0.53216976642378,-0.380433695879629,"CT",1,356
"Weekly",0.05,"SameTimestamp",1000,"Daily","LogLik_ct",859.423946435713,NA,NA,NA,"CT",1,356
"Weekly",0.05,"SameTimestamp",1000,"Daily","AIC_ct",863.423946435713,NA,NA,NA,"CT",1,356
"Weekly",0.05,"SameTimestamp",1000,"Daily","BIC_ct",873.239456993677,NA,NA,NA,"CT",1,356
"Weekly",0.05,"SameTimestamp",1000,"Daily","error_var_dt",0.138192943190912,0.00618260914632046,0.126060567641613,0.150325318740212,"DT",1,356
"Weekly",0.05,"SameTimestamp",1000,"Daily","beta_dt",0.633622623371798,0.0244974537187932,0.585550312558674,0.681694934184923,"DT",1,356
"Weekly",0.05,"SameTimestamp",1000,"Daily","LogLik_dt",859.423946435714,NA,NA,NA,"DT",1,356
"Weekly",0.05,"SameTimestamp",1000,"Daily","AIC_dt",863.423946435714,NA,NA,NA,"DT",1,356
"Weekly",0.05,"SameTimestamp",1000,"Daily","BIC_dt",873.239456993678,NA,NA,NA,"DT",1,356
"Weekly",0.05,"SameTimestamp",1000,"Weekly","error_var_ct",1.72681703727621,0.47775737148245,0.789295076063303,2.66433899848912,"CT",1,356
"Weekly",0.05,"SameTimestamp",1000,"Weekly","beta_ct",-3.38431319952294,0.9312959883817,-5.2118317133412,-1.55679468570467,"CT",1,356
"Weekly",0.05,"SameTimestamp",1000,"Weekly","LogLik_ct",1470.71013099508,NA,NA,NA,"CT",1,356
"Weekly",0.05,"SameTimestamp",1000,"Weekly","AIC_ct",1474.71013099508,NA,NA,NA,"CT",1,356
"Weekly",0.05,"SameTimestamp",1000,"Weekly","BIC_ct",1484.52564155305,NA,NA,NA,"CT",1,356
"Weekly",0.05,"SameTimestamp",1000,"Weekly","error_var_dt",0.254827520813102,0.0113962692222584,0.232464176342645,0.277190865283559,"DT",1,356
"Weekly",0.05,"SameTimestamp",1000,"Weekly","beta_dt",0.0339008433927399,0.0316076174582446,-0.0281240195973845,0.0959257063828644,"DT",1,356
"Weekly",0.05,"SameTimestamp",1000,"Weekly","LogLik_dt",1470.71013099509,NA,NA,NA,"DT",1,356
"Weekly",0.05,"SameTimestamp",1000,"Weekly","AIC_dt",1474.71013099509,NA,NA,NA,"DT",1,356
"Weekly",0.05,"SameTimestamp",1000,"Weekly","BIC_dt",1484.52564155306,NA,NA,NA,"DT",1,356
"Weekly",0.05,"SameTimestamp",1000,"Monthly","error_var_ct",9.55096208068671,193.268551062596,-369.707468764139,388.809392925512,"CT",1,356
"Weekly",0.05,"SameTimestamp",1000,"Monthly","beta_ct",-19.527699315108,395.140957536712,-794.928242724566,755.87284409435,"CT",1,356
"Weekly",0.05,"SameTimestamp",1000,"Monthly","LogLik_ct",1429.53644384878,NA,NA,NA,"CT",1,356
"Weekly",0.05,"SameTimestamp",1000,"Monthly","AIC_ct",1433.53644384878,NA,NA,NA,"CT",1,356
"Weekly",0.05,"SameTimestamp",1000,"Monthly","BIC_ct",1443.35195440674,NA,NA,NA,"CT",1,356
"Weekly",0.05,"SameTimestamp",1000,"Monthly","error_var_dt",0.244548701209221,0.0109365643496206,0.223087453575988,0.266009948842454,"DT",1,356
"Weekly",0.05,"SameTimestamp",1000,"Monthly","beta_dt",-0.000441856970406897,0.0316640302037021,-0.0625774208955993,0.0616937069547855,"DT",1,356
"Weekly",0.05,"SameTimestamp",1000,"Monthly","LogLik_dt",1429.53624914165,NA,NA,NA,"DT",1,356
"Weekly",0.05,"SameTimestamp",1000,"Monthly","AIC_dt",1433.53624914165,NA,NA,NA,"DT",1,356
"Weekly",0.05,"SameTimestamp",1000,"Monthly","BIC_dt",1443.35175969962,NA,NA,NA,"DT",1,356
"Weekly",0.05,"SameTimestamp",1000,"Daily","error_var_ct",0.219647541482312,0.012052561317643,0.195996329384644,0.243298753579979,"CT",1,357
"Weekly",0.05,"SameTimestamp",1000,"Daily","beta_ct",-0.432009176495821,0.0370328485787063,-0.504680182536143,-0.359338170455499,"CT",1,357
"Weekly",0.05,"SameTimestamp",1000,"Daily","LogLik_ct",921.423646247591,NA,NA,NA,"CT",1,357
"Weekly",0.05,"SameTimestamp",1000,"Daily","AIC_ct",925.423646247591,NA,NA,NA,"CT",1,357
"Weekly",0.05,"SameTimestamp",1000,"Daily","BIC_ct",935.239156805555,NA,NA,NA,"CT",1,357
"Weekly",0.05,"SameTimestamp",1000,"Daily","error_var_dt",0.147073012658078,0.00657883414839038,0.134163109302416,0.15998291601374,"DT",1,357
"Weekly",0.05,"SameTimestamp",1000,"Daily","beta_dt",0.649203415847084,0.0240418477306509,0.60202515846995,0.696381673224218,"DT",1,357
"Weekly",0.05,"SameTimestamp",1000,"Daily","LogLik_dt",921.42364624758,NA,NA,NA,"DT",1,357
"Weekly",0.05,"SameTimestamp",1000,"Daily","AIC_dt",925.42364624758,NA,NA,NA,"DT",1,357
"Weekly",0.05,"SameTimestamp",1000,"Daily","BIC_dt",935.239156805545,NA,NA,NA,"DT",1,357
"Weekly",0.05,"SameTimestamp",1000,"Weekly","error_var_ct",1.49850096082513,0.290414224518742,0.928609778424111,2.06839214322616,"CT",1,357
"Weekly",0.05,"SameTimestamp",1000,"Weekly","beta_ct",-2.85443245541758,0.548653002759621,-3.93107568454554,-1.77778922628962,"CT",1,357
"Weekly",0.05,"SameTimestamp",1000,"Weekly","LogLik_ct",1497.00195942034,NA,NA,NA,"CT",1,357
"Weekly",0.05,"SameTimestamp",1000,"Weekly","AIC_ct",1501.00195942034,NA,NA,NA,"CT",1,357
"Weekly",0.05,"SameTimestamp",1000,"Weekly","BIC_ct",1510.81746997831,NA,NA,NA,"CT",1,357
"Weekly",0.05,"SameTimestamp",1000,"Weekly","error_var_dt",0.261616132788982,0.0116998730860473,0.238657014591522,0.284575250986442,"DT",1,357
"Weekly",0.05,"SameTimestamp",1000,"Weekly","beta_dt",0.0575884203377283,0.0315715626753195,-0.00436569094281145,0.119542531618268,"DT",1,357
"Weekly",0.05,"SameTimestamp",1000,"Weekly","LogLik_dt",1497.00195942035,NA,NA,NA,"DT",1,357
"Weekly",0.05,"SameTimestamp",1000,"Weekly","AIC_dt",1501.00195942035,NA,NA,NA,"DT",1,357
"Weekly",0.05,"SameTimestamp",1000,"Weekly","BIC_dt",1510.81746997831,NA,NA,NA,"DT",1,357
"Weekly",0.05,"SameTimestamp",1000,"Monthly","error_var_ct",10.9028719117546,94.680397080545,-174.892171467561,196.697915291071,"CT",1,357
"Weekly",0.05,"SameTimestamp",1000,"Monthly","beta_ct",-21.2229701507491,184.300900816714,-382.883830454898,340.4378901534,"CT",1,357
"Weekly",0.05,"SameTimestamp",1000,"Monthly","LogLik_ct",1478.67245923725,NA,NA,NA,"CT",1,357
"Weekly",0.05,"SameTimestamp",1000,"Monthly","AIC_ct",1482.67245923725,NA,NA,NA,"CT",1,357
"Weekly",0.05,"SameTimestamp",1000,"Monthly","BIC_ct",1492.48796979522,NA,NA,NA,"CT",1,357
"Weekly",0.05,"SameTimestamp",1000,"Monthly","error_var_dt",0.256432849551409,0.0114680589584289,0.233928629276062,0.278937069826755,"DT",1,357
"Weekly",0.05,"SameTimestamp",1000,"Monthly","beta_dt",-0.041002649162306,0.031594006997072,-0.103000803812563,0.0209955054879514,"DT",1,357
"Weekly",0.05,"SameTimestamp",1000,"Monthly","LogLik_dt",1476.98958536941,NA,NA,NA,"DT",1,357
"Weekly",0.05,"SameTimestamp",1000,"Monthly","AIC_dt",1480.98958536941,NA,NA,NA,"DT",1,357
"Weekly",0.05,"SameTimestamp",1000,"Monthly","BIC_dt",1490.80509592738,NA,NA,NA,"DT",1,357
"Weekly",0.05,"SameTimestamp",1000,"Daily","error_var_ct",0.189211610796097,0.0100507732613222,0.16948858563288,0.208934635959315,"CT",1,358
"Weekly",0.05,"SameTimestamp",1000,"Daily","beta_ct",-0.360801520383791,0.0325094841443228,-0.424596151617702,-0.29700688914988,"CT",1,358
"Weekly",0.05,"SameTimestamp",1000,"Daily","LogLik_ct",834.181740662975,NA,NA,NA,"CT",1,358
"Weekly",0.05,"SameTimestamp",1000,"Daily","AIC_ct",838.181740662975,NA,NA,NA,"CT",1,358
"Weekly",0.05,"SameTimestamp",1000,"Daily","BIC_ct",847.997251220939,NA,NA,NA,"CT",1,358
"Weekly",0.05,"SameTimestamp",1000,"Daily","error_var_dt",0.134783182242437,0.00602907574225986,0.122952091292138,0.146614273192736,"DT",1,358
"Weekly",0.05,"SameTimestamp",1000,"Daily","beta_dt",0.697117357345213,0.0226630054919494,0.652644855979377,0.741589858711048,"DT",1,358
"Weekly",0.05,"SameTimestamp",1000,"Daily","LogLik_dt",834.181740662976,NA,NA,NA,"DT",1,358
"Weekly",0.05,"SameTimestamp",1000,"Daily","AIC_dt",838.181740662976,NA,NA,NA,"DT",1,358
"Weekly",0.05,"SameTimestamp",1000,"Daily","BIC_dt",847.99725122094,NA,NA,NA,"DT",1,358
"Weekly",0.05,"SameTimestamp",1000,"Weekly","error_var_ct",1.17478146104745,0.161858066702532,0.85716105121006,1.49240187088483,"CT",1,358
"Weekly",0.05,"SameTimestamp",1000,"Weekly","beta_ct",-2.3019564780452,0.314625994380324,-2.91935936266158,-1.68455359342882,"CT",1,358
"Weekly",0.05,"SameTimestamp",1000,"Weekly","LogLik_ct",1461.99419226462,NA,NA,NA,"CT",1,358
"Weekly",0.05,"SameTimestamp",1000,"Weekly","AIC_ct",1465.99419226462,NA,NA,NA,"CT",1,358
"Weekly",0.05,"SameTimestamp",1000,"Weekly","BIC_ct",1475.80970282258,NA,NA,NA,"CT",1,358
"Weekly",0.05,"SameTimestamp",1000,"Weekly","error_var_dt",0.252615280189468,0.0112973485716732,0.230446051577555,0.274784508801381,"DT",1,358
"Weekly",0.05,"SameTimestamp",1000,"Weekly","beta_dt",0.100062873247262,0.0314781346328681,0.0382920994656696,0.161833647028854,"DT",1,358
"Weekly",0.05,"SameTimestamp",1000,"Weekly","LogLik_dt",1461.99419226461,NA,NA,NA,"DT",1,358
"Weekly",0.05,"SameTimestamp",1000,"Weekly","AIC_dt",1465.99419226461,NA,NA,NA,"DT",1,358
"Weekly",0.05,"SameTimestamp",1000,"Weekly","BIC_dt",1475.80970282258,NA,NA,NA,"DT",1,358
"Weekly",0.05,"SameTimestamp",1000,"Monthly","error_var_ct",2.05283675426128,0.895722235786503,0.295126005412218,3.81054750311034,"CT",1,358
"Weekly",0.05,"SameTimestamp",1000,"Monthly","beta_ct",-4.00183322384533,1.74151784289864,-7.41928174692183,-0.584384700768826,"CT",1,358
"Weekly",0.05,"SameTimestamp",1000,"Monthly","LogLik_ct",1476.86593589871,NA,NA,NA,"CT",1,358
"Weekly",0.05,"SameTimestamp",1000,"Monthly","AIC_ct",1480.86593589871,NA,NA,NA,"CT",1,358
"Weekly",0.05,"SameTimestamp",1000,"Monthly","BIC_ct",1490.68144645667,NA,NA,NA,"CT",1,358
"Weekly",0.05,"SameTimestamp",1000,"Monthly","error_var_dt",0.256401354096922,0.0114666133040153,0.233899970685729,0.278902737508115,"DT",1,358
"Weekly",0.05,"SameTimestamp",1000,"Monthly","beta_dt",0.0182820729369118,0.031687459287764,-0.0438994667955631,0.0804636126693868,"DT",1,358
"Weekly",0.05,"SameTimestamp",1000,"Monthly","LogLik_dt",1476.8659358987,NA,NA,NA,"DT",1,358
"Weekly",0.05,"SameTimestamp",1000,"Monthly","AIC_dt",1480.8659358987,NA,NA,NA,"DT",1,358
"Weekly",0.05,"SameTimestamp",1000,"Monthly","BIC_dt",1490.68144645666,NA,NA,NA,"DT",1,358
"Weekly",0.05,"SameTimestamp",1000,"Daily","error_var_ct",0.202799081217163,0.0108923013269601,0.181424692643132,0.224173469791194,"CT",1,359
"Weekly",0.05,"SameTimestamp",1000,"Daily","beta_ct",-0.381409632937131,0.0340034051430816,-0.448135843730574,-0.314683422143688,"CT",1,359
"Weekly",0.05,"SameTimestamp",1000,"Daily","LogLik_ct",885.258649127365,NA,NA,NA,"CT",1,359
"Weekly",0.05,"SameTimestamp",1000,"Daily","AIC_ct",889.258649127365,NA,NA,NA,"CT",1,359
"Weekly",0.05,"SameTimestamp",1000,"Daily","BIC_ct",899.074159685329,NA,NA,NA,"CT",1,359
"Weekly",0.05,"SameTimestamp",1000,"Daily","error_var_dt",0.141873410610789,0.00634560355497371,0.129421184763433,0.154325636458145,"DT",1,359
"Weekly",0.05,"SameTimestamp",1000,"Daily","beta_dt",0.68289808401438,0.023221007038835,0.637330594405929,0.72846557362283,"DT",1,359
"Weekly",0.05,"SameTimestamp",1000,"Daily","LogLik_dt",885.258649127366,NA,NA,NA,"DT",1,359
"Weekly",0.05,"SameTimestamp",1000,"Daily","AIC_dt",889.258649127366,NA,NA,NA,"DT",1,359
"Weekly",0.05,"SameTimestamp",1000,"Daily","BIC_dt",899.074159685331,NA,NA,NA,"DT",1,359
"Weekly",0.05,"SameTimestamp",1000,"Weekly","error_var_ct",1.70216153917521,0.406739541353011,0.904000641460784,2.50032243688963,"CT",1,359
"Weekly",0.05,"SameTimestamp",1000,"Weekly","beta_ct",-3.16932796282639,0.752343773883633,-4.64568155253467,-1.69297437311811,"CT",1,359
"Weekly",0.05,"SameTimestamp",1000,"Weekly","LogLik_ct",1521.34120516848,NA,NA,NA,"CT",1,359
"Weekly",0.05,"SameTimestamp",1000,"Weekly","AIC_ct",1525.34120516848,NA,NA,NA,"CT",1,359
"Weekly",0.05,"SameTimestamp",1000,"Weekly","BIC_ct",1535.15671572644,NA,NA,NA,"CT",1,359
"Weekly",0.05,"SameTimestamp",1000,"Weekly","error_var_dt",0.268062252279126,0.0119881089555872,0.244537517570372,0.291586986987879,"DT",1,359
"Weekly",0.05,"SameTimestamp",1000,"Weekly","beta_dt",0.0420318270432835,0.0315878832308669,-0.0199543107012278,0.104017964787795,"DT",1,359
"Weekly",0.05,"SameTimestamp",1000,"Weekly","LogLik_dt",1521.34120516848,NA,NA,NA,"DT",1,359
"Weekly",0.05,"SameTimestamp",1000,"Weekly","AIC_dt",1525.34120516848,NA,NA,NA,"DT",1,359
"Weekly",0.05,"SameTimestamp",1000,"Weekly","BIC_dt",1535.15671572644,NA,NA,NA,"DT",1,359
"Weekly",0.05,"SameTimestamp",1000,"Monthly","error_var_ct",10.7190576774917,85.6577794086172,-157.370550432845,178.808665787829,"CT",1,359
"Weekly",0.05,"SameTimestamp",1000,"Monthly","beta_ct",-21.5340732130605,172.083302722242,-359.219863302597,316.151716876476,"CT",1,359
"Weekly",0.05,"SameTimestamp",1000,"Monthly","LogLik_ct",1447.12103971223,NA,NA,NA,"CT",1,359
"Weekly",0.05,"SameTimestamp",1000,"Monthly","AIC_ct",1451.12103971223,NA,NA,NA,"CT",1,359
"Weekly",0.05,"SameTimestamp",1000,"Monthly","BIC_ct",1460.9365502702,NA,NA,NA,"CT",1,359
"Weekly",0.05,"SameTimestamp",1000,"Monthly","error_var_dt",0.248860198305519,0.0111293741257678,0.227020592513387,0.270699804097651,"DT",1,359
"Weekly",0.05,"SameTimestamp",1000,"Monthly","beta_dt",-0.0103874201992664,0.0316074205775896,-0.0724118968427872,0.0516370564442544,"DT",1,359
"Weekly",0.05,"SameTimestamp",1000,"Monthly","LogLik_dt",1447.01304041547,NA,NA,NA,"DT",1,359
"Weekly",0.05,"SameTimestamp",1000,"Monthly","AIC_dt",1451.01304041547,NA,NA,NA,"DT",1,359
"Weekly",0.05,"SameTimestamp",1000,"Monthly","BIC_dt",1460.82855097343,NA,NA,NA,"DT",1,359
"Weekly",0.05,"SameTimestamp",1000,"Daily","error_var_ct",0.222909900551816,0.0124165840413776,0.198544352437055,0.247275448666576,"CT",1,360
"Weekly",0.05,"SameTimestamp",1000,"Daily","beta_ct",-0.464556284777064,0.0391699945700175,-0.541421095917568,-0.387691473636561,"CT",1,360
"Weekly",0.05,"SameTimestamp",1000,"Daily","LogLik_ct",908.163843557724,NA,NA,NA,"CT",1,360
"Weekly",0.05,"SameTimestamp",1000,"Daily","AIC_ct",912.163843557724,NA,NA,NA,"CT",1,360
"Weekly",0.05,"SameTimestamp",1000,"Daily","BIC_ct",921.979354115688,NA,NA,NA,"CT",1,360
"Weekly",0.05,"SameTimestamp",1000,"Daily","error_var_dt",0.145172815658885,0.00649287058082803,0.132431601971378,0.157914029346392,"DT",1,360
"Weekly",0.05,"SameTimestamp",1000,"Daily","beta_dt",0.628413876551241,0.0246154192830413,0.580110077301201,0.676717675801281,"DT",1,360
"Weekly",0.05,"SameTimestamp",1000,"Daily","LogLik_dt",908.163843557726,NA,NA,NA,"DT",1,360
"Weekly",0.05,"SameTimestamp",1000,"Daily","AIC_dt",912.163843557726,NA,NA,NA,"DT",1,360
"Weekly",0.05,"SameTimestamp",1000,"Daily","BIC_dt",921.97935411569,NA,NA,NA,"DT",1,360
"Weekly",0.05,"SameTimestamp",1000,"Weekly","error_var_ct",1.47798354340276,0.293332085957454,0.902366527468119,2.05360055933741,"CT",1,360
"Weekly",0.05,"SameTimestamp",1000,"Weekly","beta_ct",-2.8914645759173,0.569277282841686,-4.00857963586421,-1.77434951597039,"CT",1,360
"Weekly",0.05,"SameTimestamp",1000,"Weekly","LogLik_ct",1470.56094937539,NA,NA,NA,"CT",1,360
"Weekly",0.05,"SameTimestamp",1000,"Weekly","AIC_ct",1474.56094937539,NA,NA,NA,"CT",1,360
"Weekly",0.05,"SameTimestamp",1000,"Weekly","BIC_ct",1484.37645993335,NA,NA,NA,"CT",1,360
"Weekly",0.05,"SameTimestamp",1000,"Weekly","error_var_dt",0.254789892638872,0.0113945475132563,0.232429926745275,0.277149858532468,"DT",1,360
"Weekly",0.05,"SameTimestamp",1000,"Weekly","beta_dt",0.0554949034342479,0.0315875227259277,-0.00649052687733238,0.117480333745828,"DT",1,360
"Weekly",0.05,"SameTimestamp",1000,"Weekly","LogLik_dt",1470.56094937539,NA,NA,NA,"DT",1,360
"Weekly",0.05,"SameTimestamp",1000,"Weekly","AIC_dt",1474.56094937539,NA,NA,NA,"DT",1,360
"Weekly",0.05,"SameTimestamp",1000,"Weekly","BIC_dt",1484.37645993336,NA,NA,NA,"DT",1,360
"Weekly",0.05,"SameTimestamp",1000,"Monthly","error_var_ct",1.76461818479167,0.59215800918551,0.602603381342582,2.92663298824076,"CT",1,360
"Weekly",0.05,"SameTimestamp",1000,"Monthly","beta_ct",-3.65693434532956,1.22220784213462,-6.05532055884283,-1.25854813181629,"CT",1,360
"Weekly",0.05,"SameTimestamp",1000,"Monthly","LogLik_ct",1415.37258528936,NA,NA,NA,"CT",1,360
"Weekly",0.05,"SameTimestamp",1000,"Monthly","AIC_ct",1419.37258528936,NA,NA,NA,"CT",1,360
"Weekly",0.05,"SameTimestamp",1000,"Monthly","BIC_ct",1429.18809584733,NA,NA,NA,"CT",1,360
"Weekly",0.05,"SameTimestamp",1000,"Monthly","error_var_dt",0.241109405913464,0.0107827649540415,0.219949964844783,0.262268846982145,"DT",1,360
"Weekly",0.05,"SameTimestamp",1000,"Monthly","beta_dt",0.0258114971659548,0.0315997846519668,-0.0361979952022982,0.0878209895342078,"DT",1,360
"Weekly",0.05,"SameTimestamp",1000,"Monthly","LogLik_dt",1415.37258528937,NA,NA,NA,"DT",1,360
"Weekly",0.05,"SameTimestamp",1000,"Monthly","AIC_dt",1419.37258528937,NA,NA,NA,"DT",1,360
"Weekly",0.05,"SameTimestamp",1000,"Monthly","BIC_dt",1429.18809584733,NA,NA,NA,"DT",1,360
"Weekly",0.05,"SameTimestamp",1000,"Daily","error_var_ct",0.233519189052318,0.0131826184409538,0.207650421698011,0.259387956406625,"CT",1,361
"Weekly",0.05,"SameTimestamp",1000,"Daily","beta_ct",-0.493867606367484,0.0410904087857971,-0.574500921374987,-0.413234291359982,"CT",1,361
"Weekly",0.05,"SameTimestamp",1000,"Daily","LogLik_ct",929.950446423862,NA,NA,NA,"CT",1,361
"Weekly",0.05,"SameTimestamp",1000,"Daily","AIC_ct",933.950446423862,NA,NA,NA,"CT",1,361
"Weekly",0.05,"SameTimestamp",1000,"Daily","BIC_ct",943.765956981827,NA,NA,NA,"CT",1,361
"Weekly",0.05,"SameTimestamp",1000,"Daily","error_var_dt",0.148371887641966,0.00663590787740556,0.135349986277369,0.161393789006562,"DT",1,361
"Weekly",0.05,"SameTimestamp",1000,"Daily","beta_dt",0.610261575242996,0.0250758559131002,0.561054243199547,0.659468907286444,"DT",1,361
"Weekly",0.05,"SameTimestamp",1000,"Daily","LogLik_dt",929.950446423847,NA,NA,NA,"DT",1,361
"Weekly",0.05,"SameTimestamp",1000,"Daily","AIC_dt",933.950446423847,NA,NA,NA,"DT",1,361
"Weekly",0.05,"SameTimestamp",1000,"Daily","BIC_dt",943.765956981812,NA,NA,NA,"DT",1,361
"Weekly",0.05,"SameTimestamp",1000,"Weekly","error_var_ct",9.4272200771752,61.3563546444738,-110.974752498721,129.829192653071,"CT",1,361
"Weekly",0.05,"SameTimestamp",1000,"Weekly","beta_ct",-19.5127838175306,126.997743933717,-268.725419915448,229.699852280387,"CT",1,361
"Weekly",0.05,"SameTimestamp",1000,"Weekly","LogLik_ct",1417.26139555133,NA,NA,NA,"CT",1,361
"Weekly",0.05,"SameTimestamp",1000,"Weekly","AIC_ct",1421.26139555133,NA,NA,NA,"CT",1,361
"Weekly",0.05,"SameTimestamp",1000,"Weekly","BIC_ct",1431.07690610929,NA,NA,NA,"CT",1,361
"Weekly",0.05,"SameTimestamp",1000,"Weekly","error_var_dt",0.241564487905688,0.0108030846903217,0.220365172624392,0.262763803186983,"DT",1,361
"Weekly",0.05,"SameTimestamp",1000,"Weekly","beta_dt",-0.00177516904075062,0.0316072683362,-0.063799346935043,0.0602490088535418,"DT",1,361
"Weekly",0.05,"SameTimestamp",1000,"Weekly","LogLik_dt",1417.25824138095,NA,NA,NA,"DT",1,361
"Weekly",0.05,"SameTimestamp",1000,"Weekly","AIC_dt",1421.25824138095,NA,NA,NA,"DT",1,361
"Weekly",0.05,"SameTimestamp",1000,"Weekly","BIC_dt",1431.07375193891,NA,NA,NA,"DT",1,361
"Weekly",0.05,"SameTimestamp",1000,"Monthly","error_var_ct",11.3866932147244,67.3746793247775,-120.825273082434,143.598659511882,"CT",1,361
"Weekly",0.05,"SameTimestamp",1000,"Monthly","beta_ct",-22.3458462135965,132.220929689853,-281.808143847195,237.116451420002,"CT",1,361
"Weekly",0.05,"SameTimestamp",1000,"Monthly","LogLik_ct",1470.53532590268,NA,NA,NA,"CT",1,361
"Weekly",0.05,"SameTimestamp",1000,"Monthly","AIC_ct",1474.53532590268,NA,NA,NA,"CT",1,361
"Weekly",0.05,"SameTimestamp",1000,"Monthly","BIC_ct",1484.35083646065,NA,NA,NA,"CT",1,361
"Weekly",0.05,"SameTimestamp",1000,"Monthly","error_var_dt",0.254607892094361,0.0113864066725241,0.232263901290684,0.276951882898037,"DT",1,361
"Weekly",0.05,"SameTimestamp",1000,"Monthly","beta_dt",-0.0262383051320301,0.031607053174304,-0.0882620608057252,0.035785450541665,"DT",1,361
"Weekly",0.05,"SameTimestamp",1000,"Monthly","LogLik_dt",1469.84644061115,NA,NA,NA,"DT",1,361
"Weekly",0.05,"SameTimestamp",1000,"Monthly","AIC_dt",1473.84644061115,NA,NA,NA,"DT",1,361
"Weekly",0.05,"SameTimestamp",1000,"Monthly","BIC_dt",1483.66195116912,NA,NA,NA,"DT",1,361
"Weekly",0.05,"SameTimestamp",1000,"Daily","error_var_ct",0.220690787870377,0.0123222101126139,0.19651043340424,0.244871142336514,"CT",1,362
"Weekly",0.05,"SameTimestamp",1000,"Daily","beta_ct",-0.470282714919802,0.0395094419191331,-0.547813636859358,-0.392751792980246,"CT",1,362
"Weekly",0.05,"SameTimestamp",1000,"Daily","LogLik_ct",893.428618819142,NA,NA,NA,"CT",1,362
"Weekly",0.05,"SameTimestamp",1000,"Daily","AIC_ct",897.428618819142,NA,NA,NA,"CT",1,362
"Weekly",0.05,"SameTimestamp",1000,"Daily","BIC_ct",907.244129377106,NA,NA,NA,"CT",1,362
"Weekly",0.05,"SameTimestamp",1000,"Daily","error_var_dt",0.143032652726892,0.00639759560384348,0.130478400850146,0.155586904603637,"DT",1,362
"Weekly",0.05,"SameTimestamp",1000,"Daily","beta_dt",0.624825575500774,0.0246865593964727,0.576382175225933,0.673268975775614,"DT",1,362
"Weekly",0.05,"SameTimestamp",1000,"Daily","LogLik_dt",893.428618819136,NA,NA,NA,"DT",1,362
"Weekly",0.05,"SameTimestamp",1000,"Daily","AIC_dt",897.428618819136,NA,NA,NA,"DT",1,362
"Weekly",0.05,"SameTimestamp",1000,"Daily","BIC_dt",907.2441293771,NA,NA,NA,"DT",1,362
"Weekly",0.05,"SameTimestamp",1000,"Weekly","error_var_ct",1.93191616826529,0.74973130995652,0.460689118618428,3.40314321791214,"CT",1,362
"Weekly",0.05,"SameTimestamp",1000,"Weekly","beta_ct",-3.8617781626548,1.4939187626442,-6.79335333417134,-0.930202991138251,"CT",1,362
"Weekly",0.05,"SameTimestamp",1000,"Weekly","LogLik_ct",1451.67219560393,NA,NA,NA,"CT",1,362
"Weekly",0.05,"SameTimestamp",1000,"Weekly","AIC_ct",1455.67219560393,NA,NA,NA,"CT",1,362
"Weekly",0.05,"SameTimestamp",1000,"Weekly","BIC_ct",1465.4877061619,NA,NA,NA,"CT",1,362
"Weekly",0.05,"SameTimestamp",1000,"Weekly","error_var_dt",0.250022343100403,0.011181341534567,0.228080759631054,0.271963926569751,"DT",1,362
"Weekly",0.05,"SameTimestamp",1000,"Weekly","beta_dt",0.0210304850340607,0.0316196435393534,-0.0410179772050127,0.0830789472731342,"DT",1,362
"Weekly",0.05,"SameTimestamp",1000,"Weekly","LogLik_dt",1451.67219560393,NA,NA,NA,"DT",1,362
"Weekly",0.05,"SameTimestamp",1000,"Weekly","AIC_dt",1455.67219560393,NA,NA,NA,"DT",1,362
"Weekly",0.05,"SameTimestamp",1000,"Weekly","BIC_dt",1465.48770616189,NA,NA,NA,"DT",1,362
"Weekly",0.05,"SameTimestamp",1000,"Monthly","error_var_ct",10.2302042200873,46.3287553100494,-80.6825228908667,101.142931331041,"CT",1,362
"Weekly",0.05,"SameTimestamp",1000,"Monthly","beta_ct",-19.8171767842713,89.7426756936286,-195.922736515809,156.288382947266,"CT",1,362
"Weekly",0.05,"SameTimestamp",1000,"Monthly","LogLik_ct",1483.5239273205,NA,NA,NA,"CT",1,362
"Weekly",0.05,"SameTimestamp",1000,"Monthly","AIC_ct",1487.5239273205,NA,NA,NA,"CT",1,362
"Weekly",0.05,"SameTimestamp",1000,"Monthly","BIC_ct",1497.33943787846,NA,NA,NA,"CT",1,362
"Weekly",0.05,"SameTimestamp",1000,"Monthly","error_var_dt",0.258113901958679,0.0115432083099928,0.23546221317386,0.280765590743498,"DT",1,362
"Weekly",0.05,"SameTimestamp",1000,"Monthly","beta_dt",-0.00109248754423761,0.0316562728843513,-0.0632128289785055,0.0610278538900303,"DT",1,362
"Weekly",0.05,"SameTimestamp",1000,"Monthly","LogLik_dt",1483.52273629792,NA,NA,NA,"DT",1,362
"Weekly",0.05,"SameTimestamp",1000,"Monthly","AIC_dt",1487.52273629792,NA,NA,NA,"DT",1,362
"Weekly",0.05,"SameTimestamp",1000,"Monthly","BIC_dt",1497.33824685588,NA,NA,NA,"DT",1,362
"Weekly",0.05,"SameTimestamp",1000,"Daily","error_var_ct",0.252980418479984,0.0142673049716228,0.2249831283561,0.280977708603869,"CT",1,363
"Weekly",0.05,"SameTimestamp",1000,"Daily","beta_ct",-0.492559087525784,0.0409628912243191,-0.572942169838906,-0.412176005212661,"CT",1,363
"Weekly",0.05,"SameTimestamp",1000,"Daily","LogLik_ct",1011.10156870761,NA,NA,NA,"CT",1,363
"Weekly",0.05,"SameTimestamp",1000,"Daily","AIC_ct",1015.10156870761,NA,NA,NA,"CT",1,363
"Weekly",0.05,"SameTimestamp",1000,"Daily","BIC_ct",1024.91707926557,NA,NA,NA,"CT",1,363
"Weekly",0.05,"SameTimestamp",1000,"Daily","error_var_dt",0.160913457454336,0.00719685578357169,0.146790786091162,0.17503612881751,"DT",1,363
"Weekly",0.05,"SameTimestamp",1000,"Daily","beta_dt",0.611060637539758,0.0250310186068076,0.561941291494727,0.66017998358479,"DT",1,363
"Weekly",0.05,"SameTimestamp",1000,"Daily","LogLik_dt",1011.10156870761,NA,NA,NA,"DT",1,363
"Weekly",0.05,"SameTimestamp",1000,"Daily","AIC_dt",1015.10156870761,NA,NA,NA,"DT",1,363
"Weekly",0.05,"SameTimestamp",1000,"Daily","BIC_dt",1024.91707926557,NA,NA,NA,"DT",1,363
"Weekly",0.05,"SameTimestamp",1000,"Weekly","error_var_ct",1.34182560982287,0.219102214992922,0.911872770646634,1.77177844899912,"CT",1,363
"Weekly",0.05,"SameTimestamp",1000,"Weekly","beta_ct",-2.58363782270842,0.418125271783788,-3.40414138421092,-1.76313426120593,"CT",1,363
"Weekly",0.05,"SameTimestamp",1000,"Weekly","LogLik_ct",1483.84643208703,NA,NA,NA,"CT",1,363
"Weekly",0.05,"SameTimestamp",1000,"Weekly","AIC_ct",1487.84643208703,NA,NA,NA,"CT",1,363
"Weekly",0.05,"SameTimestamp",1000,"Weekly","BIC_ct",1497.661942645,NA,NA,NA,"CT",1,363
"Weekly",0.05,"SameTimestamp",1000,"Weekly","error_var_dt",0.258197379825553,0.0115469243568209,0.235538398896817,0.280856360754288,"DT",1,363
"Weekly",0.05,"SameTimestamp",1000,"Weekly","beta_dt",0.0754988272288652,0.0315596091337754,0.0135681728500516,0.137429481607679,"DT",1,363
"Weekly",0.05,"SameTimestamp",1000,"Weekly","LogLik_dt",1483.84643208702,NA,NA,NA,"DT",1,363
"Weekly",0.05,"SameTimestamp",1000,"Weekly","AIC_dt",1487.84643208702,NA,NA,NA,"DT",1,363
"Weekly",0.05,"SameTimestamp",1000,"Weekly","BIC_dt",1497.66194264499,NA,NA,NA,"DT",1,363
"Weekly",0.05,"SameTimestamp",1000,"Monthly","error_var_ct",9.81902714640796,112.147533324431,-210.252460314405,229.890514607221,"CT",1,363
"Weekly",0.05,"SameTimestamp",1000,"Monthly","beta_ct",-20.4379787627885,233.430562561101,-478.50789433573,437.631936810153,"CT",1,363
"Weekly",0.05,"SameTimestamp",1000,"Monthly","LogLik_ct",1411.65656817628,NA,NA,NA,"CT",1,363
"Weekly",0.05,"SameTimestamp",1000,"Monthly","AIC_ct",1415.65656817628,NA,NA,NA,"CT",1,363
"Weekly",0.05,"SameTimestamp",1000,"Monthly","BIC_ct",1425.47207873424,NA,NA,NA,"CT",1,363
"Weekly",0.05,"SameTimestamp",1000,"Monthly","error_var_dt",0.240214055918262,0.0107427074741685,0.219133221207815,0.261294890628709,"DT",1,363
"Weekly",0.05,"SameTimestamp",1000,"Monthly","beta_dt",-0.00208870260025413,0.0316151022943088,-0.0641282533767009,0.0599508481761927,"DT",1,363
"Weekly",0.05,"SameTimestamp",1000,"Monthly","LogLik_dt",1411.65220348424,NA,NA,NA,"DT",1,363
"Weekly",0.05,"SameTimestamp",1000,"Monthly","AIC_dt",1415.65220348424,NA,NA,NA,"DT",1,363
"Weekly",0.05,"SameTimestamp",1000,"Monthly","BIC_dt",1425.4677140422,NA,NA,NA,"DT",1,363
"Weekly",0.05,"SameTimestamp",1000,"Daily","error_var_ct",0.214207730241203,0.0118436787204949,0.190966416627224,0.237449043855182,"CT",1,364
"Weekly",0.05,"SameTimestamp",1000,"Daily","beta_ct",-0.447275688428939,0.0380956421098569,-0.522032255750287,-0.372519121107591,"CT",1,364
"Weekly",0.05,"SameTimestamp",1000,"Daily","LogLik_ct",883.110531701257,NA,NA,NA,"CT",1,364
"Weekly",0.05,"SameTimestamp",1000,"Daily","AIC_ct",887.110531701257,NA,NA,NA,"CT",1,364
"Weekly",0.05,"SameTimestamp",1000,"Daily","BIC_ct",896.926042259222,NA,NA,NA,"CT",1,364
"Weekly",0.05,"SameTimestamp",1000,"Daily","error_var_dt",0.141569891980477,0.00633201600563295,0.129144329512205,0.153995454448749,"DT",1,364
"Weekly",0.05,"SameTimestamp",1000,"Daily","beta_dt",0.639367605531029,0.0243572311769461,0.591570458891784,0.687164752170273,"DT",1,364
"Weekly",0.05,"SameTimestamp",1000,"Daily","LogLik_dt",883.11053170126,NA,NA,NA,"DT",1,364
"Weekly",0.05,"SameTimestamp",1000,"Daily","AIC_dt",887.11053170126,NA,NA,NA,"DT",1,364
"Weekly",0.05,"SameTimestamp",1000,"Daily","BIC_dt",896.926042259224,NA,NA,NA,"DT",1,364
"Weekly",0.05,"SameTimestamp",1000,"Weekly","error_var_ct",1.14087273674485,0.151412760556466,0.843749559369082,1.43799591412061,"CT",1,364
"Weekly",0.05,"SameTimestamp",1000,"Weekly","beta_ct",-2.23678487015921,0.294685035456483,-2.81505683177018,-1.65851290854823,"CT",1,364
"Weekly",0.05,"SameTimestamp",1000,"Weekly","LogLik_ct",1460.01354748914,NA,NA,NA,"CT",1,364
"Weekly",0.05,"SameTimestamp",1000,"Weekly","AIC_ct",1464.01354748914,NA,NA,NA,"CT",1,364
"Weekly",0.05,"SameTimestamp",1000,"Weekly","BIC_ct",1473.8290580471,NA,NA,NA,"CT",1,364
"Weekly",0.05,"SameTimestamp",1000,"Weekly","error_var_dt",0.252116148367274,0.0112749889311462,0.229990796951801,0.274241499782748,"DT",1,364
"Weekly",0.05,"SameTimestamp",1000,"Weekly","beta_dt",0.106801296070778,0.0314613032096286,0.0450635512487943,0.168539040892761,"DT",1,364
"Weekly",0.05,"SameTimestamp",1000,"Weekly","LogLik_dt",1460.01354748912,NA,NA,NA,"DT",1,364
"Weekly",0.05,"SameTimestamp",1000,"Weekly","AIC_dt",1464.01354748912,NA,NA,NA,"DT",1,364
"Weekly",0.05,"SameTimestamp",1000,"Weekly","BIC_dt",1473.82905804709,NA,NA,NA,"DT",1,364
"Weekly",0.05,"SameTimestamp",1000,"Monthly","error_var_ct",10.4210090038096,60.5017905808584,-108.304019112984,129.146037120603,"CT",1,364
"Weekly",0.05,"SameTimestamp",1000,"Monthly","beta_ct",-20.5649939855711,119.393905001953,-254.856319783378,213.726331812236,"CT",1,364
"Weekly",0.05,"SameTimestamp",1000,"Monthly","LogLik_ct",1464.96514968604,NA,NA,NA,"CT",1,364
"Weekly",0.05,"SameTimestamp",1000,"Monthly","AIC_ct",1468.96514968604,NA,NA,NA,"CT",1,364
"Weekly",0.05,"SameTimestamp",1000,"Monthly","BIC_ct",1478.780660244,NA,NA,NA,"CT",1,364
"Weekly",0.05,"SameTimestamp",1000,"Monthly","error_var_dt",0.25336164640113,0.011330671016518,0.23112702785343,0.27559626494883,"DT",1,364
"Weekly",0.05,"SameTimestamp",1000,"Monthly","beta_dt",-0.00504816525801242,0.0316119952944954,-0.0670816190473012,0.0569852885312764,"DT",1,364
"Weekly",0.05,"SameTimestamp",1000,"Monthly","LogLik_dt",1464.93964907403,NA,NA,NA,"DT",1,364
"Weekly",0.05,"SameTimestamp",1000,"Monthly","AIC_dt",1468.93964907403,NA,NA,NA,"DT",1,364
"Weekly",0.05,"SameTimestamp",1000,"Monthly","BIC_dt",1478.75515963199,NA,NA,NA,"DT",1,364
"Weekly",0.05,"SameTimestamp",1000,"Daily","error_var_ct",0.200922491468603,0.0107979439889578,0.179733263986497,0.22211171895071,"CT",1,365
"Weekly",0.05,"SameTimestamp",1000,"Daily","beta_ct",-0.386064440248011,0.0341003915581872,-0.452980971274124,-0.319147909221897,"CT",1,365
"Weekly",0.05,"SameTimestamp",1000,"Daily","LogLik_ct",872.457302309403,NA,NA,NA,"CT",1,365
"Weekly",0.05,"SameTimestamp",1000,"Daily","AIC_ct",876.457302309403,NA,NA,NA,"CT",1,365
"Weekly",0.05,"SameTimestamp",1000,"Daily","BIC_ct",886.272812867367,NA,NA,NA,"CT",1,365
"Weekly",0.05,"SameTimestamp",1000,"Daily","error_var_dt",0.13999035136266,0.00626330095374833,0.127699631126142,0.152281071599177,"DT",1,365
"Weekly",0.05,"SameTimestamp",1000,"Daily","beta_dt",0.679726724825662,0.0231789050424574,0.634241853610083,0.72521159604124,"DT",1,365
"Weekly",0.05,"SameTimestamp",1000,"Daily","LogLik_dt",872.457302309402,NA,NA,NA,"DT",1,365
"Weekly",0.05,"SameTimestamp",1000,"Daily","AIC_dt",876.457302309402,NA,NA,NA,"DT",1,365
"Weekly",0.05,"SameTimestamp",1000,"Daily","BIC_dt",886.272812867367,NA,NA,NA,"DT",1,365
"Weekly",0.05,"SameTimestamp",1000,"Weekly","error_var_ct",1.73973622367228,0.427896167928059,0.900058850811189,2.57941359653337,"CT",1,365
"Weekly",0.05,"SameTimestamp",1000,"Weekly","beta_ct",-3.21254852067601,0.785152053114278,-4.75328307889325,-1.67181396245877,"CT",1,365
"Weekly",0.05,"SameTimestamp",1000,"Weekly","LogLik_ct",1529.77906104625,NA,NA,NA,"CT",1,365
"Weekly",0.05,"SameTimestamp",1000,"Weekly","AIC_ct",1533.77906104625,NA,NA,NA,"CT",1,365
"Weekly",0.05,"SameTimestamp",1000,"Weekly","BIC_ct",1543.59457160421,NA,NA,NA,"CT",1,365
"Weekly",0.05,"SameTimestamp",1000,"Weekly","error_var_dt",0.270333223827662,0.0120897060514773,0.246609121167145,0.29405732648818,"DT",1,365
"Weekly",0.05,"SameTimestamp",1000,"Weekly","beta_dt",0.0402538856979452,0.0316015044434647,-0.021758981484375,0.102266752880265,"DT",1,365
"Weekly",0.05,"SameTimestamp",1000,"Weekly","LogLik_dt",1529.77906104625,NA,NA,NA,"DT",1,365
"Weekly",0.05,"SameTimestamp",1000,"Weekly","AIC_dt",1533.77906104625,NA,NA,NA,"DT",1,365
"Weekly",0.05,"SameTimestamp",1000,"Weekly","BIC_dt",1543.59457160422,NA,NA,NA,"DT",1,365
"Weekly",0.05,"SameTimestamp",1000,"Monthly","error_var_ct",2.03403251200598,0.79791714297045,0.468248519093712,3.59981650491825,"CT",1,365
"Weekly",0.05,"SameTimestamp",1000,"Monthly","beta_ct",-3.86317587625965,1.51063011003173,-6.82754437784802,-0.89880737467129,"CT",1,365
"Weekly",0.05,"SameTimestamp",1000,"Monthly","LogLik_ct",1502.81987888711,NA,NA,NA,"CT",1,365
"Weekly",0.05,"SameTimestamp",1000,"Monthly","AIC_ct",1506.81987888711,NA,NA,NA,"CT",1,365
"Weekly",0.05,"SameTimestamp",1000,"Monthly","BIC_ct",1516.63538944508,NA,NA,NA,"CT",1,365
"Weekly",0.05,"SameTimestamp",1000,"Monthly","error_var_dt",0.263142981927783,0.0117681202842767,0.24004993958608,0.286236024269485,"DT",1,365
"Weekly",0.05,"SameTimestamp",1000,"Monthly","beta_dt",0.0210011128376739,0.0316291453251833,-0.0410659951270712,0.0830682208024189,"DT",1,365
"Weekly",0.05,"SameTimestamp",1000,"Monthly","LogLik_dt",1502.8198788871,NA,NA,NA,"DT",1,365
"Weekly",0.05,"SameTimestamp",1000,"Monthly","AIC_dt",1506.8198788871,NA,NA,NA,"DT",1,365
"Weekly",0.05,"SameTimestamp",1000,"Monthly","BIC_dt",1516.63538944506,NA,NA,NA,"DT",1,365
"Weekly",0.05,"SameTimestamp",1000,"Daily","error_var_ct",0.198425896404211,0.010613528486896,0.17759855466891,0.219253238139511,"CT",1,366
"Weekly",0.05,"SameTimestamp",1000,"Daily","beta_ct",-0.375974669990248,0.0334788548675312,-0.44167153527812,-0.310277804702376,"CT",1,366
"Weekly",0.05,"SameTimestamp",1000,"Daily","LogLik_ct",868.166908208125,NA,NA,NA,"CT",1,366
"Weekly",0.05,"SameTimestamp",1000,"Daily","AIC_ct",872.166908208125,NA,NA,NA,"CT",1,366
"Weekly",0.05,"SameTimestamp",1000,"Daily","BIC_ct",881.982418766089,NA,NA,NA,"CT",1,366
"Weekly",0.05,"SameTimestamp",1000,"Daily","error_var_dt",0.139475719443522,0.00623819833394485,0.127234259058876,0.151717179828168,"DT",1,366
"Weekly",0.05,"SameTimestamp",1000,"Daily","beta_dt",0.686619726195128,0.0229872056629902,0.641511034163648,0.731728418226608,"DT",1,366
"Weekly",0.05,"SameTimestamp",1000,"Daily","LogLik_dt",868.166908208125,NA,NA,NA,"DT",1,366
"Weekly",0.05,"SameTimestamp",1000,"Daily","AIC_dt",872.166908208125,NA,NA,NA,"DT",1,366
"Weekly",0.05,"SameTimestamp",1000,"Daily","BIC_dt",881.982418766089,NA,NA,NA,"DT",1,366
"Weekly",0.05,"SameTimestamp",1000,"Weekly","error_var_ct",2.01782946974227,0.719404956792811,0.606113008087508,3.42954593139704,"CT",1,366
"Weekly",0.05,"SameTimestamp",1000,"Weekly","beta_ct",-3.73318674440195,1.32605608628242,-6.33535842588166,-1.13101506292224,"CT",1,366
"Weekly",0.05,"SameTimestamp",1000,"Weekly","LogLik_ct",1528.91791256501,NA,NA,NA,"CT",1,366
"Weekly",0.05,"SameTimestamp",1000,"Weekly","AIC_ct",1532.91791256501,NA,NA,NA,"CT",1,366
"Weekly",0.05,"SameTimestamp",1000,"Weekly","BIC_ct",1542.73342312297,NA,NA,NA,"CT",1,366
"Weekly",0.05,"SameTimestamp",1000,"Weekly","error_var_dt",0.270101043838984,0.0120792948527115,0.246397371480683,0.293804716197285,"DT",1,366
"Weekly",0.05,"SameTimestamp",1000,"Weekly","beta_dt",0.023916491298552,0.0316394196500079,-0.0381707783753255,0.0860037609724295,"DT",1,366
"Weekly",0.05,"SameTimestamp",1000,"Weekly","LogLik_dt",1528.91791256501,NA,NA,NA,"DT",1,366
"Weekly",0.05,"SameTimestamp",1000,"Weekly","AIC_dt",1532.91791256501,NA,NA,NA,"DT",1,366
"Weekly",0.05,"SameTimestamp",1000,"Weekly","BIC_dt",1542.73342312297,NA,NA,NA,"DT",1,366
"Weekly",0.05,"SameTimestamp",1000,"Monthly","error_var_ct",2.14080045808287,1.48214966402864,-0.767679751274264,5.04928066744001,"CT",1,366
"Weekly",0.05,"SameTimestamp",1000,"Monthly","beta_ct",-4.59385323621427,3.17659277143131,-10.8274053754646,1.63969890303606,"CT",1,366
"Weekly",0.05,"SameTimestamp",1000,"Monthly","LogLik_ct",1381.08844235059,NA,NA,NA,"CT",1,366
"Weekly",0.05,"SameTimestamp",1000,"Monthly","AIC_ct",1385.08844235059,NA,NA,NA,"CT",1,366
"Weekly",0.05,"SameTimestamp",1000,"Monthly","BIC_ct",1394.90395290855,NA,NA,NA,"CT",1,366
"Weekly",0.05,"SameTimestamp",1000,"Monthly","error_var_dt",0.232983272022368,0.0104193344519907,0.212537004831026,0.253429539213711,"DT",1,366
"Weekly",0.05,"SameTimestamp",1000,"Monthly","beta_dt",0.0101137474576904,0.0316117206126416,-0.0519191673126619,0.0721466622280427,"DT",1,366
"Weekly",0.05,"SameTimestamp",1000,"Monthly","LogLik_dt",1381.08844235056,NA,NA,NA,"DT",1,366
"Weekly",0.05,"SameTimestamp",1000,"Monthly","AIC_dt",1385.08844235056,NA,NA,NA,"DT",1,366
"Weekly",0.05,"SameTimestamp",1000,"Monthly","BIC_dt",1394.90395290853,NA,NA,NA,"DT",1,366
"Weekly",0.05,"SameTimestamp",1000,"Daily","error_var_ct",0.223167345227177,0.0123243321534484,0.19898282659738,0.247351863856975,"CT",1,367
"Weekly",0.05,"SameTimestamp",1000,"Daily","beta_ct",-0.445941275987851,0.0379494178082829,-0.520410901647654,-0.371471650328048,"CT",1,367
"Weekly",0.05,"SameTimestamp",1000,"Daily","LogLik_ct",925.152258059101,NA,NA,NA,"CT",1,367
"Weekly",0.05,"SameTimestamp",1000,"Daily","AIC_ct",929.152258059101,NA,NA,NA,"CT",1,367
"Weekly",0.05,"SameTimestamp",1000,"Daily","BIC_ct",938.967768617066,NA,NA,NA,"CT",1,367
"Weekly",0.05,"SameTimestamp",1000,"Daily","error_var_dt",0.147659300640429,0.00660410059670388,0.134699815945808,0.16061878533505,"DT",1,367
"Weekly",0.05,"SameTimestamp",1000,"Daily","beta_dt",0.640221367321646,0.0242960646526704,0.592544250143426,0.687898484499867,"DT",1,367
"Weekly",0.05,"SameTimestamp",1000,"Daily","LogLik_dt",925.152258059102,NA,NA,NA,"DT",1,367
"Weekly",0.05,"SameTimestamp",1000,"Daily","AIC_dt",929.152258059102,NA,NA,NA,"DT",1,367
"Weekly",0.05,"SameTimestamp",1000,"Daily","BIC_dt",938.967768617067,NA,NA,NA,"DT",1,367
"Weekly",0.05,"SameTimestamp",1000,"Weekly","error_var_ct",1.72552750682762,0.512828147956881,0.719184790344009,2.73187022331124,"CT",1,367
"Weekly",0.05,"SameTimestamp",1000,"Weekly","beta_ct",-3.47979642668592,1.02916252723488,-5.499362274401,-1.46023057897084,"CT",1,367
"Weekly",0.05,"SameTimestamp",1000,"Weekly","LogLik_ct",1442.33895101579,NA,NA,NA,"CT",1,367
"Weekly",0.05,"SameTimestamp",1000,"Weekly","AIC_ct",1446.33895101579,NA,NA,NA,"CT",1,367
"Weekly",0.05,"SameTimestamp",1000,"Weekly","BIC_ct",1456.15446157375,NA,NA,NA,"CT",1,367
"Weekly",0.05,"SameTimestamp",1000,"Weekly","error_var_dt",0.24769970697372,0.0110774610637681,0.225961972211955,0.269437441735485,"DT",1,367
"Weekly",0.05,"SameTimestamp",1000,"Weekly","beta_dt",0.0308136236383414,0.0315962659943872,-0.0311889639306311,0.0928162112073139,"DT",1,367
"Weekly",0.05,"SameTimestamp",1000,"Weekly","LogLik_dt",1442.33895101578,NA,NA,NA,"DT",1,367
"Weekly",0.05,"SameTimestamp",1000,"Weekly","AIC_dt",1446.33895101578,NA,NA,NA,"DT",1,367
"Weekly",0.05,"SameTimestamp",1000,"Weekly","BIC_dt",1456.15446157375,NA,NA,NA,"DT",1,367
"Weekly",0.05,"SameTimestamp",1000,"Monthly","error_var_ct",14.1112299775175,71.1577365029806,-125.524377265429,153.746837220464,"CT",1,367
"Weekly",0.05,"SameTimestamp",1000,"Monthly","beta_ct",-26.7379494294486,134.828187387669,-291.316570737258,237.84067187836,"CT",1,367
"Weekly",0.05,"SameTimestamp",1000,"Monthly","LogLik_ct",1505.61692836208,NA,NA,NA,"CT",1,367
"Weekly",0.05,"SameTimestamp",1000,"Monthly","AIC_ct",1509.61692836208,NA,NA,NA,"CT",1,367
"Weekly",0.05,"SameTimestamp",1000,"Monthly","BIC_ct",1519.43243892005,NA,NA,NA,"CT",1,367
"Weekly",0.05,"SameTimestamp",1000,"Monthly","error_var_dt",0.263457122764629,0.0117821560538779,0.240336537483709,0.286577708045549,"DT",1,367
"Weekly",0.05,"SameTimestamp",1000,"Monthly","beta_dt",-0.0400470360604029,0.0316031933324704,-0.102063217415622,0.0219691452948162,"DT",1,367
"Weekly",0.05,"SameTimestamp",1000,"Monthly","LogLik_dt",1504.01245720895,NA,NA,NA,"DT",1,367
"Weekly",0.05,"SameTimestamp",1000,"Monthly","AIC_dt",1508.01245720895,NA,NA,NA,"DT",1,367
"Weekly",0.05,"SameTimestamp",1000,"Monthly","BIC_dt",1517.82796776691,NA,NA,NA,"DT",1,367
"Weekly",0.05,"SameTimestamp",1000,"Daily","error_var_ct",0.2122966891538,0.0120619801580204,0.188626994097564,0.235966384210036,"CT",1,368
"Weekly",0.05,"SameTimestamp",1000,"Daily","beta_ct",-0.50854860374201,0.0420069973869482,-0.590980576382592,-0.426116631101429,"CT",1,368
"Weekly",0.05,"SameTimestamp",1000,"Daily","LogLik_ct",822.814403444517,NA,NA,NA,"CT",1,368
"Weekly",0.05,"SameTimestamp",1000,"Daily","AIC_ct",826.814403444517,NA,NA,NA,"CT",1,368
"Weekly",0.05,"SameTimestamp",1000,"Daily","BIC_ct",836.629914002481,NA,NA,NA,"CT",1,368
"Weekly",0.05,"SameTimestamp",1000,"Daily","error_var_dt",0.133242955058427,0.0059607322340025,0.121545977245302,0.144939932871552,"DT",1,368
"Weekly",0.05,"SameTimestamp",1000,"Daily","beta_dt",0.601367772545505,0.0252616939764372,0.551795763207665,0.650939781883344,"DT",1,368
"Weekly",0.05,"SameTimestamp",1000,"Daily","LogLik_dt",822.814403444517,NA,NA,NA,"DT",1,368
"Weekly",0.05,"SameTimestamp",1000,"Daily","AIC_dt",826.814403444517,NA,NA,NA,"DT",1,368
"Weekly",0.05,"SameTimestamp",1000,"Daily","BIC_dt",836.629914002481,NA,NA,NA,"DT",1,368
"Weekly",0.05,"SameTimestamp",1000,"Weekly","error_var_ct",1.88816500899156,0.617119075687511,0.677168129246491,3.09916188873664,"CT",1,368
"Weekly",0.05,"SameTimestamp",1000,"Weekly","beta_ct",-3.61549713444364,1.17667980746124,-5.92454190624413,-1.30645236264314,"CT",1,368
"Weekly",0.05,"SameTimestamp",1000,"Weekly","LogLik_ct",1494.38246259874,NA,NA,NA,"CT",1,368
"Weekly",0.05,"SameTimestamp",1000,"Weekly","AIC_ct",1498.38246259874,NA,NA,NA,"CT",1,368
"Weekly",0.05,"SameTimestamp",1000,"Weekly","BIC_ct",1508.19797315671,NA,NA,NA,"CT",1,368
"Weekly",0.05,"SameTimestamp",1000,"Weekly","error_var_dt",0.260932065025588,0.0116692357998496,0.238033067572164,0.283831062479011,"DT",1,368
"Weekly",0.05,"SameTimestamp",1000,"Weekly","beta_dt",0.0269035734853796,0.0316097441326802,-0.0351254627611019,0.0889326097318612,"DT",1,368
"Weekly",0.05,"SameTimestamp",1000,"Weekly","LogLik_dt",1494.38246259874,NA,NA,NA,"DT",1,368
"Weekly",0.05,"SameTimestamp",1000,"Weekly","AIC_dt",1498.38246259874,NA,NA,NA,"DT",1,368
"Weekly",0.05,"SameTimestamp",1000,"Weekly","BIC_dt",1508.19797315671,NA,NA,NA,"DT",1,368
"Weekly",0.05,"SameTimestamp",1000,"Monthly","error_var_ct",10.4589343883918,74.480292226394,-135.696653798832,156.614522575616,"CT",1,368
"Weekly",0.05,"SameTimestamp",1000,"Monthly","beta_ct",-20.8051918299671,148.157287797947,-311.540027785125,269.92964412519,"CT",1,368
"Weekly",0.05,"SameTimestamp",1000,"Monthly","LogLik_ct",1456.98584151534,NA,NA,NA,"CT",1,368
"Weekly",0.05,"SameTimestamp",1000,"Monthly","AIC_ct",1460.98584151534,NA,NA,NA,"CT",1,368
"Weekly",0.05,"SameTimestamp",1000,"Monthly","BIC_ct",1470.80135207331,NA,NA,NA,"CT",1,368
"Weekly",0.05,"SameTimestamp",1000,"Monthly","error_var_dt",0.251332391581233,0.0112399290378127,0.229275839564618,0.273388943597849,"DT",1,368
"Weekly",0.05,"SameTimestamp",1000,"Monthly","beta_dt",-0.00936588944944078,0.0316281944993633,-0.0714311315715202,0.0526993526726386,"DT",1,368
"Weekly",0.05,"SameTimestamp",1000,"Monthly","LogLik_dt",1456.89815507947,NA,NA,NA,"DT",1,368
"Weekly",0.05,"SameTimestamp",1000,"Monthly","AIC_dt",1460.89815507947,NA,NA,NA,"DT",1,368
"Weekly",0.05,"SameTimestamp",1000,"Monthly","BIC_dt",1470.71366563743,NA,NA,NA,"DT",1,368
"Weekly",0.05,"SameTimestamp",1000,"Daily","error_var_ct",0.197596599865064,0.0105840261921169,0.176827151635782,0.218366048094345,"CT",1,369
"Weekly",0.05,"SameTimestamp",1000,"Daily","beta_ct",-0.379071261367821,0.0336729268581349,-0.445148961707349,-0.312993561028294,"CT",1,369
"Weekly",0.05,"SameTimestamp",1000,"Daily","LogLik_ct",861.278859842744,NA,NA,NA,"CT",1,369
"Weekly",0.05,"SameTimestamp",1000,"Daily","AIC_ct",865.278859842744,NA,NA,NA,"CT",1,369
"Weekly",0.05,"SameTimestamp",1000,"Daily","BIC_ct",875.094370400708,NA,NA,NA,"CT",1,369
"Weekly",0.05,"SameTimestamp",1000,"Daily","error_var_dt",0.138516841534664,0.00619534866374375,0.126359466732454,0.150674216336874,"DT",1,369
"Weekly",0.05,"SameTimestamp",1000,"Daily","beta_dt",0.684496842096431,0.0230490894305794,0.639266713129342,0.72972697106352,"DT",1,369
"Weekly",0.05,"SameTimestamp",1000,"Daily","LogLik_dt",861.27885984275,NA,NA,NA,"DT",1,369
"Weekly",0.05,"SameTimestamp",1000,"Daily","AIC_dt",865.27885984275,NA,NA,NA,"DT",1,369
"Weekly",0.05,"SameTimestamp",1000,"Daily","BIC_dt",875.094370400715,NA,NA,NA,"DT",1,369
"Weekly",0.05,"SameTimestamp",1000,"Weekly","error_var_ct",1.67528650175364,0.44398234074531,0.804042603312332,2.54653040019495,"CT",1,369
"Weekly",0.05,"SameTimestamp",1000,"Weekly","beta_ct",-3.32442024417536,0.876064993063629,-5.04355681740803,-1.60528367094268,"CT",1,369
"Weekly",0.05,"SameTimestamp",1000,"Weekly","LogLik_ct",1458.12245446472,NA,NA,NA,"CT",1,369
"Weekly",0.05,"SameTimestamp",1000,"Weekly","AIC_ct",1462.12245446472,NA,NA,NA,"CT",1,369
"Weekly",0.05,"SameTimestamp",1000,"Weekly","BIC_ct",1471.93796502269,NA,NA,NA,"CT",1,369
"Weekly",0.05,"SameTimestamp",1000,"Weekly","error_var_dt",0.251640287772804,0.0112537035101465,0.22955670557081,0.273723869974798,"DT",1,369
"Weekly",0.05,"SameTimestamp",1000,"Weekly","beta_dt",0.0359933709480667,0.0316529013949848,-0.0261203544808567,0.0981070963769901,"DT",1,369
"Weekly",0.05,"SameTimestamp",1000,"Weekly","LogLik_dt",1458.12245446473,NA,NA,NA,"DT",1,369
"Weekly",0.05,"SameTimestamp",1000,"Weekly","AIC_dt",1462.12245446473,NA,NA,NA,"DT",1,369
"Weekly",0.05,"SameTimestamp",1000,"Weekly","BIC_dt",1471.93796502269,NA,NA,NA,"DT",1,369
"Weekly",0.05,"SameTimestamp",1000,"Monthly","error_var_ct",1.60477796417596,0.458826610292157,0.70440457547655,2.50515135287537,"CT",1,369
"Weekly",0.05,"SameTimestamp",1000,"Monthly","beta_ct",-3.43262747078073,0.976410997607275,-5.34867693033419,-1.51657801122728,"CT",1,369
"Weekly",0.05,"SameTimestamp",1000,"Monthly","LogLik_ct",1383.34545668009,NA,NA,NA,"CT",1,369
"Weekly",0.05,"SameTimestamp",1000,"Monthly","AIC_ct",1387.34545668009,NA,NA,NA,"CT",1,369
"Weekly",0.05,"SameTimestamp",1000,"Monthly","BIC_ct",1397.16096723805,NA,NA,NA,"CT",1,369
"Weekly",0.05,"SameTimestamp",1000,"Monthly","error_var_dt",0.233509706173184,0.0104428718925708,0.213017250542329,0.25400216180404,"DT",1,369
"Weekly",0.05,"SameTimestamp",1000,"Monthly","beta_dt",0.0323020042698627,0.0315992911088812,-0.0297065195995054,0.0943105281392308,"DT",1,369
"Weekly",0.05,"SameTimestamp",1000,"Monthly","LogLik_dt",1383.34545668008,NA,NA,NA,"DT",1,369
"Weekly",0.05,"SameTimestamp",1000,"Monthly","AIC_dt",1387.34545668008,NA,NA,NA,"DT",1,369
"Weekly",0.05,"SameTimestamp",1000,"Monthly","BIC_dt",1397.16096723805,NA,NA,NA,"DT",1,369
"Weekly",0.05,"SameTimestamp",1000,"Daily","error_var_ct",0.217514559215704,0.0120222098911431,0.193922906908416,0.241106211522992,"CT",1,370
"Weekly",0.05,"SameTimestamp",1000,"Daily","beta_ct",-0.447695499346184,0.0380666293056279,-0.52239513370795,-0.372995864984419,"CT",1,370
"Weekly",0.05,"SameTimestamp",1000,"Daily","LogLik_ct",897.999902148692,NA,NA,NA,"CT",1,370
"Weekly",0.05,"SameTimestamp",1000,"Daily","AIC_ct",901.999902148692,NA,NA,NA,"CT",1,370
"Weekly",0.05,"SameTimestamp",1000,"Daily","BIC_ct",911.815412706656,NA,NA,NA,"CT",1,370
"Weekly",0.05,"SameTimestamp",1000,"Daily","error_var_dt",0.143703917835697,0.00642719525624353,0.131091581404268,0.156316254267126,"DT",1,370
"Weekly",0.05,"SameTimestamp",1000,"Daily","beta_dt",0.639099254143585,0.0243286653462587,0.591358163350274,0.686840344936896,"DT",1,370
"Weekly",0.05,"SameTimestamp",1000,"Daily","LogLik_dt",897.999902148694,NA,NA,NA,"DT",1,370
"Weekly",0.05,"SameTimestamp",1000,"Daily","AIC_dt",901.999902148694,NA,NA,NA,"DT",1,370
"Weekly",0.05,"SameTimestamp",1000,"Daily","BIC_dt",911.815412706658,NA,NA,NA,"DT",1,370
"Weekly",0.05,"SameTimestamp",1000,"Weekly","error_var_ct",1.78488519871993,0.749264943872947,0.314573317464839,3.25519707997502,"CT",1,370
"Weekly",0.05,"SameTimestamp",1000,"Weekly","beta_ct",-3.95546293783718,1.6557130027409,-7.20453326974809,-0.70639260592626,"CT",1,370
"Weekly",0.05,"SameTimestamp",1000,"Weekly","LogLik_ct",1348.61933266974,NA,NA,NA,"CT",1,370
"Weekly",0.05,"SameTimestamp",1000,"Weekly","AIC_ct",1352.61933266974,NA,NA,NA,"CT",1,370
"Weekly",0.05,"SameTimestamp",1000,"Weekly","BIC_ct",1362.43484322771,NA,NA,NA,"CT",1,370
"Weekly",0.05,"SameTimestamp",1000,"Weekly","error_var_dt",0.22554000494949,0.0100864511223834,0.205746967725192,0.245333042173789,"DT",1,370
"Weekly",0.05,"SameTimestamp",1000,"Weekly","beta_dt",0.0191496843352969,0.0316101037102513,-0.042880057524305,0.0811794261948988,"DT",1,370
"Weekly",0.05,"SameTimestamp",1000,"Weekly","LogLik_dt",1348.6193326697,NA,NA,NA,"DT",1,370
"Weekly",0.05,"SameTimestamp",1000,"Weekly","AIC_dt",1352.6193326697,NA,NA,NA,"DT",1,370
"Weekly",0.05,"SameTimestamp",1000,"Weekly","BIC_dt",1362.43484322767,NA,NA,NA,"DT",1,370
"Weekly",0.05,"SameTimestamp",1000,"Monthly","error_var_ct",1.6751834281243,0.557376137010735,0.581422451748079,2.76894440450052,"CT",1,370
"Weekly",0.05,"SameTimestamp",1000,"Monthly","beta_ct",-3.64422604638144,1.20758928295155,-6.01392568990441,-1.27452640285847,"CT",1,370
"Weekly",0.05,"SameTimestamp",1000,"Monthly","LogLik_ct",1366.82517150674,NA,NA,NA,"CT",1,370
"Weekly",0.05,"SameTimestamp",1000,"Monthly","AIC_ct",1370.82517150674,NA,NA,NA,"CT",1,370
"Weekly",0.05,"SameTimestamp",1000,"Monthly","BIC_ct",1380.6406820647,NA,NA,NA,"CT",1,370
"Weekly",0.05,"SameTimestamp",1000,"Monthly","error_var_dt",0.229683755276486,0.0102717676657176,0.20952706415688,0.249840446396093,"DT",1,370
"Weekly",0.05,"SameTimestamp",1000,"Monthly","beta_dt",0.0261417943551464,0.031605519205724,-0.0358789511520554,0.0881625398623482,"DT",1,370
"Weekly",0.05,"SameTimestamp",1000,"Monthly","LogLik_dt",1366.82517150668,NA,NA,NA,"DT",1,370
"Weekly",0.05,"SameTimestamp",1000,"Monthly","AIC_dt",1370.82517150668,NA,NA,NA,"DT",1,370
"Weekly",0.05,"SameTimestamp",1000,"Monthly","BIC_dt",1380.64068206464,NA,NA,NA,"DT",1,370
"Weekly",0.05,"SameTimestamp",1000,"Daily","error_var_ct",0.20481825678845,0.0110536017339214,0.183127342122085,0.226509171454814,"CT",1,371
"Weekly",0.05,"SameTimestamp",1000,"Daily","beta_ct",-0.395524494545435,0.0347120430930244,-0.463641293282207,-0.327407695808663,"CT",1,371
"Weekly",0.05,"SameTimestamp",1000,"Daily","LogLik_ct",882.92384154247,NA,NA,NA,"CT",1,371
"Weekly",0.05,"SameTimestamp",1000,"Daily","AIC_ct",886.92384154247,NA,NA,NA,"CT",1,371
"Weekly",0.05,"SameTimestamp",1000,"Daily","BIC_ct",896.739352100434,NA,NA,NA,"CT",1,371
"Weekly",0.05,"SameTimestamp",1000,"Daily","error_var_dt",0.141533605231955,0.00633062830984269,0.129110765893364,0.153956444570545,"DT",1,371
"Weekly",0.05,"SameTimestamp",1000,"Daily","beta_dt",0.67332679365304,0.0233727501938865,0.627461532521184,0.719192054784897,"DT",1,371
"Weekly",0.05,"SameTimestamp",1000,"Daily","LogLik_dt",882.923841542472,NA,NA,NA,"DT",1,371
"Weekly",0.05,"SameTimestamp",1000,"Daily","AIC_dt",886.923841542472,NA,NA,NA,"DT",1,371
"Weekly",0.05,"SameTimestamp",1000,"Daily","BIC_dt",896.739352100436,NA,NA,NA,"DT",1,371
"Weekly",0.05,"SameTimestamp",1000,"Weekly","error_var_ct",1.47054672953594,0.280401805725403,0.920303307826683,2.02079015124519,"CT",1,371
"Weekly",0.05,"SameTimestamp",1000,"Weekly","beta_ct",-2.82984623452563,0.5351014999487,-3.8798968200838,-1.77979564896747,"CT",1,371
"Weekly",0.05,"SameTimestamp",1000,"Weekly","LogLik_ct",1486.65298084801,NA,NA,NA,"CT",1,371
"Weekly",0.05,"SameTimestamp",1000,"Weekly","AIC_ct",1490.65298084801,NA,NA,NA,"CT",1,371
"Weekly",0.05,"SameTimestamp",1000,"Weekly","BIC_ct",1500.46849140597,NA,NA,NA,"CT",1,371
"Weekly",0.05,"SameTimestamp",1000,"Weekly","error_var_dt",0.258922889844505,0.011579402581664,0.236200175625884,0.281645604063126,"DT",1,371
"Weekly",0.05,"SameTimestamp",1000,"Weekly","beta_dt",0.0590219022341285,0.0315569824906517,-0.00290359778023194,0.120947402248489,"DT",1,371
"Weekly",0.05,"SameTimestamp",1000,"Weekly","LogLik_dt",1486.652980848,NA,NA,NA,"DT",1,371
"Weekly",0.05,"SameTimestamp",1000,"Weekly","AIC_dt",1490.652980848,NA,NA,NA,"DT",1,371
"Weekly",0.05,"SameTimestamp",1000,"Weekly","BIC_dt",1500.46849140597,NA,NA,NA,"DT",1,371
"Weekly",0.05,"SameTimestamp",1000,"Monthly","error_var_ct",10.5764912652947,63.8520162575317,-114.722815626423,135.875798157012,"CT",1,371
"Weekly",0.05,"SameTimestamp",1000,"Monthly","beta_ct",-21.018254166912,126.890014621377,-270.019488825074,227.98298049125,"CT",1,371
"Weekly",0.05,"SameTimestamp",1000,"Monthly","LogLik_ct",1457.97166159066,NA,NA,NA,"CT",1,371
"Weekly",0.05,"SameTimestamp",1000,"Monthly","AIC_ct",1461.97166159066,NA,NA,NA,"CT",1,371
"Weekly",0.05,"SameTimestamp",1000,"Monthly","BIC_ct",1471.78717214863,NA,NA,NA,"CT",1,371
"Weekly",0.05,"SameTimestamp",1000,"Monthly","error_var_dt",0.251598490409518,0.0112518148596751,0.229518614380154,0.273678366438881,"DT",1,371
"Weekly",0.05,"SameTimestamp",1000,"Monthly","beta_dt",-0.00392020085141011,0.0316120180446454,-0.0659536992842074,0.0581132975813872,"DT",1,371
"Weekly",0.05,"SameTimestamp",1000,"Monthly","LogLik_dt",1457.95628345102,NA,NA,NA,"DT",1,371
"Weekly",0.05,"SameTimestamp",1000,"Monthly","AIC_dt",1461.95628345102,NA,NA,NA,"DT",1,371
"Weekly",0.05,"SameTimestamp",1000,"Monthly","BIC_dt",1471.77179400899,NA,NA,NA,"DT",1,371
"Weekly",0.05,"SameTimestamp",1000,"Daily","error_var_ct",0.218569730926605,0.0118361518620172,0.195343187561172,0.241796274292037,"CT",1,372
"Weekly",0.05,"SameTimestamp",1000,"Daily","beta_ct",-0.401547356391667,0.0351759075408174,-0.470574414462549,-0.332520298320784,"CT",1,372
"Weekly",0.05,"SameTimestamp",1000,"Daily","LogLik_ct",942.5562717052,NA,NA,NA,"CT",1,372
"Weekly",0.05,"SameTimestamp",1000,"Daily","AIC_ct",946.5562717052,NA,NA,NA,"CT",1,372
"Weekly",0.05,"SameTimestamp",1000,"Daily","BIC_ct",956.371782263164,NA,NA,NA,"CT",1,372
"Weekly",0.05,"SameTimestamp",1000,"Daily","error_var_dt",0.150248177316109,0.00671997835768471,0.137061301162517,0.163435053469702,"DT",1,372
"Weekly",0.05,"SameTimestamp",1000,"Daily","beta_dt",0.669283848757787,0.0235424158719544,0.623085646035183,0.715482051480391,"DT",1,372
"Weekly",0.05,"SameTimestamp",1000,"Daily","LogLik_dt",942.556271705065,NA,NA,NA,"DT",1,372
"Weekly",0.05,"SameTimestamp",1000,"Daily","AIC_dt",946.556271705065,NA,NA,NA,"DT",1,372
"Weekly",0.05,"SameTimestamp",1000,"Daily","BIC_dt",956.371782263029,NA,NA,NA,"DT",1,372
"Weekly",0.05,"SameTimestamp",1000,"Weekly","error_var_ct",1.71928751455709,0.578069850906401,0.584918454675962,2.85365657443821,"CT",1,372
"Weekly",0.05,"SameTimestamp",1000,"Weekly","beta_ct",-3.6546418837227,1.22379338249758,-6.05613946505443,-1.25314430239096,"CT",1,372
"Weekly",0.05,"SameTimestamp",1000,"Weekly","LogLik_ct",1389.97227417172,NA,NA,NA,"CT",1,372
"Weekly",0.05,"SameTimestamp",1000,"Weekly","AIC_ct",1393.97227417172,NA,NA,NA,"CT",1,372
"Weekly",0.05,"SameTimestamp",1000,"Weekly","BIC_ct",1403.78778472968,NA,NA,NA,"CT",1,372
"Weekly",0.05,"SameTimestamp",1000,"Weekly","error_var_dt",0.235062270624596,0.0105123088874714,0.214433556064992,0.2556909851842,"DT",1,372
"Weekly",0.05,"SameTimestamp",1000,"Weekly","beta_dt",0.0258707449980349,0.0316089322590709,-0.0361566980771344,0.0878981880732043,"DT",1,372
"Weekly",0.05,"SameTimestamp",1000,"Weekly","LogLik_dt",1389.97227417171,NA,NA,NA,"DT",1,372
"Weekly",0.05,"SameTimestamp",1000,"Weekly","AIC_dt",1393.97227417171,NA,NA,NA,"DT",1,372
"Weekly",0.05,"SameTimestamp",1000,"Weekly","BIC_dt",1403.78778472968,NA,NA,NA,"DT",1,372
"Weekly",0.05,"SameTimestamp",1000,"Monthly","error_var_ct",1.99843475041066,0.765867767531458,0.495542499438409,3.50132700138292,"CT",1,372
"Weekly",0.05,"SameTimestamp",1000,"Monthly","beta_ct",-3.83855572894983,1.46622197822368,-6.71578041798476,-0.961331039914906,"CT",1,372
"Weekly",0.05,"SameTimestamp",1000,"Monthly","LogLik_ct",1491.53495391591,NA,NA,NA,"CT",1,372
"Weekly",0.05,"SameTimestamp",1000,"Monthly","AIC_ct",1495.53495391591,NA,NA,NA,"CT",1,372
"Weekly",0.05,"SameTimestamp",1000,"Monthly","BIC_ct",1505.35046447387,NA,NA,NA,"CT",1,372
"Weekly",0.05,"SameTimestamp",1000,"Monthly","error_var_dt",0.260190266274192,0.0116360432488556,0.237356403860776,0.283024128687608,"DT",1,372
"Weekly",0.05,"SameTimestamp",1000,"Monthly","beta_dt",0.0215247189002937,0.0316006499222826,-0.0404864714217155,0.0835359092223029,"DT",1,372
"Weekly",0.05,"SameTimestamp",1000,"Monthly","LogLik_dt",1491.53495391582,NA,NA,NA,"DT",1,372
"Weekly",0.05,"SameTimestamp",1000,"Monthly","AIC_dt",1495.53495391582,NA,NA,NA,"DT",1,372
"Weekly",0.05,"SameTimestamp",1000,"Monthly","BIC_dt",1505.35046447378,NA,NA,NA,"DT",1,372
"Weekly",0.05,"SameTimestamp",1000,"Daily","error_var_ct",0.228568278772782,0.0129352818324526,0.203184869711456,0.253951687834108,"CT",1,373
"Weekly",0.05,"SameTimestamp",1000,"Daily","beta_ct",-0.500222168658281,0.0414509098350074,-0.581562908963328,-0.418881428353234,"CT",1,373
"Weekly",0.05,"SameTimestamp",1000,"Daily","LogLik_ct",903.413669100067,NA,NA,NA,"CT",1,373
"Weekly",0.05,"SameTimestamp",1000,"Daily","AIC_ct",907.413669100067,NA,NA,NA,"CT",1,373
"Weekly",0.05,"SameTimestamp",1000,"Daily","BIC_ct",917.229179658032,NA,NA,NA,"CT",1,373
"Weekly",0.05,"SameTimestamp",1000,"Daily","error_var_dt",0.144455874618088,0.00646159812496997,0.131776028092864,0.157135721143311,"DT",1,373
"Weekly",0.05,"SameTimestamp",1000,"Daily","beta_dt",0.606395931654903,0.0251356291111698,0.557071304328897,0.65572055898091,"DT",1,373
"Weekly",0.05,"SameTimestamp",1000,"Daily","LogLik_dt",903.413669100067,NA,NA,NA,"DT",1,373
"Weekly",0.05,"SameTimestamp",1000,"Daily","AIC_dt",907.413669100067,NA,NA,NA,"DT",1,373
"Weekly",0.05,"SameTimestamp",1000,"Daily","BIC_dt",917.229179658031,NA,NA,NA,"DT",1,373
"Weekly",0.05,"SameTimestamp",1000,"Weekly","error_var_ct",1.39504969747566,0.240738730523241,0.922638678301366,1.86746071664995,"CT",1,373
"Weekly",0.05,"SameTimestamp",1000,"Weekly","beta_ct",-2.67206052834788,0.457035973011659,-3.56892007953218,-1.77520097716358,"CT",1,373
"Weekly",0.05,"SameTimestamp",1000,"Weekly","LogLik_ct",1490.02471987896,NA,NA,NA,"CT",1,373
"Weekly",0.05,"SameTimestamp",1000,"Weekly","AIC_ct",1494.02471987896,NA,NA,NA,"CT",1,373
"Weekly",0.05,"SameTimestamp",1000,"Weekly","BIC_ct",1503.84023043692,NA,NA,NA,"CT",1,373
"Weekly",0.05,"SameTimestamp",1000,"Weekly","error_var_dt",0.259797029070505,0.0116185267883155,0.236997539892165,0.282596518248845,"DT",1,373
"Weekly",0.05,"SameTimestamp",1000,"Weekly","beta_dt",0.0691096963166266,0.031559451504077,0.00717935126073056,0.131040041372523,"DT",1,373
"Weekly",0.05,"SameTimestamp",1000,"Weekly","LogLik_dt",1490.02471987896,NA,NA,NA,"DT",1,373
"Weekly",0.05,"SameTimestamp",1000,"Weekly","AIC_dt",1494.02471987896,NA,NA,NA,"DT",1,373
"Weekly",0.05,"SameTimestamp",1000,"Weekly","BIC_dt",1503.84023043693,NA,NA,NA,"DT",1,373
"Weekly",0.05,"SameTimestamp",1000,"Monthly","error_var_ct",2.1846500203443,1.24048491460843,-0.249602006767435,4.61890204745604,"CT",1,373
"Weekly",0.05,"SameTimestamp",1000,"Monthly","beta_ct",-4.37016255086872,2.47743985544038,-9.23173959959631,0.491414497858863,"CT",1,373
"Weekly",0.05,"SameTimestamp",1000,"Monthly","LogLik_ct",1451.22538612978,NA,NA,NA,"CT",1,373
"Weekly",0.05,"SameTimestamp",1000,"Monthly","AIC_ct",1455.22538612978,NA,NA,NA,"CT",1,373
"Weekly",0.05,"SameTimestamp",1000,"Monthly","BIC_ct",1465.04089668774,NA,NA,NA,"CT",1,373
"Weekly",0.05,"SameTimestamp",1000,"Monthly","error_var_dt",0.249910665963227,0.0111763375922516,0.227978901925442,0.271842430001012,"DT",1,373
"Weekly",0.05,"SameTimestamp",1000,"Monthly","beta_dt",0.0126491483476358,0.0316126223473034,-0.0493855359318839,0.0746838326271554,"DT",1,373
"Weekly",0.05,"SameTimestamp",1000,"Monthly","LogLik_dt",1451.22538612978,NA,NA,NA,"DT",1,373
"Weekly",0.05,"SameTimestamp",1000,"Monthly","AIC_dt",1455.22538612978,NA,NA,NA,"DT",1,373
"Weekly",0.05,"SameTimestamp",1000,"Monthly","BIC_dt",1465.04089668774,NA,NA,NA,"DT",1,373
"Weekly",0.05,"SameTimestamp",1000,"Daily","error_var_ct",0.21864893849645,0.0120072173214669,0.19508670669456,0.24221117029834,"CT",1,374
"Weekly",0.05,"SameTimestamp",1000,"Daily","beta_ct",-0.433470565822272,0.0371497378182211,-0.506370948185422,-0.360570183459121,"CT",1,374
"Weekly",0.05,"SameTimestamp",1000,"Daily","LogLik_ct",915.437698349446,NA,NA,NA,"CT",1,374
"Weekly",0.05,"SameTimestamp",1000,"Daily","AIC_ct",919.437698349446,NA,NA,NA,"CT",1,374
"Weekly",0.05,"SameTimestamp",1000,"Daily","BIC_ct",929.25320890741,NA,NA,NA,"CT",1,374
"Weekly",0.05,"SameTimestamp",1000,"Daily","error_var_dt",0.146220979599289,0.00654005274850077,0.13338717850024,0.159054780698338,"DT",1,374
"Weekly",0.05,"SameTimestamp",1000,"Daily","beta_dt",0.648255362139467,0.0240822412891054,0.600997838903965,0.69551288537497,"DT",1,374
"Weekly",0.05,"SameTimestamp",1000,"Daily","LogLik_dt",915.437698349451,NA,NA,NA,"DT",1,374
"Weekly",0.05,"SameTimestamp",1000,"Daily","AIC_dt",919.437698349451,NA,NA,NA,"DT",1,374
"Weekly",0.05,"SameTimestamp",1000,"Daily","BIC_dt",929.253208907415,NA,NA,NA,"DT",1,374
"Weekly",0.05,"SameTimestamp",1000,"Weekly","error_var_ct",1.98695661413632,0.766459182230662,0.482903806986839,3.49100942128579,"CT",1,374
"Weekly",0.05,"SameTimestamp",1000,"Weekly","beta_ct",-3.84696461989345,1.47910481017916,-6.74946979354633,-0.944459446240559,"CT",1,374
"Weekly",0.05,"SameTimestamp",1000,"Weekly","LogLik_ct",1483.59377473985,NA,NA,NA,"CT",1,374
"Weekly",0.05,"SameTimestamp",1000,"Weekly","AIC_ct",1487.59377473985,NA,NA,NA,"CT",1,374
"Weekly",0.05,"SameTimestamp",1000,"Weekly","BIC_ct",1497.40928529781,NA,NA,NA,"CT",1,374
"Weekly",0.05,"SameTimestamp",1000,"Weekly","error_var_dt",0.258132217046737,0.0115440292399675,0.235478917318946,0.280785516774528,"DT",1,374
"Weekly",0.05,"SameTimestamp",1000,"Weekly","beta_dt",0.0213444124533569,0.0316028218255661,-0.0406710398793452,0.0833598647860591,"DT",1,374
"Weekly",0.05,"SameTimestamp",1000,"Weekly","LogLik_dt",1483.59377473983,NA,NA,NA,"DT",1,374
"Weekly",0.05,"SameTimestamp",1000,"Weekly","AIC_dt",1487.59377473983,NA,NA,NA,"DT",1,374
"Weekly",0.05,"SameTimestamp",1000,"Weekly","BIC_dt",1497.40928529779,NA,NA,NA,"DT",1,374
"Weekly",0.05,"SameTimestamp",1000,"Monthly","error_var_ct",10.9116327798502,515.999503133023,-1001.65435790509,1023.47762346479,"CT",1,374
"Weekly",0.05,"SameTimestamp",1000,"Monthly","beta_ct",-21.1349939634663,999.4618041397,-1982.41795202007,1940.14796409314,"CT",1,374
"Weekly",0.05,"SameTimestamp",1000,"Monthly","LogLik_ct",1483.63118153026,NA,NA,NA,"CT",1,374
"Weekly",0.05,"SameTimestamp",1000,"Monthly","AIC_ct",1487.63118153026,NA,NA,NA,"CT",1,374
"Weekly",0.05,"SameTimestamp",1000,"Monthly","BIC_ct",1497.44669208823,NA,NA,NA,"CT",1,374
"Weekly",0.05,"SameTimestamp",1000,"Monthly","error_var_dt",0.258108554377796,0.0115429799140091,0.235457313783341,0.28075979497225,"DT",1,374
"Weekly",0.05,"SameTimestamp",1000,"Monthly","beta_dt",-0.011358985222179,0.031609508275342,-0.0733875586365883,0.0506695881922302,"DT",1,374
"Weekly",0.05,"SameTimestamp",1000,"Monthly","LogLik_dt",1483.50205332576,NA,NA,NA,"DT",1,374
"Weekly",0.05,"SameTimestamp",1000,"Monthly","AIC_dt",1487.50205332576,NA,NA,NA,"DT",1,374
"Weekly",0.05,"SameTimestamp",1000,"Monthly","BIC_dt",1497.31756388372,NA,NA,NA,"DT",1,374
"Weekly",0.05,"SameTimestamp",1000,"Daily","error_var_ct",0.225712813521227,0.012956406261493,0.200287951167235,0.251137675875218,"CT",1,375
"Weekly",0.05,"SameTimestamp",1000,"Daily","beta_ct",-0.531511179224039,0.0435374689066442,-0.616946455939811,-0.446075902508266,"CT",1,375
"Weekly",0.05,"SameTimestamp",1000,"Daily","LogLik_ct",864.692371813316,NA,NA,NA,"CT",1,375
"Weekly",0.05,"SameTimestamp",1000,"Daily","AIC_ct",868.692371813316,NA,NA,NA,"CT",1,375
"Weekly",0.05,"SameTimestamp",1000,"Daily","BIC_ct",878.50788237128,NA,NA,NA,"CT",1,375
"Weekly",0.05,"SameTimestamp",1000,"Daily","error_var_dt",0.138989808081697,0.00621654032146959,0.126790848061345,0.15118876810205,"DT",1,375
"Weekly",0.05,"SameTimestamp",1000,"Daily","beta_dt",0.587716090870395,0.0255874452899652,0.537504846999388,0.637927334741401,"DT",1,375
"Weekly",0.05,"SameTimestamp",1000,"Daily","LogLik_dt",864.692371813306,NA,NA,NA,"DT",1,375
"Weekly",0.05,"SameTimestamp",1000,"Daily","AIC_dt",868.692371813306,NA,NA,NA,"DT",1,375
"Weekly",0.05,"SameTimestamp",1000,"Daily","BIC_dt",878.50788237127,NA,NA,NA,"DT",1,375
"Weekly",0.05,"SameTimestamp",1000,"Weekly","error_var_ct",9.73952838029754,43.9380578173484,-76.4818396102955,95.9608963708906,"CT",1,375
"Weekly",0.05,"SameTimestamp",1000,"Weekly","beta_ct",-20.1779829954946,91.0303143547834,-198.810326393799,158.45436040281,"CT",1,375
"Weekly",0.05,"SameTimestamp",1000,"Weekly","LogLik_ct",1416.33123945222,NA,NA,NA,"CT",1,375
"Weekly",0.05,"SameTimestamp",1000,"Weekly","AIC_ct",1420.33123945222,NA,NA,NA,"CT",1,375
"Weekly",0.05,"SameTimestamp",1000,"Weekly","BIC_ct",1430.14675001018,NA,NA,NA,"CT",1,375
"Weekly",0.05,"SameTimestamp",1000,"Weekly","error_var_dt",0.241339704120856,0.0107930422685288,0.220160095476311,0.262519312765401,"DT",1,375
"Weekly",0.05,"SameTimestamp",1000,"Weekly","beta_dt",-0.00199104106284229,0.0316391594684754,-0.0640778001723305,0.0600957180466459,"DT",1,375
"Weekly",0.05,"SameTimestamp",1000,"Weekly","LogLik_dt",1416.3272793844,NA,NA,NA,"DT",1,375
"Weekly",0.05,"SameTimestamp",1000,"Weekly","AIC_dt",1420.3272793844,NA,NA,NA,"DT",1,375
"Weekly",0.05,"SameTimestamp",1000,"Weekly","BIC_dt",1430.14278994236,NA,NA,NA,"DT",1,375
"Weekly",0.05,"SameTimestamp",1000,"Monthly","error_var_ct",9.72778082367905,44.0174881224912,-76.6494563588976,96.1050180062557,"CT",1,375
"Weekly",0.05,"SameTimestamp",1000,"Monthly","beta_ct",-19.2374780660643,87.048008847319,-190.055187735281,151.580231603153,"CT",1,375
"Weekly",0.05,"SameTimestamp",1000,"Monthly","LogLik_ct",1462.85633808056,NA,NA,NA,"CT",1,375
"Weekly",0.05,"SameTimestamp",1000,"Monthly","AIC_ct",1466.85633808056,NA,NA,NA,"CT",1,375
"Weekly",0.05,"SameTimestamp",1000,"Monthly","BIC_ct",1476.67184863852,NA,NA,NA,"CT",1,375
"Weekly",0.05,"SameTimestamp",1000,"Monthly","error_var_dt",0.252436661462434,0.0112892968247301,0.230283233108217,0.274590089816651,"DT",1,375
"Weekly",0.05,"SameTimestamp",1000,"Monthly","beta_dt",-0.0396590111322645,0.0315985741137988,-0.101666128014162,0.0223481057496326,"DT",1,375
"Weekly",0.05,"SameTimestamp",1000,"Monthly","LogLik_dt",1461.2823310498,NA,NA,NA,"DT",1,375
"Weekly",0.05,"SameTimestamp",1000,"Monthly","AIC_dt",1465.2823310498,NA,NA,NA,"DT",1,375
"Weekly",0.05,"SameTimestamp",1000,"Monthly","BIC_dt",1475.09784160776,NA,NA,NA,"DT",1,375
"Weekly",0.05,"SameTimestamp",1000,"Daily","error_var_ct",0.208943779630102,0.0113281152537467,0.18671417635557,0.231173382904635,"CT",1,376
"Weekly",0.05,"SameTimestamp",1000,"Daily","beta_ct",-0.405354480192454,0.0353543733861805,-0.474731748766285,-0.335977211618623,"CT",1,376
"Weekly",0.05,"SameTimestamp",1000,"Daily","LogLik_ct",894.223070280069,NA,NA,NA,"CT",1,376
"Weekly",0.05,"SameTimestamp",1000,"Daily","AIC_ct",898.223070280069,NA,NA,NA,"CT",1,376
"Weekly",0.05,"SameTimestamp",1000,"Daily","BIC_ct",908.038580838034,NA,NA,NA,"CT",1,376
"Weekly",0.05,"SameTimestamp",1000,"Daily","error_var_dt",0.143157821413876,0.00640288240937089,0.130593195032032,0.155722447795721,"DT",1,376
"Weekly",0.05,"SameTimestamp",1000,"Daily","beta_dt",0.666740421802853,0.023572296646288,0.620483582869009,0.712997260736697,"DT",1,376
"Weekly",0.05,"SameTimestamp",1000,"Daily","LogLik_dt",894.22307028007,NA,NA,NA,"DT",1,376
"Weekly",0.05,"SameTimestamp",1000,"Daily","AIC_dt",898.22307028007,NA,NA,NA,"DT",1,376
"Weekly",0.05,"SameTimestamp",1000,"Daily","BIC_dt",908.038580838034,NA,NA,NA,"DT",1,376
"Weekly",0.05,"SameTimestamp",1000,"Weekly","error_var_ct",2.29491449258934,1.58824533977567,-0.821761407592884,5.41159039277156,"CT",1,376
"Weekly",0.05,"SameTimestamp",1000,"Weekly","beta_ct",-4.61450490590165,3.18973765706184,-10.8738517679378,1.64484195613446,"CT",1,376
"Weekly",0.05,"SameTimestamp",1000,"Weekly","LogLik_ct",1446.12186005717,NA,NA,NA,"CT",1,376
"Weekly",0.05,"SameTimestamp",1000,"Weekly","AIC_ct",1450.12186005717,NA,NA,NA,"CT",1,376
"Weekly",0.05,"SameTimestamp",1000,"Weekly","BIC_ct",1459.93737061514,NA,NA,NA,"CT",1,376
"Weekly",0.05,"SameTimestamp",1000,"Weekly","error_var_dt",0.248638509782654,0.0111194441340737,0.226818390001296,0.270458629564013,"DT",1,376
"Weekly",0.05,"SameTimestamp",1000,"Weekly","beta_dt",0.00990750622472697,0.0316085685852226,-0.0521192231990373,0.0719342356484912,"DT",1,376
"Weekly",0.05,"SameTimestamp",1000,"Weekly","LogLik_dt",1446.1218600566,NA,NA,NA,"DT",1,376
"Weekly",0.05,"SameTimestamp",1000,"Weekly","AIC_dt",1450.1218600566,NA,NA,NA,"DT",1,376
"Weekly",0.05,"SameTimestamp",1000,"Weekly","BIC_dt",1459.93737061457,NA,NA,NA,"DT",1,376
"Weekly",0.05,"SameTimestamp",1000,"Monthly","error_var_ct",10.985391562299,93.8981061657699,-173.274531782378,195.245314906976,"CT",1,376
"Weekly",0.05,"SameTimestamp",1000,"Monthly","beta_ct",-22.0050462065773,188.087725230426,-391.096940049982,347.086847636828,"CT",1,376
"Weekly",0.05,"SameTimestamp",1000,"Monthly","LogLik_ct",1450.02770676359,NA,NA,NA,"CT",1,376
"Weekly",0.05,"SameTimestamp",1000,"Monthly","AIC_ct",1454.02770676359,NA,NA,NA,"CT",1,376
"Weekly",0.05,"SameTimestamp",1000,"Monthly","BIC_ct",1463.84321732155,NA,NA,NA,"CT",1,376
"Weekly",0.05,"SameTimestamp",1000,"Monthly","error_var_dt",0.249238796503876,0.0111462883603272,0.227365999248245,0.271111593759506,"DT",1,376
"Weekly",0.05,"SameTimestamp",1000,"Monthly","beta_dt",-0.0386248422828534,0.0315840895623364,-0.100603535563348,0.0233538509976408,"DT",1,376
"Weekly",0.05,"SameTimestamp",1000,"Monthly","LogLik_dt",1448.5333037846,NA,NA,NA,"DT",1,376
"Weekly",0.05,"SameTimestamp",1000,"Monthly","AIC_dt",1452.5333037846,NA,NA,NA,"DT",1,376
"Weekly",0.05,"SameTimestamp",1000,"Monthly","BIC_dt",1462.34881434256,NA,NA,NA,"DT",1,376
"Weekly",0.05,"SameTimestamp",1000,"Daily","error_var_ct",0.204622730326137,0.0110796451784446,0.182880709590785,0.226364751061489,"CT",1,377
"Weekly",0.05,"SameTimestamp",1000,"Daily","beta_ct",-0.399734526642691,0.0351377215224808,-0.46868665079745,-0.330782402487932,"CT",1,377
"Weekly",0.05,"SameTimestamp",1000,"Daily","LogLik_ct",878.212648769178,NA,NA,NA,"CT",1,377
"Weekly",0.05,"SameTimestamp",1000,"Daily","AIC_ct",882.212648769178,NA,NA,NA,"CT",1,377
"Weekly",0.05,"SameTimestamp",1000,"Daily","BIC_ct",892.028159327142,NA,NA,NA,"CT",1,377
"Weekly",0.05,"SameTimestamp",1000,"Daily","error_var_dt",0.140882239006014,0.00630114895347888,0.128517248160494,0.153247229851534,"DT",1,377
"Weekly",0.05,"SameTimestamp",1000,"Daily","beta_dt",0.670498029897932,0.023559498511821,0.624266305243514,0.71672975455235,"DT",1,377
"Weekly",0.05,"SameTimestamp",1000,"Daily","LogLik_dt",878.212648769175,NA,NA,NA,"DT",1,377
"Weekly",0.05,"SameTimestamp",1000,"Daily","AIC_dt",882.212648769175,NA,NA,NA,"DT",1,377
"Weekly",0.05,"SameTimestamp",1000,"Daily","BIC_dt",892.028159327139,NA,NA,NA,"DT",1,377
"Weekly",0.05,"SameTimestamp",1000,"Weekly","error_var_ct",10.7265013082396,68.3978591162091,-123.493290680356,144.946293296836,"CT",1,377
"Weekly",0.05,"SameTimestamp",1000,"Weekly","beta_ct",-21.1775849034667,135.039370989867,-286.170620047098,243.815450240164,"CT",1,377
"Weekly",0.05,"SameTimestamp",1000,"Weekly","LogLik_ct",1464.50883588825,NA,NA,NA,"CT",1,377
"Weekly",0.05,"SameTimestamp",1000,"Weekly","AIC_ct",1468.50883588825,NA,NA,NA,"CT",1,377
"Weekly",0.05,"SameTimestamp",1000,"Weekly","BIC_ct",1478.32434644622,NA,NA,NA,"CT",1,377
"Weekly",0.05,"SameTimestamp",1000,"Weekly","error_var_dt",0.253197055803293,0.0113233323934696,0.2309768381224,0.275417273484186,"DT",1,377
"Weekly",0.05,"SameTimestamp",1000,"Weekly","beta_dt",-0.0147934703251512,0.031607045878624,-0.0768172116822484,0.047230271031946,"DT",1,377
"Weekly",0.05,"SameTimestamp",1000,"Weekly","LogLik_dt",1464.28979392519,NA,NA,NA,"DT",1,377
"Weekly",0.05,"SameTimestamp",1000,"Weekly","AIC_dt",1468.28979392519,NA,NA,NA,"DT",1,377
"Weekly",0.05,"SameTimestamp",1000,"Weekly","BIC_dt",1478.10530448315,NA,NA,NA,"DT",1,377
"Weekly",0.05,"SameTimestamp",1000,"Monthly","error_var_ct",10.3104434135744,40.65295037758,-69.4644298632476,90.0853166903964,"CT",1,377
"Weekly",0.05,"SameTimestamp",1000,"Monthly","beta_ct",-19.5384177957812,77.0379285025712,-170.712955602287,131.636120010725,"CT",1,377
"Weekly",0.05,"SameTimestamp",1000,"Monthly","LogLik_ct",1505.50562338487,NA,NA,NA,"CT",1,377
"Weekly",0.05,"SameTimestamp",1000,"Monthly","AIC_ct",1509.50562338487,NA,NA,NA,"CT",1,377
"Weekly",0.05,"SameTimestamp",1000,"Monthly","BIC_ct",1519.32113394284,NA,NA,NA,"CT",1,377
"Weekly",0.05,"SameTimestamp",1000,"Monthly","error_var_dt",0.26371559294787,0.0117937295270709,0.240572296588202,0.286858889307537,"DT",1,377
"Weekly",0.05,"SameTimestamp",1000,"Monthly","beta_dt",-0.0226492814055333,0.031631477974535,-0.084720966819263,0.0394224040081964,"DT",1,377
"Weekly",0.05,"SameTimestamp",1000,"Monthly","LogLik_dt",1504.9930376493,NA,NA,NA,"DT",1,377
"Weekly",0.05,"SameTimestamp",1000,"Monthly","AIC_dt",1508.9930376493,NA,NA,NA,"DT",1,377
"Weekly",0.05,"SameTimestamp",1000,"Monthly","BIC_dt",1518.80854820726,NA,NA,NA,"DT",1,377
"Weekly",0.05,"SameTimestamp",1000,"Daily","error_var_ct",0.1897632870646,0.0103509475537518,0.169451218156289,0.210075355972912,"CT",1,378
"Weekly",0.05,"SameTimestamp",1000,"Daily","beta_ct",-0.418824818302331,0.036200524397534,-0.489862522074022,-0.34778711453064,"CT",1,378
"Weekly",0.05,"SameTimestamp",1000,"Daily","LogLik_ct",786.386390637322,NA,NA,NA,"CT",1,378
"Weekly",0.05,"SameTimestamp",1000,"Daily","AIC_ct",790.386390637322,NA,NA,NA,"CT",1,378
"Weekly",0.05,"SameTimestamp",1000,"Daily","BIC_ct",800.201901195286,NA,NA,NA,"CT",1,378
"Weekly",0.05,"SameTimestamp",1000,"Daily","error_var_dt",0.128511633187969,0.00574810170566484,0.117231908570378,0.13979135780556,"DT",1,378
"Weekly",0.05,"SameTimestamp",1000,"Daily","beta_dt",0.657819430390092,0.0238134130144345,0.611089439384007,0.704549421396177,"DT",1,378
"Weekly",0.05,"SameTimestamp",1000,"Daily","LogLik_dt",786.386390637309,NA,NA,NA,"DT",1,378
"Weekly",0.05,"SameTimestamp",1000,"Daily","AIC_dt",790.386390637309,NA,NA,NA,"DT",1,378
"Weekly",0.05,"SameTimestamp",1000,"Daily","BIC_dt",800.201901195273,NA,NA,NA,"DT",1,378
"Weekly",0.05,"SameTimestamp",1000,"Weekly","error_var_ct",10.2794379233565,74.302976669831,-135.528197017586,156.087072864299,"CT",1,378
"Weekly",0.05,"SameTimestamp",1000,"Weekly","beta_ct",-20.5503428140668,148.548925641176,-312.053705014523,270.95301938639,"CT",1,378
"Weekly",0.05,"SameTimestamp",1000,"Weekly","LogLik_ct",1452.0015767456,NA,NA,NA,"CT",1,378
"Weekly",0.05,"SameTimestamp",1000,"Weekly","AIC_ct",1456.0015767456,NA,NA,NA,"CT",1,378
"Weekly",0.05,"SameTimestamp",1000,"Weekly","BIC_ct",1465.81708730356,NA,NA,NA,"CT",1,378
"Weekly",0.05,"SameTimestamp",1000,"Weekly","error_var_dt",0.250073440410099,0.0111836338938198,0.228127358554602,0.272019522265597,"DT",1,378
"Weekly",0.05,"SameTimestamp",1000,"Weekly","beta_dt",-0.0111847923865355,0.0316127377729111,-0.0732197031702362,0.0508501183971652,"DT",1,378
"Weekly",0.05,"SameTimestamp",1000,"Weekly","LogLik_dt",1451.87640363334,NA,NA,NA,"DT",1,378
"Weekly",0.05,"SameTimestamp",1000,"Weekly","AIC_dt",1455.87640363334,NA,NA,NA,"DT",1,378
"Weekly",0.05,"SameTimestamp",1000,"Weekly","BIC_dt",1465.69191419131,NA,NA,NA,"DT",1,378
"Weekly",0.05,"SameTimestamp",1000,"Monthly","error_var_ct",3.12144670097028,6.65185314041257,-9.93174467637918,16.1746380783197,"CT",1,378
"Weekly",0.05,"SameTimestamp",1000,"Monthly","beta_ct",-6.17148549190746,13.1501158590115,-31.9764717594409,19.633500775626,"CT",1,378
"Weekly",0.05,"SameTimestamp",1000,"Monthly","LogLik_ct",1463.08259781414,NA,NA,NA,"CT",1,378
"Weekly",0.05,"SameTimestamp",1000,"Monthly","AIC_ct",1467.08259781414,NA,NA,NA,"CT",1,378
"Weekly",0.05,"SameTimestamp",1000,"Monthly","BIC_ct",1476.8981083721,NA,NA,NA,"CT",1,378
"Weekly",0.05,"SameTimestamp",1000,"Monthly","error_var_dt",0.252891573720134,0.0113096684880324,0.230698169254877,0.275084978185391,"DT",1,378
"Weekly",0.05,"SameTimestamp",1000,"Monthly","beta_dt",0.00208824857112127,0.0316493773150821,-0.0600185614180852,0.0641950585603277,"DT",1,378
"Weekly",0.05,"SameTimestamp",1000,"Monthly","LogLik_dt",1463.08259781412,NA,NA,NA,"DT",1,378
"Weekly",0.05,"SameTimestamp",1000,"Monthly","AIC_dt",1467.08259781412,NA,NA,NA,"DT",1,378
"Weekly",0.05,"SameTimestamp",1000,"Monthly","BIC_dt",1476.89810837209,NA,NA,NA,"DT",1,378
"Weekly",0.05,"SameTimestamp",1000,"Daily","error_var_ct",0.214230262077809,0.0116544418222553,0.19136029542478,0.237100228730839,"CT",1,379
"Weekly",0.05,"SameTimestamp",1000,"Daily","beta_ct",-0.412921695132671,0.0358331914327144,-0.483238567071821,-0.342604823193522,"CT",1,379
"Weekly",0.05,"SameTimestamp",1000,"Daily","LogLik_ct",912.653488056156,NA,NA,NA,"CT",1,379
"Weekly",0.05,"SameTimestamp",1000,"Daily","AIC_ct",916.653488056156,NA,NA,NA,"CT",1,379
"Weekly",0.05,"SameTimestamp",1000,"Daily","BIC_ct",926.46899861412,NA,NA,NA,"CT",1,379
"Weekly",0.05,"SameTimestamp",1000,"Daily","error_var_dt",0.145822078125854,0.00652200763432594,0.133023687659568,0.15862046859214,"DT",1,379
"Weekly",0.05,"SameTimestamp",1000,"Daily","beta_dt",0.661714064873514,0.0237111992352928,0.615184651960838,0.708243477786191,"DT",1,379
"Weekly",0.05,"SameTimestamp",1000,"Daily","LogLik_dt",912.653488056147,NA,NA,NA,"DT",1,379
"Weekly",0.05,"SameTimestamp",1000,"Daily","AIC_dt",916.653488056147,NA,NA,NA,"DT",1,379
"Weekly",0.05,"SameTimestamp",1000,"Daily","BIC_dt",926.468998614112,NA,NA,NA,"DT",1,379
"Weekly",0.05,"SameTimestamp",1000,"Weekly","error_var_ct",1.51776140479712,0.3705786704068,0.790560397337162,2.24496241225707,"CT",1,379
"Weekly",0.05,"SameTimestamp",1000,"Weekly","beta_ct",-3.20447062079274,0.777430637548221,-4.73005314348541,-1.67888809810008,"CT",1,379
"Weekly",0.05,"SameTimestamp",1000,"Weekly","LogLik_ct",1395.77117072027,NA,NA,NA,"CT",1,379
"Weekly",0.05,"SameTimestamp",1000,"Weekly","AIC_ct",1399.77117072027,NA,NA,NA,"CT",1,379
"Weekly",0.05,"SameTimestamp",1000,"Weekly","BIC_ct",1409.58668127823,NA,NA,NA,"CT",1,379
"Weekly",0.05,"SameTimestamp",1000,"Weekly","error_var_dt",0.236429325214567,0.0105734514275216,0.215680628259121,0.257178022170012,"DT",1,379
"Weekly",0.05,"SameTimestamp",1000,"Weekly","beta_dt",0.0405802995053269,0.0315970024965867,-0.0214237333306947,0.102584332341349,"DT",1,379
"Weekly",0.05,"SameTimestamp",1000,"Weekly","LogLik_dt",1395.77117072024,NA,NA,NA,"DT",1,379
"Weekly",0.05,"SameTimestamp",1000,"Weekly","AIC_dt",1399.77117072024,NA,NA,NA,"DT",1,379
"Weekly",0.05,"SameTimestamp",1000,"Weekly","BIC_dt",1409.5866812782,NA,NA,NA,"DT",1,379
"Weekly",0.05,"SameTimestamp",1000,"Monthly","error_var_ct",2.7405600047381,4.1610607483224,-5.42485211938773,10.9059721288639,"CT",1,379
"Weekly",0.05,"SameTimestamp",1000,"Monthly","beta_ct",-5.68372653220377,8.62773438518457,-22.6142668952413,11.2468138308337,"CT",1,379
"Weekly",0.05,"SameTimestamp",1000,"Monthly","LogLik_ct",1415.27353245893,NA,NA,NA,"CT",1,379
"Weekly",0.05,"SameTimestamp",1000,"Monthly","AIC_ct",1419.27353245893,NA,NA,NA,"CT",1,379
"Weekly",0.05,"SameTimestamp",1000,"Monthly","BIC_ct",1429.08904301689,NA,NA,NA,"CT",1,379
"Weekly",0.05,"SameTimestamp",1000,"Monthly","error_var_dt",0.241085527034056,0.0107816748679758,0.219928225083863,0.262242828984249,"DT",1,379
"Weekly",0.05,"SameTimestamp",1000,"Monthly","beta_dt",0.00340080580031626,0.0316168398736961,-0.0586421546960683,0.0654437662967008,"DT",1,379
"Weekly",0.05,"SameTimestamp",1000,"Monthly","LogLik_dt",1415.27353245893,NA,NA,NA,"DT",1,379
"Weekly",0.05,"SameTimestamp",1000,"Monthly","AIC_dt",1419.27353245893,NA,NA,NA,"DT",1,379
"Weekly",0.05,"SameTimestamp",1000,"Monthly","BIC_dt",1429.08904301689,NA,NA,NA,"DT",1,379
"Weekly",0.05,"SameTimestamp",1000,"Daily","error_var_ct",0.196486747941529,0.0104169910378796,0.17604507932328,0.216928416559779,"CT",1,380
"Weekly",0.05,"SameTimestamp",1000,"Daily","beta_ct",-0.356639870035562,0.032252035983367,-0.419929300681942,-0.293350439389181,"CT",1,380
"Weekly",0.05,"SameTimestamp",1000,"Daily","LogLik_ct",875.383915449846,NA,NA,NA,"CT",1,380
"Weekly",0.05,"SameTimestamp",1000,"Daily","AIC_ct",879.383915449846,NA,NA,NA,"CT",1,380
"Weekly",0.05,"SameTimestamp",1000,"Daily","BIC_ct",889.19942600781,NA,NA,NA,"CT",1,380
"Weekly",0.05,"SameTimestamp",1000,"Daily","error_var_dt",0.140479929809698,0.00628325782064499,0.128150047433338,0.152809812186058,"DT",1,380
"Weekly",0.05,"SameTimestamp",1000,"Daily","beta_dt",0.700024551885144,0.0225772358273064,0.655720359684186,0.744328744086101,"DT",1,380
"Weekly",0.05,"SameTimestamp",1000,"Daily","LogLik_dt",875.383915449847,NA,NA,NA,"DT",1,380
"Weekly",0.05,"SameTimestamp",1000,"Daily","AIC_dt",879.383915449847,NA,NA,NA,"DT",1,380
"Weekly",0.05,"SameTimestamp",1000,"Daily","BIC_dt",889.199426007812,NA,NA,NA,"DT",1,380
"Weekly",0.05,"SameTimestamp",1000,"Weekly","error_var_ct",1.25781789234176,0.192122196059464,0.880808998720078,1.63482678596344,"CT",1,380
"Weekly",0.05,"SameTimestamp",1000,"Weekly","beta_ct",-2.47729957497095,0.375014536022448,-3.21320525488578,-1.74139389505612,"CT",1,380
"Weekly",0.05,"SameTimestamp",1000,"Weekly","LogLik_ct",1459.86382691527,NA,NA,NA,"CT",1,380
"Weekly",0.05,"SameTimestamp",1000,"Weekly","AIC_ct",1463.86382691527,NA,NA,NA,"CT",1,380
"Weekly",0.05,"SameTimestamp",1000,"Weekly","BIC_ct",1473.67933747324,NA,NA,NA,"CT",1,380
"Weekly",0.05,"SameTimestamp",1000,"Weekly","error_var_dt",0.25207873402397,0.0112733223125777,0.229956653079246,0.274200814968693,"DT",1,380
"Weekly",0.05,"SameTimestamp",1000,"Weekly","beta_dt",0.0839697020390046,0.0314972253686698,0.0221614657604669,0.145777938317542,"DT",1,380
"Weekly",0.05,"SameTimestamp",1000,"Weekly","LogLik_dt",1459.86382691527,NA,NA,NA,"DT",1,380
"Weekly",0.05,"SameTimestamp",1000,"Weekly","AIC_dt",1463.86382691527,NA,NA,NA,"DT",1,380
"Weekly",0.05,"SameTimestamp",1000,"Weekly","BIC_dt",1473.67933747324,NA,NA,NA,"DT",1,380
"Weekly",0.05,"SameTimestamp",1000,"Monthly","error_var_ct",9.94671291871363,42.6061732085773,-73.6610458529367,93.5544716903639,"CT",1,380
"Weekly",0.05,"SameTimestamp",1000,"Monthly","beta_ct",-19.8606556413567,85.0730438963406,-186.802814404006,147.081503121293,"CT",1,380
"Weekly",0.05,"SameTimestamp",1000,"Monthly","LogLik_ct",1453.23123481651,NA,NA,NA,"CT",1,380
"Weekly",0.05,"SameTimestamp",1000,"Monthly","AIC_ct",1457.23123481651,NA,NA,NA,"CT",1,380
"Weekly",0.05,"SameTimestamp",1000,"Monthly","BIC_ct",1467.04674537448,NA,NA,NA,"CT",1,380
"Weekly",0.05,"SameTimestamp",1000,"Monthly","error_var_dt",0.250404868976077,0.0111984593370615,0.228429694573916,0.272380043378239,"DT",1,380
"Weekly",0.05,"SameTimestamp",1000,"Monthly","beta_dt",-0.00551686318289121,0.0316380199809607,-0.0676013862314971,0.0565676598657146,"DT",1,380
"Weekly",0.05,"SameTimestamp",1000,"Monthly","LogLik_dt",1453.20082831428,NA,NA,NA,"DT",1,380
"Weekly",0.05,"SameTimestamp",1000,"Monthly","AIC_dt",1457.20082831428,NA,NA,NA,"DT",1,380
"Weekly",0.05,"SameTimestamp",1000,"Monthly","BIC_dt",1467.01633887225,NA,NA,NA,"DT",1,380
"Weekly",0.05,"SameTimestamp",1000,"Daily","error_var_ct",0.227360813070822,0.0127177114098861,0.20240435095253,0.252317275189113,"CT",1,381
"Weekly",0.05,"SameTimestamp",1000,"Daily","beta_ct",-0.471468503634463,0.0397345127729591,-0.549441090906437,-0.393495916362489,"CT",1,381
"Weekly",0.05,"SameTimestamp",1000,"Daily","LogLik_ct",922.096443080687,NA,NA,NA,"CT",1,381
"Weekly",0.05,"SameTimestamp",1000,"Daily","AIC_ct",926.096443080687,NA,NA,NA,"CT",1,381
"Weekly",0.05,"SameTimestamp",1000,"Daily","BIC_ct",935.911953638651,NA,NA,NA,"CT",1,381
"Weekly",0.05,"SameTimestamp",1000,"Daily","error_var_dt",0.147207987875533,0.00658393599616852,0.134288072964592,0.160127902786474,"DT",1,381
"Weekly",0.05,"SameTimestamp",1000,"Daily","beta_dt",0.624085083750306,0.0247979556418706,0.575423086269664,0.672747081230949,"DT",1,381
"Weekly",0.05,"SameTimestamp",1000,"Daily","LogLik_dt",922.096443080631,NA,NA,NA,"DT",1,381
"Weekly",0.05,"SameTimestamp",1000,"Daily","AIC_dt",926.096443080631,NA,NA,NA,"DT",1,381
"Weekly",0.05,"SameTimestamp",1000,"Daily","BIC_dt",935.911953638596,NA,NA,NA,"DT",1,381
"Weekly",0.05,"SameTimestamp",1000,"Weekly","error_var_ct",1.35247154564682,0.242020754510984,0.877544760698823,1.82739833059482,"CT",1,381
"Weekly",0.05,"SameTimestamp",1000,"Weekly","beta_ct",-2.73239904683293,0.484705613348655,-3.68355581460293,-1.78124227906293,"CT",1,381
"Weekly",0.05,"SameTimestamp",1000,"Weekly","LogLik_ct",1437.24154246398,NA,NA,NA,"CT",1,381
"Weekly",0.05,"SameTimestamp",1000,"Weekly","AIC_ct",1441.24154246398,NA,NA,NA,"CT",1,381
"Weekly",0.05,"SameTimestamp",1000,"Weekly","BIC_ct",1451.05705302195,NA,NA,NA,"CT",1,381
"Weekly",0.05,"SameTimestamp",1000,"Weekly","error_var_dt",0.246440269442482,0.0110211517985305,0.224813032552505,0.268067506332458,"DT",1,381
"Weekly",0.05,"SameTimestamp",1000,"Weekly","beta_dt",0.0650631089330337,0.0315431799776482,0.00316469412935364,0.126961523736714,"DT",1,381
"Weekly",0.05,"SameTimestamp",1000,"Weekly","LogLik_dt",1437.24154246399,NA,NA,NA,"DT",1,381
"Weekly",0.05,"SameTimestamp",1000,"Weekly","AIC_dt",1441.24154246399,NA,NA,NA,"DT",1,381
"Weekly",0.05,"SameTimestamp",1000,"Weekly","BIC_dt",1451.05705302196,NA,NA,NA,"DT",1,381
"Weekly",0.05,"SameTimestamp",1000,"Monthly","error_var_ct",12.8625713815791,92.6956286921775,-169.037683422855,194.762826186013,"CT",1,381
"Weekly",0.05,"SameTimestamp",1000,"Monthly","beta_ct",-25.3968137441721,183.021734532366,-384.54751605767,333.753888569326,"CT",1,381
"Weekly",0.05,"SameTimestamp",1000,"Monthly","LogLik_ct",1464.4277655112,NA,NA,NA,"CT",1,381
"Weekly",0.05,"SameTimestamp",1000,"Monthly","AIC_ct",1468.4277655112,NA,NA,NA,"CT",1,381
"Weekly",0.05,"SameTimestamp",1000,"Monthly","BIC_ct",1478.24327606916,NA,NA,NA,"CT",1,381
"Weekly",0.05,"SameTimestamp",1000,"Monthly","error_var_dt",0.253166094068155,0.0113219197231006,0.230948648525536,0.275383539610775,"DT",1,381
"Weekly",0.05,"SameTimestamp",1000,"Monthly","beta_dt",-0.0161298529703512,0.0316146925881797,-0.0781685997644493,0.0459088938237468,"DT",1,381
"Weekly",0.05,"SameTimestamp",1000,"Monthly","LogLik_dt",1464.16749946684,NA,NA,NA,"DT",1,381
"Weekly",0.05,"SameTimestamp",1000,"Monthly","AIC_dt",1468.16749946684,NA,NA,NA,"DT",1,381
"Weekly",0.05,"SameTimestamp",1000,"Monthly","BIC_dt",1477.98301002481,NA,NA,NA,"DT",1,381
"Weekly",0.05,"SameTimestamp",1000,"Daily","error_var_ct",0.221101452854507,0.0121584206651272,0.197242508822201,0.244960396886814,"CT",1,382
"Weekly",0.05,"SameTimestamp",1000,"Daily","beta_ct",-0.435456520281163,0.0373169348545992,-0.508684999922996,-0.36222804063933,"CT",1,382
"Weekly",0.05,"SameTimestamp",1000,"Daily","LogLik_ct",925.078230332204,NA,NA,NA,"CT",1,382
"Weekly",0.05,"SameTimestamp",1000,"Daily","AIC_ct",929.078230332204,NA,NA,NA,"CT",1,382
"Weekly",0.05,"SameTimestamp",1000,"Daily","BIC_ct",938.893740890168,NA,NA,NA,"CT",1,382
"Weekly",0.05,"SameTimestamp",1000,"Daily","error_var_dt",0.147609671589646,0.00660289309370808,0.134652556425344,0.160566786753948,"DT",1,382
"Weekly",0.05,"SameTimestamp",1000,"Daily","beta_dt",0.64696924354526,0.0241428072111996,0.599592869433865,0.694345617656654,"DT",1,382
"Weekly",0.05,"SameTimestamp",1000,"Daily","LogLik_dt",925.078230332205,NA,NA,NA,"DT",1,382
"Weekly",0.05,"SameTimestamp",1000,"Daily","AIC_dt",929.078230332205,NA,NA,NA,"DT",1,382
"Weekly",0.05,"SameTimestamp",1000,"Daily","BIC_dt",938.89374089017,NA,NA,NA,"DT",1,382
"Weekly",0.05,"SameTimestamp",1000,"Weekly","error_var_ct",1.17575629925819,0.161565127686822,0.858710735099631,1.49280186341675,"CT",1,382
"Weekly",0.05,"SameTimestamp",1000,"Weekly","beta_ct",-2.29650706132664,0.313081996338574,-2.91088009824498,-1.68213402440831,"CT",1,382
"Weekly",0.05,"SameTimestamp",1000,"Weekly","LogLik_ct",1465.08449741877,NA,NA,NA,"CT",1,382
"Weekly",0.05,"SameTimestamp",1000,"Weekly","AIC_ct",1469.08449741877,NA,NA,NA,"CT",1,382
"Weekly",0.05,"SameTimestamp",1000,"Weekly","BIC_ct",1478.90000797673,NA,NA,NA,"CT",1,382
"Weekly",0.05,"SameTimestamp",1000,"Weekly","error_var_dt",0.253396754715716,0.0113323202877067,0.231158899738707,0.275634609692725,"DT",1,382
"Weekly",0.05,"SameTimestamp",1000,"Weekly","beta_dt",0.100609648021636,0.0314980375241143,0.0387998180187298,0.162419478024542,"DT",1,382
"Weekly",0.05,"SameTimestamp",1000,"Weekly","LogLik_dt",1465.08449741876,NA,NA,NA,"DT",1,382
"Weekly",0.05,"SameTimestamp",1000,"Weekly","AIC_dt",1469.08449741876,NA,NA,NA,"DT",1,382
"Weekly",0.05,"SameTimestamp",1000,"Weekly","BIC_dt",1478.90000797673,NA,NA,NA,"DT",1,382
"Weekly",0.05,"SameTimestamp",1000,"Monthly","error_var_ct",1.92721971915702,0.638045449171358,0.675158198904628,3.17928123940942,"CT",1,382
"Weekly",0.05,"SameTimestamp",1000,"Monthly","beta_ct",-3.63602298580108,1.19880792983994,-5.98849063693061,-1.28355533467156,"CT",1,382
"Weekly",0.05,"SameTimestamp",1000,"Monthly","LogLik_ct",1509.2232583217,NA,NA,NA,"CT",1,382
"Weekly",0.05,"SameTimestamp",1000,"Monthly","AIC_ct",1513.2232583217,NA,NA,NA,"CT",1,382
"Weekly",0.05,"SameTimestamp",1000,"Monthly","BIC_ct",1523.03876887966,NA,NA,NA,"CT",1,382
"Weekly",0.05,"SameTimestamp",1000,"Monthly","error_var_dt",0.264833436402992,0.0118437308438268,0.241592020505362,0.288074852300623,"DT",1,382
"Weekly",0.05,"SameTimestamp",1000,"Monthly","beta_dt",0.0263569522560605,0.0316133009709283,-0.0356790637131194,0.0883929682252405,"DT",1,382
"Weekly",0.05,"SameTimestamp",1000,"Monthly","LogLik_dt",1509.2232583217,NA,NA,NA,"DT",1,382
"Weekly",0.05,"SameTimestamp",1000,"Monthly","AIC_dt",1513.2232583217,NA,NA,NA,"DT",1,382
"Weekly",0.05,"SameTimestamp",1000,"Monthly","BIC_dt",1523.03876887966,NA,NA,NA,"DT",1,382
"Weekly",0.05,"SameTimestamp",1000,"Daily","error_var_ct",0.215859753675479,0.0117162954215182,0.192868409287327,0.238851098063632,"CT",1,383
"Weekly",0.05,"SameTimestamp",1000,"Daily","beta_ct",-0.408130173367794,0.0355138189731032,-0.477820328248108,-0.338440018487479,"CT",1,383
"Weekly",0.05,"SameTimestamp",1000,"Daily","LogLik_ct",924.436025192898,NA,NA,NA,"CT",1,383
"Weekly",0.05,"SameTimestamp",1000,"Daily","AIC_ct",928.436025192898,NA,NA,NA,"CT",1,383
"Weekly",0.05,"SameTimestamp",1000,"Daily","BIC_ct",938.251535750862,NA,NA,NA,"CT",1,383
"Weekly",0.05,"SameTimestamp",1000,"Daily","error_var_dt",0.147541265842957,0.00659913541363598,0.134591524521113,0.1604910071648,"DT",1,383
"Weekly",0.05,"SameTimestamp",1000,"Daily","beta_dt",0.664892323575279,0.0236130222379021,0.618555567221421,0.711229079929137,"DT",1,383
"Weekly",0.05,"SameTimestamp",1000,"Daily","LogLik_dt",924.436025192897,NA,NA,NA,"DT",1,383
"Weekly",0.05,"SameTimestamp",1000,"Daily","AIC_dt",928.436025192897,NA,NA,NA,"DT",1,383
"Weekly",0.05,"SameTimestamp",1000,"Daily","BIC_dt",938.251535750861,NA,NA,NA,"DT",1,383
"Weekly",0.05,"SameTimestamp",1000,"Weekly","error_var_ct",153.767055171063,608.120853828683,-1039.57226216249,1347.10637250461,"CT",1,383
"Weekly",0.05,"SameTimestamp",1000,"Weekly","beta_ct",-297.70016600698,1177.36735111057,-2608.09413158031,2012.69379956635,"CT",1,383
"Weekly",0.05,"SameTimestamp",1000,"Weekly","LogLik_ct",1484.08189691314,NA,NA,NA,"CT",1,383
"Weekly",0.05,"SameTimestamp",1000,"Weekly","AIC_ct",1488.08189691314,NA,NA,NA,"CT",1,383
"Weekly",0.05,"SameTimestamp",1000,"Weekly","BIC_ct",1497.8974074711,NA,NA,NA,"CT",1,383
"Weekly",0.05,"SameTimestamp",1000,"Weekly","error_var_dt",0.258194067747741,0.0115467944572371,0.235535341726035,0.280852793769447,"DT",1,383
"Weekly",0.05,"SameTimestamp",1000,"Weekly","beta_dt",0.0157702974222604,0.0316287525466553,-0.0462960397778291,0.0778366346223498,"DT",1,383
"Weekly",0.05,"SameTimestamp",1000,"Weekly","LogLik_dt",1483.83331872546,NA,NA,NA,"DT",1,383
"Weekly",0.05,"SameTimestamp",1000,"Weekly","AIC_dt",1487.83331872546,NA,NA,NA,"DT",1,383
"Weekly",0.05,"SameTimestamp",1000,"Weekly","BIC_dt",1497.64882928342,NA,NA,NA,"DT",1,383
"Weekly",0.05,"SameTimestamp",1000,"Monthly","error_var_ct",2.97523483767951,5.48793399843038,-7.79395252043636,13.7444221957954,"CT",1,383
"Weekly",0.05,"SameTimestamp",1000,"Monthly","beta_ct",-5.89402126447198,10.8697244115348,-27.2241062750395,15.4360637460955,"CT",1,383
"Weekly",0.05,"SameTimestamp",1000,"Monthly","LogLik_ct",1461.1067768903,NA,NA,NA,"CT",1,383
"Weekly",0.05,"SameTimestamp",1000,"Monthly","AIC_ct",1465.1067768903,NA,NA,NA,"CT",1,383
"Weekly",0.05,"SameTimestamp",1000,"Monthly","BIC_ct",1474.92228744826,NA,NA,NA,"CT",1,383
"Weekly",0.05,"SameTimestamp",1000,"Monthly","error_var_dt",0.252392398404601,0.0112873266887584,0.230242836125196,0.274541960684007,"DT",1,383
"Weekly",0.05,"SameTimestamp",1000,"Monthly","beta_dt",0.00275585382732123,0.031611174798929,-0.0592759898714519,0.0647876975260944,"DT",1,383
"Weekly",0.05,"SameTimestamp",1000,"Monthly","LogLik_dt",1461.1067768903,NA,NA,NA,"DT",1,383
"Weekly",0.05,"SameTimestamp",1000,"Monthly","AIC_dt",1465.1067768903,NA,NA,NA,"DT",1,383
"Weekly",0.05,"SameTimestamp",1000,"Monthly","BIC_dt",1474.92228744826,NA,NA,NA,"DT",1,383
"Weekly",0.05,"SameTimestamp",1000,"Daily","error_var_ct",0.230320727653879,0.0128119923767251,0.205179254309781,0.255462200997976,"CT",1,384
"Weekly",0.05,"SameTimestamp",1000,"Daily","beta_ct",-0.460835655632548,0.0389662019189641,-0.537300556489504,-0.384370754775592,"CT",1,384
"Weekly",0.05,"SameTimestamp",1000,"Daily","LogLik_ct",944.015992578503,NA,NA,NA,"CT",1,384
"Weekly",0.05,"SameTimestamp",1000,"Daily","AIC_ct",948.015992578503,NA,NA,NA,"CT",1,384
"Weekly",0.05,"SameTimestamp",1000,"Daily","BIC_ct",957.831503136468,NA,NA,NA,"CT",1,384
"Weekly",0.05,"SameTimestamp",1000,"Daily","error_var_dt",0.150473144609405,0.00672989830564856,0.137266802154244,0.163679487064567,"DT",1,384
"Weekly",0.05,"SameTimestamp",1000,"Daily","beta_dt",0.630756371901839,0.0245780530046246,0.582525897960241,0.678986845843437,"DT",1,384
"Weekly",0.05,"SameTimestamp",1000,"Daily","LogLik_dt",944.015992578479,NA,NA,NA,"DT",1,384
"Weekly",0.05,"SameTimestamp",1000,"Daily","AIC_dt",948.015992578479,NA,NA,NA,"DT",1,384
"Weekly",0.05,"SameTimestamp",1000,"Daily","BIC_dt",957.831503136443,NA,NA,NA,"DT",1,384
"Weekly",0.05,"SameTimestamp",1000,"Weekly","error_var_ct",1.49413575100866,0.359819474374709,0.788047934400749,2.20022356761656,"CT",1,384
"Weekly",0.05,"SameTimestamp",1000,"Weekly","beta_ct",-3.18373747303516,0.761725196849244,-4.67850059566262,-1.6889743504077,"CT",1,384
"Weekly",0.05,"SameTimestamp",1000,"Weekly","LogLik_ct",1386.50408039414,NA,NA,NA,"CT",1,384
"Weekly",0.05,"SameTimestamp",1000,"Weekly","AIC_ct",1390.50408039414,NA,NA,NA,"CT",1,384
"Weekly",0.05,"SameTimestamp",1000,"Weekly","BIC_ct",1400.31959095211,NA,NA,NA,"CT",1,384
"Weekly",0.05,"SameTimestamp",1000,"Weekly","error_var_dt",0.234248447637073,0.0104759146047523,0.213691151000767,0.254805744273378,"DT",1,384
"Weekly",0.05,"SameTimestamp",1000,"Weekly","beta_dt",0.0414305617860406,0.0315788388366759,-0.0205378277902872,0.103398951362369,"DT",1,384
"Weekly",0.05,"SameTimestamp",1000,"Weekly","LogLik_dt",1386.50408039414,NA,NA,NA,"DT",1,384
"Weekly",0.05,"SameTimestamp",1000,"Weekly","AIC_dt",1390.50408039414,NA,NA,NA,"DT",1,384
"Weekly",0.05,"SameTimestamp",1000,"Weekly","BIC_dt",1400.3195909521,NA,NA,NA,"DT",1,384
"Weekly",0.05,"SameTimestamp",1000,"Monthly","error_var_ct",10.0984498414737,43.4291469285339,-75.1242624233406,95.321162106288,"CT",1,384
"Weekly",0.05,"SameTimestamp",1000,"Monthly","beta_ct",-20.5628236689077,88.4321645319531,-194.09671613203,152.971068794215,"CT",1,384
"Weekly",0.05,"SameTimestamp",1000,"Monthly","LogLik_ct",1433.63019171938,NA,NA,NA,"CT",1,384
"Weekly",0.05,"SameTimestamp",1000,"Monthly","AIC_ct",1437.63019171938,NA,NA,NA,"CT",1,384
"Weekly",0.05,"SameTimestamp",1000,"Monthly","BIC_ct",1447.44570227735,NA,NA,NA,"CT",1,384
"Weekly",0.05,"SameTimestamp",1000,"Monthly","error_var_dt",0.245544395197875,0.0109810797760999,0.223995793203562,0.267092997192189,"DT",1,384
"Weekly",0.05,"SameTimestamp",1000,"Monthly","beta_dt",-0.00553356269920294,0.0316066604252337,-0.0675565476660485,0.0564894222676427,"DT",1,384
"Weekly",0.05,"SameTimestamp",1000,"Monthly","LogLik_dt",1433.59954044342,NA,NA,NA,"DT",1,384
"Weekly",0.05,"SameTimestamp",1000,"Monthly","AIC_dt",1437.59954044342,NA,NA,NA,"DT",1,384
"Weekly",0.05,"SameTimestamp",1000,"Monthly","BIC_dt",1447.41505100139,NA,NA,NA,"DT",1,384
"Weekly",0.05,"SameTimestamp",1000,"Daily","error_var_ct",0.21435613082537,0.0120028813117802,0.190802407744742,0.237909853905997,"CT",1,385
"Weekly",0.05,"SameTimestamp",1000,"Daily","beta_ct",-0.475825130374134,0.0399059484433512,-0.554134132561966,-0.397516128186302,"CT",1,385
"Weekly",0.05,"SameTimestamp",1000,"Daily","LogLik_ct",859.66422911571,NA,NA,NA,"CT",1,385
"Weekly",0.05,"SameTimestamp",1000,"Daily","AIC_ct",863.66422911571,NA,NA,NA,"CT",1,385
"Weekly",0.05,"SameTimestamp",1000,"Daily","BIC_ct",873.479739673674,NA,NA,NA,"CT",1,385
"Weekly",0.05,"SameTimestamp",1000,"Daily","error_var_dt",0.138278231027576,0.00618508363689511,0.126140999688717,0.150415462366436,"DT",1,385
"Weekly",0.05,"SameTimestamp",1000,"Daily","beta_dt",0.621372134377749,0.0247964669725427,0.572713058171107,0.670031210584391,"DT",1,385
"Weekly",0.05,"SameTimestamp",1000,"Daily","LogLik_dt",859.66422911571,NA,NA,NA,"DT",1,385
"Weekly",0.05,"SameTimestamp",1000,"Daily","AIC_dt",863.66422911571,NA,NA,NA,"DT",1,385
"Weekly",0.05,"SameTimestamp",1000,"Daily","BIC_dt",873.479739673674,NA,NA,NA,"DT",1,385
"Weekly",0.05,"SameTimestamp",1000,"Weekly","error_var_ct",1.56108831499268,0.333057655171966,0.907516262080323,2.21466036790503,"CT",1,385
"Weekly",0.05,"SameTimestamp",1000,"Weekly","beta_ct",-2.99983681328324,0.635253324829694,-4.24641923882147,-1.75325438774502,"CT",1,385
"Weekly",0.05,"SameTimestamp",1000,"Weekly","LogLik_ct",1489.07338970033,NA,NA,NA,"CT",1,385
"Weekly",0.05,"SameTimestamp",1000,"Weekly","AIC_ct",1493.07338970033,NA,NA,NA,"CT",1,385
"Weekly",0.05,"SameTimestamp",1000,"Weekly","BIC_ct",1502.88890025829,NA,NA,NA,"CT",1,385
"Weekly",0.05,"SameTimestamp",1000,"Weekly","error_var_dt",0.259550357996471,0.0116074431762131,0.236772618623316,0.282328097369626,"DT",1,385
"Weekly",0.05,"SameTimestamp",1000,"Weekly","beta_dt",0.04979515996882,0.0316170915452846,-0.0122482943925581,0.111838614330198,"DT",1,385
"Weekly",0.05,"SameTimestamp",1000,"Weekly","LogLik_dt",1489.07338970033,NA,NA,NA,"DT",1,385
"Weekly",0.05,"SameTimestamp",1000,"Weekly","AIC_dt",1493.07338970033,NA,NA,NA,"DT",1,385
"Weekly",0.05,"SameTimestamp",1000,"Weekly","BIC_dt",1502.88890025829,NA,NA,NA,"DT",1,385
"Weekly",0.05,"SameTimestamp",1000,"Monthly","error_var_ct",11.2482345931947,68.9494141679558,-124.053895428671,146.55036461506,"CT",1,385
"Weekly",0.05,"SameTimestamp",1000,"Monthly","beta_ct",-22.9612084836096,140.747354769428,-299.155243270597,253.232826303378,"CT",1,385
"Weekly",0.05,"SameTimestamp",1000,"Monthly","LogLik_ct",1431.13621137834,NA,NA,NA,"CT",1,385
"Weekly",0.05,"SameTimestamp",1000,"Monthly","AIC_ct",1435.13621137834,NA,NA,NA,"CT",1,385
"Weekly",0.05,"SameTimestamp",1000,"Monthly","BIC_ct",1444.9517219363,NA,NA,NA,"CT",1,385
"Weekly",0.05,"SameTimestamp",1000,"Monthly","error_var_dt",0.243941049895258,0.0109093942173114,0.222533119274486,0.265348980516029,"DT",1,385
"Weekly",0.05,"SameTimestamp",1000,"Monthly","beta_dt",-0.0638422671995544,0.0315492240866414,-0.125752542594521,-0.00193199180458813,"DT",1,385
"Weekly",0.05,"SameTimestamp",1000,"Monthly","LogLik_dt",1427.04973614746,NA,NA,NA,"DT",1,385
"Weekly",0.05,"SameTimestamp",1000,"Monthly","AIC_dt",1431.04973614746,NA,NA,NA,"DT",1,385
"Weekly",0.05,"SameTimestamp",1000,"Monthly","BIC_dt",1440.86524670542,NA,NA,NA,"DT",1,385
"Weekly",0.05,"SameTimestamp",1000,"Daily","error_var_ct",0.202174361167393,0.0113105101428958,0.179979305089905,0.224369417244881,"CT",1,386
"Weekly",0.05,"SameTimestamp",1000,"Daily","beta_ct",-0.472552612149626,0.0397634449226308,-0.550581974109593,-0.39452325018966,"CT",1,386
"Weekly",0.05,"SameTimestamp",1000,"Daily","LogLik_ct",803.793357181825,NA,NA,NA,"CT",1,386
"Weekly",0.05,"SameTimestamp",1000,"Daily","AIC_ct",807.793357181825,NA,NA,NA,"CT",1,386
"Weekly",0.05,"SameTimestamp",1000,"Daily","BIC_ct",817.60886773979,NA,NA,NA,"CT",1,386
"Weekly",0.05,"SameTimestamp",1000,"Daily","error_var_dt",0.13078076181398,0.0058492929802913,0.119302465603551,0.142259058024409,"DT",1,386
"Weekly",0.05,"SameTimestamp",1000,"Daily","beta_dt",0.623408794286083,0.0247890271813249,0.574764317472501,0.672053271099665,"DT",1,386
"Weekly",0.05,"SameTimestamp",1000,"Daily","LogLik_dt",803.793357181851,NA,NA,NA,"DT",1,386
"Weekly",0.05,"SameTimestamp",1000,"Daily","AIC_dt",807.793357181851,NA,NA,NA,"DT",1,386
"Weekly",0.05,"SameTimestamp",1000,"Daily","BIC_dt",817.608867739815,NA,NA,NA,"DT",1,386
"Weekly",0.05,"SameTimestamp",1000,"Weekly","error_var_ct",1.10758006951284,0.153797707980833,0.805776816600522,1.40938332242516,"CT",1,386
"Weekly",0.05,"SameTimestamp",1000,"Weekly","beta_ct",-2.3176281428402,0.319202786273188,-2.94401224505275,-1.69124404062764,"CT",1,386
"Weekly",0.05,"SameTimestamp",1000,"Weekly","LogLik_ct",1396.61235643644,NA,NA,NA,"CT",1,386
"Weekly",0.05,"SameTimestamp",1000,"Weekly","AIC_ct",1400.61235643644,NA,NA,NA,"CT",1,386
"Weekly",0.05,"SameTimestamp",1000,"Weekly","BIC_ct",1410.4278669944,NA,NA,NA,"CT",1,386
"Weekly",0.05,"SameTimestamp",1000,"Weekly","error_var_dt",0.236628186369669,0.0105823516435199,0.215862024172542,0.257394348566796,"DT",1,386
"Weekly",0.05,"SameTimestamp",1000,"Weekly","beta_dt",0.098507001213777,0.0314624204319833,0.0367670640227049,0.160246938404849,"DT",1,386
"Weekly",0.05,"SameTimestamp",1000,"Weekly","LogLik_dt",1396.61235643641,NA,NA,NA,"DT",1,386
"Weekly",0.05,"SameTimestamp",1000,"Weekly","AIC_dt",1400.61235643641,NA,NA,NA,"DT",1,386
"Weekly",0.05,"SameTimestamp",1000,"Weekly","BIC_dt",1410.42786699437,NA,NA,NA,"DT",1,386
"Weekly",0.05,"SameTimestamp",1000,"Monthly","error_var_ct",11.189370710379,84.6911780816177,-155.003437840408,177.382179261166,"CT",1,386
"Weekly",0.05,"SameTimestamp",1000,"Monthly","beta_ct",-22.0446521889182,166.854728810418,-349.470207354293,305.380902976456,"CT",1,386
"Weekly",0.05,"SameTimestamp",1000,"Monthly","LogLik_ct",1466.62457423669,NA,NA,NA,"CT",1,386
"Weekly",0.05,"SameTimestamp",1000,"Monthly","AIC_ct",1470.62457423669,NA,NA,NA,"CT",1,386
"Weekly",0.05,"SameTimestamp",1000,"Monthly","BIC_ct",1480.44008479466,NA,NA,NA,"CT",1,386
"Weekly",0.05,"SameTimestamp",1000,"Monthly","error_var_dt",0.253557317034288,0.0113394363598565,0.231305497910797,0.275809136157778,"DT",1,386
"Weekly",0.05,"SameTimestamp",1000,"Monthly","beta_dt",-0.0302945357084318,0.0316985553977271,-0.0924978497711326,0.031908778354269,"DT",1,386
"Weekly",0.05,"SameTimestamp",1000,"Monthly","LogLik_dt",1465.71160954046,NA,NA,NA,"DT",1,386
"Weekly",0.05,"SameTimestamp",1000,"Monthly","AIC_dt",1469.71160954046,NA,NA,NA,"DT",1,386
"Weekly",0.05,"SameTimestamp",1000,"Monthly","BIC_dt",1479.52712009843,NA,NA,NA,"DT",1,386
"Weekly",0.05,"SameTimestamp",1000,"Daily","error_var_ct",0.213814985615408,0.0117847948330199,0.190689222155052,0.236940749075764,"CT",1,387
"Weekly",0.05,"SameTimestamp",1000,"Daily","beta_ct",-0.441273454038463,0.0376421848854878,-0.515140184526949,-0.367406723549977,"CT",1,387
"Weekly",0.05,"SameTimestamp",1000,"Daily","LogLik_ct",886.769107271186,NA,NA,NA,"CT",1,387
"Weekly",0.05,"SameTimestamp",1000,"Daily","AIC_ct",890.769107271186,NA,NA,NA,"CT",1,387
"Weekly",0.05,"SameTimestamp",1000,"Daily","BIC_ct",900.58461782915,NA,NA,NA,"CT",1,387
"Weekly",0.05,"SameTimestamp",1000,"Daily","error_var_dt",0.14203638089737,0.00635423652036151,0.12956721424465,0.15450554755009,"DT",1,387
"Weekly",0.05,"SameTimestamp",1000,"Daily","beta_dt",0.64321678166773,0.0242119253839992,0.595704774264655,0.690728789070804,"DT",1,387
"Weekly",0.05,"SameTimestamp",1000,"Daily","LogLik_dt",886.769107271186,NA,NA,NA,"DT",1,387
"Weekly",0.05,"SameTimestamp",1000,"Daily","AIC_dt",890.769107271186,NA,NA,NA,"DT",1,387
"Weekly",0.05,"SameTimestamp",1000,"Daily","BIC_dt",900.584617829151,NA,NA,NA,"DT",1,387
"Weekly",0.05,"SameTimestamp",1000,"Weekly","error_var_ct",2.11677314328278,1.00814896397704,0.138443031975983,4.09510325458958,"CT",1,387
"Weekly",0.05,"SameTimestamp",1000,"Weekly","beta_ct",-4.13006156872947,1.96251137536578,-7.98117433717612,-0.278948800282813,"CT",1,387
"Weekly",0.05,"SameTimestamp",1000,"Weekly","LogLik_ct",1476.07198875248,NA,NA,NA,"CT",1,387
"Weekly",0.05,"SameTimestamp",1000,"Weekly","AIC_ct",1480.07198875248,NA,NA,NA,"CT",1,387
"Weekly",0.05,"SameTimestamp",1000,"Weekly","BIC_ct",1489.88749931044,NA,NA,NA,"CT",1,387
"Weekly",0.05,"SameTimestamp",1000,"Weekly","error_var_dt",0.256197841593606,0.0114575281996598,0.233714286237743,0.278681396949469,"DT",1,387
"Weekly",0.05,"SameTimestamp",1000,"Weekly","beta_dt",0.0160818793378098,0.0316188420853967,-0.0459650101768429,0.0781287688524625,"DT",1,387
"Weekly",0.05,"SameTimestamp",1000,"Weekly","LogLik_dt",1476.07198875248,NA,NA,NA,"DT",1,387
"Weekly",0.05,"SameTimestamp",1000,"Weekly","AIC_dt",1480.07198875248,NA,NA,NA,"DT",1,387
"Weekly",0.05,"SameTimestamp",1000,"Weekly","BIC_dt",1489.88749931044,NA,NA,NA,"DT",1,387
"Weekly",0.05,"SameTimestamp",1000,"Monthly","error_var_ct",8.06155356879647,38.5118796617169,-67.5118129674744,83.6349201050673,"CT",1,387
"Weekly",0.05,"SameTimestamp",1000,"Monthly","beta_ct",-15.5330233533597,74.2055520000546,-161.149478057363,130.083431350644,"CT",1,387
"Weekly",0.05,"SameTimestamp",1000,"Monthly","LogLik_ct",1488.87830136288,NA,NA,NA,"CT",1,387
"Weekly",0.05,"SameTimestamp",1000,"Monthly","AIC_ct",1492.87830136288,NA,NA,NA,"CT",1,387
"Weekly",0.05,"SameTimestamp",1000,"Monthly","BIC_ct",1502.69381192084,NA,NA,NA,"CT",1,387
"Weekly",0.05,"SameTimestamp",1000,"Monthly","error_var_dt",0.259465476269251,0.0116036374392967,0.236695205042379,0.282235747496123,"DT",1,387
"Weekly",0.05,"SameTimestamp",1000,"Monthly","beta_dt",-0.0115205097289985,0.0316205209811559,-0.0735706938064122,0.0505296743484151,"DT",1,387
"Weekly",0.05,"SameTimestamp",1000,"Monthly","LogLik_dt",1488.74556714816,NA,NA,NA,"DT",1,387
"Weekly",0.05,"SameTimestamp",1000,"Monthly","AIC_dt",1492.74556714816,NA,NA,NA,"DT",1,387
"Weekly",0.05,"SameTimestamp",1000,"Monthly","BIC_dt",1502.56107770612,NA,NA,NA,"DT",1,387
"Weekly",0.05,"SameTimestamp",1000,"Daily","error_var_ct",0.20765187577372,0.0113270483495189,0.185424366127049,0.229879385420392,"CT",1,388
"Weekly",0.05,"SameTimestamp",1000,"Daily","beta_ct",-0.417509980983207,0.0361881492978364,-0.488523400613133,-0.346496561353282,"CT",1,388
"Weekly",0.05,"SameTimestamp",1000,"Daily","LogLik_ct",877.583644207711,NA,NA,NA,"CT",1,388
"Weekly",0.05,"SameTimestamp",1000,"Daily","AIC_ct",881.583644207711,NA,NA,NA,"CT",1,388
"Weekly",0.05,"SameTimestamp",1000,"Daily","BIC_ct",891.399154765675,NA,NA,NA,"CT",1,388
"Weekly",0.05,"SameTimestamp",1000,"Daily","error_var_dt",0.140785636105452,0.00629703256430683,0.128428723011276,0.153142549199628,"DT",1,388
"Weekly",0.05,"SameTimestamp",1000,"Daily","beta_dt",0.658684888670485,0.0238366037516427,0.611909389574463,0.705460387766506,"DT",1,388
"Weekly",0.05,"SameTimestamp",1000,"Daily","LogLik_dt",877.583644207704,NA,NA,NA,"DT",1,388
"Weekly",0.05,"SameTimestamp",1000,"Daily","AIC_dt",881.583644207704,NA,NA,NA,"DT",1,388
"Weekly",0.05,"SameTimestamp",1000,"Daily","BIC_dt",891.399154765668,NA,NA,NA,"DT",1,388
"Weekly",0.05,"SameTimestamp",1000,"Weekly","error_var_ct",1.24958162565713,0.182740256851423,0.890983277997327,1.60817997331693,"CT",1,388
"Weekly",0.05,"SameTimestamp",1000,"Weekly","beta_ct",-2.40352242618264,0.34843323192998,-3.08726657425749,-1.71977827810778,"CT",1,388
"Weekly",0.05,"SameTimestamp",1000,"Weekly","LogLik_ct",1482.39933763568,NA,NA,NA,"CT",1,388
"Weekly",0.05,"SameTimestamp",1000,"Weekly","AIC_ct",1486.39933763568,NA,NA,NA,"CT",1,388
"Weekly",0.05,"SameTimestamp",1000,"Weekly","BIC_ct",1496.21484819365,NA,NA,NA,"CT",1,388
"Weekly",0.05,"SameTimestamp",1000,"Weekly","error_var_dt",0.257823696590504,0.0115302589253681,0.235197418889206,0.280449974291801,"DT",1,388
"Weekly",0.05,"SameTimestamp",1000,"Weekly","beta_dt",0.0903989647724149,0.031480993134734,0.0286225816408985,0.152175347903931,"DT",1,388
"Weekly",0.05,"SameTimestamp",1000,"Weekly","LogLik_dt",1482.39933763569,NA,NA,NA,"DT",1,388
"Weekly",0.05,"SameTimestamp",1000,"Weekly","AIC_dt",1486.39933763569,NA,NA,NA,"DT",1,388
"Weekly",0.05,"SameTimestamp",1000,"Weekly","BIC_dt",1496.21484819365,NA,NA,NA,"DT",1,388
"Weekly",0.05,"SameTimestamp",1000,"Monthly","error_var_ct",13.3503196071196,42.8784163476041,-70.7916725157299,97.4923117299691,"CT",1,388
"Weekly",0.05,"SameTimestamp",1000,"Monthly","beta_ct",-25.4090244518052,81.6079675684989,-185.551528518285,134.733479614674,"CT",1,388
"Weekly",0.05,"SameTimestamp",1000,"Monthly","LogLik_ct",1501.16559722501,NA,NA,NA,"CT",1,388
"Weekly",0.05,"SameTimestamp",1000,"Monthly","AIC_ct",1505.16559722501,NA,NA,NA,"CT",1,388
"Weekly",0.05,"SameTimestamp",1000,"Monthly","BIC_ct",1514.98110778297,NA,NA,NA,"CT",1,388
"Weekly",0.05,"SameTimestamp",1000,"Monthly","error_var_dt",0.262352242480656,0.0117327462333808,0.239328616021474,0.285375868939838,"DT",1,388
"Weekly",0.05,"SameTimestamp",1000,"Monthly","beta_dt",-0.0368125312635243,0.0316077306202518,-0.098837616315878,0.0252125537888293,"DT",1,388
"Weekly",0.05,"SameTimestamp",1000,"Monthly","LogLik_dt",1499.81008367974,NA,NA,NA,"DT",1,388
"Weekly",0.05,"SameTimestamp",1000,"Monthly","AIC_dt",1503.81008367974,NA,NA,NA,"DT",1,388
"Weekly",0.05,"SameTimestamp",1000,"Monthly","BIC_dt",1513.6255942377,NA,NA,NA,"DT",1,388
"Weekly",0.05,"SameTimestamp",1000,"Daily","error_var_ct",0.202761690217326,0.0110232181509276,0.181130398443286,0.224392981991366,"CT",1,389
"Weekly",0.05,"SameTimestamp",1000,"Daily","beta_ct",-0.411603391220588,0.035740433193263,-0.481738240041393,-0.341468542399783,"CT",1,389
"Weekly",0.05,"SameTimestamp",1000,"Daily","LogLik_ct",858.793719964599,NA,NA,NA,"CT",1,389
"Weekly",0.05,"SameTimestamp",1000,"Daily","AIC_ct",862.793719964599,NA,NA,NA,"CT",1,389
"Weekly",0.05,"SameTimestamp",1000,"Daily","BIC_ct",872.609230522564,NA,NA,NA,"CT",1,389
"Weekly",0.05,"SameTimestamp",1000,"Daily","error_var_dt",0.138172990132403,0.00617996996955795,0.126045793542806,0.150300186722,"DT",1,389
"Weekly",0.05,"SameTimestamp",1000,"Daily","beta_dt",0.662587011760644,0.0236810702306698,0.616116722171206,0.709057301350083,"DT",1,389
"Weekly",0.05,"SameTimestamp",1000,"Daily","LogLik_dt",858.793719964598,NA,NA,NA,"DT",1,389
"Weekly",0.05,"SameTimestamp",1000,"Daily","AIC_dt",862.793719964598,NA,NA,NA,"DT",1,389
"Weekly",0.05,"SameTimestamp",1000,"Daily","BIC_dt",872.609230522562,NA,NA,NA,"DT",1,389
"Weekly",0.05,"SameTimestamp",1000,"Weekly","error_var_ct",1.42468981189532,0.280226813743467,0.874789783791056,1.97458983999959,"CT",1,389
"Weekly",0.05,"SameTimestamp",1000,"Weekly","beta_ct",-2.87733333234855,0.561354818629329,-3.9789018311551,-1.77576483354199,"CT",1,389
"Weekly",0.05,"SameTimestamp",1000,"Weekly","LogLik_ct",1438.64719577648,NA,NA,NA,"CT",1,389
"Weekly",0.05,"SameTimestamp",1000,"Weekly","AIC_ct",1442.64719577648,NA,NA,NA,"CT",1,389
"Weekly",0.05,"SameTimestamp",1000,"Weekly","BIC_ct",1452.46270633445,NA,NA,NA,"CT",1,389
"Weekly",0.05,"SameTimestamp",1000,"Weekly","error_var_dt",0.246786905705678,0.0110366493183427,0.225129257426918,0.268444553984438,"DT",1,389
"Weekly",0.05,"SameTimestamp",1000,"Weekly","beta_dt",0.0562846317593427,0.031561290422899,-0.00564932187882419,0.11821858539751,"DT",1,389
"Weekly",0.05,"SameTimestamp",1000,"Weekly","LogLik_dt",1438.64719577648,NA,NA,NA,"DT",1,389
"Weekly",0.05,"SameTimestamp",1000,"Weekly","AIC_dt",1442.64719577648,NA,NA,NA,"DT",1,389
"Weekly",0.05,"SameTimestamp",1000,"Weekly","BIC_dt",1452.46270633444,NA,NA,NA,"DT",1,389
"Weekly",0.05,"SameTimestamp",1000,"Monthly","error_var_ct",7.95659198183603,38.9245332670819,-68.4265408510864,84.3397248147585,"CT",1,389
"Weekly",0.05,"SameTimestamp",1000,"Monthly","beta_ct",-15.8479268287904,77.5302172843349,-167.988502150804,136.292648493223,"CT",1,389
"Weekly",0.05,"SameTimestamp",1000,"Monthly","LogLik_ct",1455.70219055089,NA,NA,NA,"CT",1,389
"Weekly",0.05,"SameTimestamp",1000,"Monthly","AIC_ct",1459.70219055089,NA,NA,NA,"CT",1,389
"Weekly",0.05,"SameTimestamp",1000,"Monthly","BIC_ct",1469.51770110885,NA,NA,NA,"CT",1,389
"Weekly",0.05,"SameTimestamp",1000,"Monthly","error_var_dt",0.251016190648129,0.0112257695784201,0.228987424292043,0.273044957004215,"DT",1,389
"Weekly",0.05,"SameTimestamp",1000,"Monthly","beta_dt",-0.00793397436535957,0.0316101679813933,-0.0699638423467352,0.0540958936160161,"DT",1,389
"Weekly",0.05,"SameTimestamp",1000,"Monthly","LogLik_dt",1455.63919403025,NA,NA,NA,"DT",1,389
"Weekly",0.05,"SameTimestamp",1000,"Monthly","AIC_dt",1459.63919403025,NA,NA,NA,"DT",1,389
"Weekly",0.05,"SameTimestamp",1000,"Monthly","BIC_dt",1469.45470458822,NA,NA,NA,"DT",1,389
"Weekly",0.05,"SameTimestamp",1000,"Daily","error_var_ct",0.22532992159872,0.0125879475827033,0.200628100109787,0.250031743087653,"CT",1,390
"Weekly",0.05,"SameTimestamp",1000,"Daily","beta_ct",-0.470845190079184,0.0395719117712271,-0.548498699050877,-0.39319168110749,"CT",1,390
"Weekly",0.05,"SameTimestamp",1000,"Daily","LogLik_ct",913.830005595419,NA,NA,NA,"CT",1,390
"Weekly",0.05,"SameTimestamp",1000,"Daily","AIC_ct",917.830005595419,NA,NA,NA,"CT",1,390
"Weekly",0.05,"SameTimestamp",1000,"Daily","BIC_ct",927.645516153384,NA,NA,NA,"CT",1,390
"Weekly",0.05,"SameTimestamp",1000,"Daily","error_var_dt",0.145969893729836,0.00652926613876325,0.133157259616624,0.158782527843047,"DT",1,390
"Weekly",0.05,"SameTimestamp",1000,"Daily","beta_dt",0.62447421100336,0.0247114509539329,0.575981965052532,0.672966456954188,"DT",1,390
"Weekly",0.05,"SameTimestamp",1000,"Daily","LogLik_dt",913.830005595416,NA,NA,NA,"DT",1,390
"Weekly",0.05,"SameTimestamp",1000,"Daily","AIC_dt",917.830005595416,NA,NA,NA,"DT",1,390
"Weekly",0.05,"SameTimestamp",1000,"Daily","BIC_dt",927.64551615338,NA,NA,NA,"DT",1,390
"Weekly",0.05,"SameTimestamp",1000,"Weekly","error_var_ct",1.24282431646138,0.191786845395523,0.866473494553331,1.61917513836942,"CT",1,390
"Weekly",0.05,"SameTimestamp",1000,"Weekly","beta_ct",-2.49202653865989,0.381126510218082,-3.23992598439982,-1.74412709291997,"CT",1,390
"Weekly",0.05,"SameTimestamp",1000,"Weekly","LogLik_ct",1442.15294054491,NA,NA,NA,"CT",1,390
"Weekly",0.05,"SameTimestamp",1000,"Weekly","AIC_ct",1446.15294054491,NA,NA,NA,"CT",1,390
"Weekly",0.05,"SameTimestamp",1000,"Weekly","BIC_ct",1455.96845110287,NA,NA,NA,"CT",1,390
"Weekly",0.05,"SameTimestamp",1000,"Weekly","error_var_dt",0.247652824456051,0.0110754216697168,0.225919091676934,0.269386557235168,"DT",1,390
"Weekly",0.05,"SameTimestamp",1000,"Weekly","beta_dt",0.0827425814678747,0.0315188807954771,0.020891849899001,0.144593313036748,"DT",1,390
"Weekly",0.05,"SameTimestamp",1000,"Weekly","LogLik_dt",1442.15294054449,NA,NA,NA,"DT",1,390
"Weekly",0.05,"SameTimestamp",1000,"Weekly","AIC_dt",1446.15294054449,NA,NA,NA,"DT",1,390
"Weekly",0.05,"SameTimestamp",1000,"Weekly","BIC_dt",1455.96845110245,NA,NA,NA,"DT",1,390
"Weekly",0.05,"SameTimestamp",1000,"Monthly","error_var_ct",1.55113879699797,0.350618825064971,0.863105774099536,2.2391718198964,"CT",1,390
"Weekly",0.05,"SameTimestamp",1000,"Monthly","beta_ct",-3.08685774182969,0.692843888442331,-4.4464523810318,-1.72726310262757,"CT",1,390
"Weekly",0.05,"SameTimestamp",1000,"Monthly","LogLik_ct",1454.48091978056,NA,NA,NA,"CT",1,390
"Weekly",0.05,"SameTimestamp",1000,"Monthly","AIC_ct",1458.48091978056,NA,NA,NA,"CT",1,390
"Weekly",0.05,"SameTimestamp",1000,"Monthly","BIC_ct",1468.29643033852,NA,NA,NA,"CT",1,390
"Weekly",0.05,"SameTimestamp",1000,"Monthly","error_var_dt",0.250725357068706,0.0112127960317743,0.22872204921022,0.272728664927192,"DT",1,390
"Weekly",0.05,"SameTimestamp",1000,"Monthly","beta_dt",0.0456451349356498,0.0315819266149786,-0.0163293139087144,0.107619583780014,"DT",1,390
"Weekly",0.05,"SameTimestamp",1000,"Monthly","LogLik_dt",1454.48091978056,NA,NA,NA,"DT",1,390
"Weekly",0.05,"SameTimestamp",1000,"Monthly","AIC_dt",1458.48091978056,NA,NA,NA,"DT",1,390
"Weekly",0.05,"SameTimestamp",1000,"Monthly","BIC_dt",1468.29643033852,NA,NA,NA,"DT",1,390
"Weekly",0.05,"SameTimestamp",1000,"Daily","error_var_ct",0.20214350619489,0.0109184949507201,0.180717716849287,0.223569295540494,"CT",1,391
"Weekly",0.05,"SameTimestamp",1000,"Daily","beta_ct",-0.396318512479535,0.0348208400863138,-0.464648807808115,-0.327988217150954,"CT",1,391
"Weekly",0.05,"SameTimestamp",1000,"Daily","LogLik_ct",868.992290261455,NA,NA,NA,"CT",1,391
"Weekly",0.05,"SameTimestamp",1000,"Daily","AIC_ct",872.992290261455,NA,NA,NA,"CT",1,391
"Weekly",0.05,"SameTimestamp",1000,"Daily","BIC_ct",882.807800819419,NA,NA,NA,"CT",1,391
"Weekly",0.05,"SameTimestamp",1000,"Daily","error_var_dt",0.139588903897414,0.00624331230055866,0.127337408176223,0.151840399618604,"DT",1,391
"Weekly",0.05,"SameTimestamp",1000,"Daily","beta_dt",0.672792396837454,0.0234275350722647,0.626819629197717,0.71876516447719,"DT",1,391
"Weekly",0.05,"SameTimestamp",1000,"Daily","LogLik_dt",868.992290261455,NA,NA,NA,"DT",1,391
"Weekly",0.05,"SameTimestamp",1000,"Daily","AIC_dt",872.992290261455,NA,NA,NA,"DT",1,391
"Weekly",0.05,"SameTimestamp",1000,"Daily","BIC_dt",882.80780081942,NA,NA,NA,"DT",1,391
"Weekly",0.05,"SameTimestamp",1000,"Weekly","error_var_ct",0.942531367446303,0.107278342049377,0.732014884316547,1.15304785057606,"CT",1,391
"Weekly",0.05,"SameTimestamp",1000,"Weekly","beta_ct",-1.96315879670993,0.22309608291872,-2.40094895900063,-1.52536863441924,"CT",1,391
"Weekly",0.05,"SameTimestamp",1000,"Weekly","LogLik_ct",1391.07721716385,NA,NA,NA,"CT",1,391
"Weekly",0.05,"SameTimestamp",1000,"Weekly","AIC_ct",1395.07721716385,NA,NA,NA,"CT",1,391
"Weekly",0.05,"SameTimestamp",1000,"Weekly","BIC_ct",1404.89272772181,NA,NA,NA,"CT",1,391
"Weekly",0.05,"SameTimestamp",1000,"Weekly","error_var_dt",0.23532184155778,0.0105239251003895,0.214670332049596,0.255973351065964,"DT",1,391
"Weekly",0.05,"SameTimestamp",1000,"Weekly","beta_dt",0.14041417886728,0.0313292313576146,0.0789356038019807,0.201892753932579,"DT",1,391
"Weekly",0.05,"SameTimestamp",1000,"Weekly","LogLik_dt",1391.07721716385,NA,NA,NA,"DT",1,391
"Weekly",0.05,"SameTimestamp",1000,"Weekly","AIC_dt",1395.07721716385,NA,NA,NA,"DT",1,391
"Weekly",0.05,"SameTimestamp",1000,"Weekly","BIC_dt",1404.89272772181,NA,NA,NA,"DT",1,391
"Weekly",0.05,"SameTimestamp",1000,"Monthly","error_var_ct",11.0508771599354,42.3432832804887,-72.041002431871,94.1427567517418,"CT",1,391
"Weekly",0.05,"SameTimestamp",1000,"Monthly","beta_ct",-21.5590615128187,82.608411724392,-183.664776244591,140.546653218954,"CT",1,391
"Weekly",0.05,"SameTimestamp",1000,"Monthly","LogLik_ct",1476.44715798271,NA,NA,NA,"CT",1,391
"Weekly",0.05,"SameTimestamp",1000,"Monthly","AIC_ct",1480.44715798271,NA,NA,NA,"CT",1,391
"Weekly",0.05,"SameTimestamp",1000,"Monthly","BIC_ct",1490.26266854067,NA,NA,NA,"CT",1,391
"Weekly",0.05,"SameTimestamp",1000,"Monthly","error_var_dt",0.256229988839876,0.0114589488558297,0.233743645674891,0.278716332004862,"DT",1,391
"Weekly",0.05,"SameTimestamp",1000,"Monthly","beta_dt",-0.0158349041289476,0.0316699627336939,-0.077982109689591,0.0463123014316959,"DT",1,391
"Weekly",0.05,"SameTimestamp",1000,"Monthly","LogLik_dt",1476.19719236981,NA,NA,NA,"DT",1,391
"Weekly",0.05,"SameTimestamp",1000,"Monthly","AIC_dt",1480.19719236981,NA,NA,NA,"DT",1,391
"Weekly",0.05,"SameTimestamp",1000,"Monthly","BIC_dt",1490.01270292778,NA,NA,NA,"DT",1,391
"Weekly",0.05,"SameTimestamp",1000,"Daily","error_var_ct",0.210729180454402,0.0113706792346136,0.188416052216779,0.233042308692026,"CT",1,392
"Weekly",0.05,"SameTimestamp",1000,"Daily","beta_ct",-0.395028876580164,0.0346916819391935,-0.463105719829043,-0.326952033331285,"CT",1,392
"Weekly",0.05,"SameTimestamp",1000,"Daily","LogLik_ct",911.711775786525,NA,NA,NA,"CT",1,392
"Weekly",0.05,"SameTimestamp",1000,"Daily","AIC_ct",915.711775786525,NA,NA,NA,"CT",1,392
"Weekly",0.05,"SameTimestamp",1000,"Daily","BIC_ct",925.527286344489,NA,NA,NA,"CT",1,392
"Weekly",0.05,"SameTimestamp",1000,"Daily","error_var_dt",0.145680928155376,0.00651579155202252,0.132894735750323,0.158467120560428,"DT",1,392
"Weekly",0.05,"SameTimestamp",1000,"Daily","beta_dt",0.673660593452383,0.0233701239856542,0.627800485831575,0.719520701073191,"DT",1,392
"Weekly",0.05,"SameTimestamp",1000,"Daily","LogLik_dt",911.711775786525,NA,NA,NA,"DT",1,392
"Weekly",0.05,"SameTimestamp",1000,"Daily","AIC_dt",915.711775786525,NA,NA,NA,"DT",1,392
"Weekly",0.05,"SameTimestamp",1000,"Daily","BIC_dt",925.527286344489,NA,NA,NA,"DT",1,392
"Weekly",0.05,"SameTimestamp",1000,"Weekly","error_var_ct",2.99479142556252,5.24837714516989,-7.30430415732049,13.2938870084455,"CT",1,392
"Weekly",0.05,"SameTimestamp",1000,"Weekly","beta_ct",-5.80660281677024,10.1740523287065,-25.7715433117638,14.1583376782234,"CT",1,392
"Weekly",0.05,"SameTimestamp",1000,"Weekly","LogLik_ct",1482.59974222081,NA,NA,NA,"CT",1,392
"Weekly",0.05,"SameTimestamp",1000,"Weekly","AIC_ct",1486.59974222081,NA,NA,NA,"CT",1,392
"Weekly",0.05,"SameTimestamp",1000,"Weekly","BIC_ct",1496.41525277877,NA,NA,NA,"CT",1,392
"Weekly",0.05,"SameTimestamp",1000,"Weekly","error_var_dt",0.257875773184493,0.0115325590590257,0.235244981841029,0.280506564527958,"DT",1,392
"Weekly",0.05,"SameTimestamp",1000,"Weekly","beta_dt",0.00300763183541707,0.0316088770252248,-0.0590197028522176,0.0650349665230518,"DT",1,392
"Weekly",0.05,"SameTimestamp",1000,"Weekly","LogLik_dt",1482.59974222081,NA,NA,NA,"DT",1,392
"Weekly",0.05,"SameTimestamp",1000,"Weekly","AIC_dt",1486.59974222081,NA,NA,NA,"DT",1,392
"Weekly",0.05,"SameTimestamp",1000,"Weekly","BIC_dt",1496.41525277877,NA,NA,NA,"DT",1,392
"Weekly",0.05,"SameTimestamp",1000,"Monthly","error_var_ct",10.104921688409,104.055944223524,-194.088124253704,214.297967630522,"CT",1,392
"Weekly",0.05,"SameTimestamp",1000,"Monthly","beta_ct",-20.4444610672984,210.526791681251,-433.569411944417,392.68048980982,"CT",1,392
"Weekly",0.05,"SameTimestamp",1000,"Monthly","LogLik_ct",1440.04395937284,NA,NA,NA,"CT",1,392
"Weekly",0.05,"SameTimestamp",1000,"Monthly","AIC_ct",1444.04395937284,NA,NA,NA,"CT",1,392
"Weekly",0.05,"SameTimestamp",1000,"Monthly","BIC_ct",1453.8594699308,NA,NA,NA,"CT",1,392
"Weekly",0.05,"SameTimestamp",1000,"Monthly","error_var_dt",0.247109812090214,0.0110510820819289,0.225423841835424,0.268795782345003,"DT",1,392
"Weekly",0.05,"SameTimestamp",1000,"Monthly","beta_dt",-0.00944996631658962,0.031612895590248,-0.0714851867914182,0.0525852541582389,"DT",1,392
"Weekly",0.05,"SameTimestamp",1000,"Monthly","LogLik_dt",1439.95460690889,NA,NA,NA,"DT",1,392
"Weekly",0.05,"SameTimestamp",1000,"Monthly","AIC_dt",1443.95460690889,NA,NA,NA,"DT",1,392
"Weekly",0.05,"SameTimestamp",1000,"Monthly","BIC_dt",1453.77011746686,NA,NA,NA,"DT",1,392
"Weekly",0.05,"SameTimestamp",1000,"Daily","error_var_ct",0.224826799858391,0.0126141288761651,0.200073601794111,0.249579997922671,"CT",1,393
"Weekly",0.05,"SameTimestamp",1000,"Daily","beta_ct",-0.480855740852882,0.0402023908276873,-0.55974646351671,-0.401965018189054,"CT",1,393
"Weekly",0.05,"SameTimestamp",1000,"Daily","LogLik_ct",903.086881031111,NA,NA,NA,"CT",1,393
"Weekly",0.05,"SameTimestamp",1000,"Daily","AIC_ct",907.086881031111,NA,NA,NA,"CT",1,393
"Weekly",0.05,"SameTimestamp",1000,"Daily","BIC_ct",916.902391589076,NA,NA,NA,"CT",1,393
"Weekly",0.05,"SameTimestamp",1000,"Daily","error_var_dt",0.144419022040863,0.00645965980165867,0.131742979163225,0.157095064918501,"DT",1,393
"Weekly",0.05,"SameTimestamp",1000,"Daily","beta_dt",0.61825406964397,0.0248550739167604,0.569479986740282,0.667028152547658,"DT",1,393
"Weekly",0.05,"SameTimestamp",1000,"Daily","LogLik_dt",903.086881031108,NA,NA,NA,"DT",1,393
"Weekly",0.05,"SameTimestamp",1000,"Daily","AIC_dt",907.086881031108,NA,NA,NA,"DT",1,393
"Weekly",0.05,"SameTimestamp",1000,"Daily","BIC_dt",916.902391589072,NA,NA,NA,"DT",1,393
"Weekly",0.05,"SameTimestamp",1000,"Weekly","error_var_ct",2.10421962004473,1.17822418263141,-0.207855739507641,4.41629497959709,"CT",1,393
"Weekly",0.05,"SameTimestamp",1000,"Weekly","beta_ct",-4.32139607107083,2.41545379274589,-9.06133544650647,0.418543304364808,"CT",1,393
"Weekly",0.05,"SameTimestamp",1000,"Weekly","LogLik_ct",1424.91968954572,NA,NA,NA,"CT",1,393
"Weekly",0.05,"SameTimestamp",1000,"Weekly","AIC_ct",1428.91968954572,NA,NA,NA,"CT",1,393
"Weekly",0.05,"SameTimestamp",1000,"Weekly","BIC_ct",1438.73520010369,NA,NA,NA,"CT",1,393
"Weekly",0.05,"SameTimestamp",1000,"Weekly","error_var_dt",0.243422312913464,0.0108861811230124,0.222059934254822,0.264784691572106,"DT",1,393
"Weekly",0.05,"SameTimestamp",1000,"Weekly","beta_dt",0.0132812872754407,0.0316521995927026,-0.0488310609794373,0.0753936355303186,"DT",1,393
"Weekly",0.05,"SameTimestamp",1000,"Weekly","LogLik_dt",1424.91968954572,NA,NA,NA,"DT",1,393
"Weekly",0.05,"SameTimestamp",1000,"Weekly","AIC_dt",1428.91968954572,NA,NA,NA,"DT",1,393
"Weekly",0.05,"SameTimestamp",1000,"Weekly","BIC_dt",1438.73520010368,NA,NA,NA,"DT",1,393
"Weekly",0.05,"SameTimestamp",1000,"Monthly","error_var_ct",8.27582323700111,51.0613012464206,-91.9237637167001,108.475410190702,"CT",1,393
"Weekly",0.05,"SameTimestamp",1000,"Monthly","beta_ct",-15.88604686156,98.0157336082049,-208.226151456811,176.454057733691,"CT",1,393
"Weekly",0.05,"SameTimestamp",1000,"Monthly","LogLik_ct",1492.63494430556,NA,NA,NA,"CT",1,393
"Weekly",0.05,"SameTimestamp",1000,"Monthly","AIC_ct",1496.63494430556,NA,NA,NA,"CT",1,393
"Weekly",0.05,"SameTimestamp",1000,"Monthly","BIC_ct",1506.45045486353,NA,NA,NA,"CT",1,393
"Weekly",0.05,"SameTimestamp",1000,"Monthly","error_var_dt",0.260430894938988,0.0116467943110581,0.237575935296052,0.283285854581924,"DT",1,393
"Weekly",0.05,"SameTimestamp",1000,"Monthly","beta_dt",-0.0132532656803731,0.0316296592277488,-0.0753213820962062,0.04881485073546,"DT",1,393
"Weekly",0.05,"SameTimestamp",1000,"Monthly","LogLik_dt",1492.45938711888,NA,NA,NA,"DT",1,393
"Weekly",0.05,"SameTimestamp",1000,"Monthly","AIC_dt",1496.45938711888,NA,NA,NA,"DT",1,393
"Weekly",0.05,"SameTimestamp",1000,"Monthly","BIC_dt",1506.27489767684,NA,NA,NA,"DT",1,393
"Weekly",0.05,"SameTimestamp",1000,"Daily","error_var_ct",0.20867558621267,0.0114765642884869,0.186154675595756,0.231196496829585,"CT",1,394
"Weekly",0.05,"SameTimestamp",1000,"Daily","beta_ct",-0.436351315496591,0.0373503227800137,-0.509645313569293,-0.363057317423889,"CT",1,394
"Weekly",0.05,"SameTimestamp",1000,"Daily","LogLik_ct",866.342825620853,NA,NA,NA,"CT",1,394
"Weekly",0.05,"SameTimestamp",1000,"Daily","AIC_ct",870.342825620853,NA,NA,NA,"CT",1,394
"Weekly",0.05,"SameTimestamp",1000,"Daily","BIC_ct",880.158336178818,NA,NA,NA,"CT",1,394
"Weekly",0.05,"SameTimestamp",1000,"Daily","error_var_dt",0.139207315182099,0.00622656083778073,0.126988691510979,0.151425938853219,"DT",1,394
"Weekly",0.05,"SameTimestamp",1000,"Daily","beta_dt",0.646390592096296,0.02414301555538,0.599013809142974,0.693767375049618,"DT",1,394
"Weekly",0.05,"SameTimestamp",1000,"Daily","LogLik_dt",866.342825620855,NA,NA,NA,"DT",1,394
"Weekly",0.05,"SameTimestamp",1000,"Daily","AIC_dt",870.342825620855,NA,NA,NA,"DT",1,394
"Weekly",0.05,"SameTimestamp",1000,"Daily","BIC_dt",880.15833617882,NA,NA,NA,"DT",1,394
"Weekly",0.05,"SameTimestamp",1000,"Weekly","error_var_ct",1.50454139641192,0.313717129333713,0.888922013195699,2.12016077962814,"CT",1,394
"Weekly",0.05,"SameTimestamp",1000,"Weekly","beta_ct",-2.96751432631238,0.614046002195711,-4.17248079384624,-1.76254785877852,"CT",1,394
"Weekly",0.05,"SameTimestamp",1000,"Weekly","LogLik_ct",1462.84542928978,NA,NA,NA,"CT",1,394
"Weekly",0.05,"SameTimestamp",1000,"Weekly","AIC_ct",1466.84542928978,NA,NA,NA,"CT",1,394
"Weekly",0.05,"SameTimestamp",1000,"Weekly","BIC_ct",1476.66093984775,NA,NA,NA,"CT",1,394
"Weekly",0.05,"SameTimestamp",1000,"Weekly","error_var_dt",0.25283145433035,0.0113069893464045,0.230643307249413,0.275019601411288,"DT",1,394
"Weekly",0.05,"SameTimestamp",1000,"Weekly","beta_dt",0.0514311278606979,0.0315956709646622,-0.010570292058191,0.113432547779587,"DT",1,394
"Weekly",0.05,"SameTimestamp",1000,"Weekly","LogLik_dt",1462.84542928982,NA,NA,NA,"DT",1,394
"Weekly",0.05,"SameTimestamp",1000,"Weekly","AIC_dt",1466.84542928982,NA,NA,NA,"DT",1,394
"Weekly",0.05,"SameTimestamp",1000,"Weekly","BIC_dt",1476.66093984778,NA,NA,NA,"DT",1,394
"Weekly",0.05,"SameTimestamp",1000,"Monthly","error_var_ct",10.7493389324516,95.5710403312917,-176.793448504879,198.292126369782,"CT",1,394
"Weekly",0.05,"SameTimestamp",1000,"Monthly","beta_ct",-19.7566325098369,175.652837276884,-364.447059756308,324.933794736634,"CT",1,394
"Weekly",0.05,"SameTimestamp",1000,"Monthly","LogLik_ct",1536.08570231256,NA,NA,NA,"CT",1,394
"Weekly",0.05,"SameTimestamp",1000,"Monthly","AIC_ct",1540.08570231256,NA,NA,NA,"CT",1,394
"Weekly",0.05,"SameTimestamp",1000,"Monthly","BIC_ct",1549.90121287052,NA,NA,NA,"CT",1,394
"Weekly",0.05,"SameTimestamp",1000,"Monthly","error_var_dt",0.271946861916286,0.0121618624803415,0.248081163875475,0.295812559957096,"DT",1,394
"Weekly",0.05,"SameTimestamp",1000,"Monthly","beta_dt",-0.0189106864453174,0.0316413231361625,-0.0810016914044659,0.0431803185138311,"DT",1,394
"Weekly",0.05,"SameTimestamp",1000,"Monthly","LogLik_dt",1535.72857102939,NA,NA,NA,"DT",1,394
"Weekly",0.05,"SameTimestamp",1000,"Monthly","AIC_dt",1539.72857102939,NA,NA,NA,"DT",1,394
"Weekly",0.05,"SameTimestamp",1000,"Monthly","BIC_dt",1549.54408158736,NA,NA,NA,"DT",1,394
"Weekly",0.05,"SameTimestamp",1000,"Daily","error_var_ct",0.194649155963271,0.0106293355050661,0.173790795498464,0.215507516428078,"CT",1,395
"Weekly",0.05,"SameTimestamp",1000,"Daily","beta_ct",-0.419820808720926,0.0363426374437798,-0.49113738647716,-0.348504230964692,"CT",1,395
"Weekly",0.05,"SameTimestamp",1000,"Daily","LogLik_ct",810.852382988712,NA,NA,NA,"CT",1,395
"Weekly",0.05,"SameTimestamp",1000,"Daily","AIC_ct",814.852382988712,NA,NA,NA,"CT",1,395
"Weekly",0.05,"SameTimestamp",1000,"Daily","BIC_ct",824.667893546676,NA,NA,NA,"CT",1,395
"Weekly",0.05,"SameTimestamp",1000,"Daily","error_var_dt",0.131707318768969,0.00589072945044272,0.12014771015379,0.143266927384148,"DT",1,395
"Weekly",0.05,"SameTimestamp",1000,"Daily","beta_dt",0.657164569335357,0.0238830860127807,0.610297856281739,0.704031282388975,"DT",1,395
"Weekly",0.05,"SameTimestamp",1000,"Daily","LogLik_dt",810.852382988713,NA,NA,NA,"DT",1,395
"Weekly",0.05,"SameTimestamp",1000,"Daily","AIC_dt",814.852382988713,NA,NA,NA,"DT",1,395
"Weekly",0.05,"SameTimestamp",1000,"Daily","BIC_dt",824.667893546677,NA,NA,NA,"DT",1,395
"Weekly",0.05,"SameTimestamp",1000,"Weekly","error_var_ct",1.49499217902757,0.307803297195608,0.890977739733401,2.09900661832173,"CT",1,395
"Weekly",0.05,"SameTimestamp",1000,"Weekly","beta_ct",-2.94781685283252,0.602206057049163,-4.12954933329047,-1.76608437237458,"CT",1,395
"Weekly",0.05,"SameTimestamp",1000,"Weekly","LogLik_ct",1463.03062275061,NA,NA,NA,"CT",1,395
"Weekly",0.05,"SameTimestamp",1000,"Weekly","AIC_ct",1467.03062275061,NA,NA,NA,"CT",1,395
"Weekly",0.05,"SameTimestamp",1000,"Weekly","BIC_ct",1476.84613330857,NA,NA,NA,"CT",1,395
"Weekly",0.05,"SameTimestamp",1000,"Weekly","error_var_dt",0.252878462094342,0.011309076405247,0.230686219496274,0.27507070469241,"DT",1,395
"Weekly",0.05,"SameTimestamp",1000,"Weekly","beta_dt",0.0524540877036651,0.0315639213022371,-0.00948502861184394,0.114393204019174,"DT",1,395
"Weekly",0.05,"SameTimestamp",1000,"Weekly","LogLik_dt",1463.0306227506,NA,NA,NA,"DT",1,395
"Weekly",0.05,"SameTimestamp",1000,"Weekly","AIC_dt",1467.0306227506,NA,NA,NA,"DT",1,395
"Weekly",0.05,"SameTimestamp",1000,"Weekly","BIC_dt",1476.84613330857,NA,NA,NA,"DT",1,395
"Weekly",0.05,"SameTimestamp",1000,"Monthly","error_var_ct",1.41301133325872,0.296167361098173,0.831830546110552,1.9941921204069,"CT",1,395
"Weekly",0.05,"SameTimestamp",1000,"Monthly","beta_ct",-2.9740863657781,0.618616462901612,-4.18802162697254,-1.76015110458367,"CT",1,395
"Weekly",0.05,"SameTimestamp",1000,"Monthly","LogLik_ct",1397.90204895372,NA,NA,NA,"CT",1,395
"Weekly",0.05,"SameTimestamp",1000,"Monthly","AIC_ct",1401.90204895372,NA,NA,NA,"CT",1,395
"Weekly",0.05,"SameTimestamp",1000,"Monthly","BIC_ct",1411.71755951169,NA,NA,NA,"CT",1,395
"Weekly",0.05,"SameTimestamp",1000,"Monthly","error_var_dt",0.236933677163438,0.0105960017942213,0.216140728742131,0.257726625584745,"DT",1,395
"Weekly",0.05,"SameTimestamp",1000,"Monthly","beta_dt",0.0510940805352224,0.0315656380058753,-0.010848404534926,0.113036565605371,"DT",1,395
"Weekly",0.05,"SameTimestamp",1000,"Monthly","LogLik_dt",1397.90204895372,NA,NA,NA,"DT",1,395
"Weekly",0.05,"SameTimestamp",1000,"Monthly","AIC_dt",1401.90204895372,NA,NA,NA,"DT",1,395
"Weekly",0.05,"SameTimestamp",1000,"Monthly","BIC_dt",1411.71755951169,NA,NA,NA,"DT",1,395
"Weekly",0.05,"SameTimestamp",1000,"Daily","error_var_ct",0.207154515930501,0.0113226451826602,0.184935646790236,0.229373385070766,"CT",1,396
"Weekly",0.05,"SameTimestamp",1000,"Daily","beta_ct",-0.422466935368931,0.0364773416236859,-0.494047848401746,-0.350886022336117,"CT",1,396
"Weekly",0.05,"SameTimestamp",1000,"Daily","LogLik_ct",870.916277590649,NA,NA,NA,"CT",1,396
"Weekly",0.05,"SameTimestamp",1000,"Daily","AIC_ct",874.916277590649,NA,NA,NA,"CT",1,396
"Weekly",0.05,"SameTimestamp",1000,"Daily","BIC_ct",884.731788148614,NA,NA,NA,"CT",1,396
"Weekly",0.05,"SameTimestamp",1000,"Daily","error_var_dt",0.139849862070912,0.00625518211590012,0.127575073747195,0.152124650394629,"DT",1,396
"Weekly",0.05,"SameTimestamp",1000,"Daily","beta_dt",0.655427909597864,0.0239081950635849,0.608511924072571,0.702343895123158,"DT",1,396
"Weekly",0.05,"SameTimestamp",1000,"Daily","LogLik_dt",870.916277590648,NA,NA,NA,"DT",1,396
"Weekly",0.05,"SameTimestamp",1000,"Daily","AIC_dt",874.916277590648,NA,NA,NA,"DT",1,396
"Weekly",0.05,"SameTimestamp",1000,"Daily","BIC_dt",884.731788148612,NA,NA,NA,"DT",1,396
"Weekly",0.05,"SameTimestamp",1000,"Weekly","error_var_ct",1.89697465793552,0.833895348436376,0.26058922637946,3.53336008949157,"CT",1,396
"Weekly",0.05,"SameTimestamp",1000,"Weekly","beta_ct",-4.01594627904248,1.7607717593499,-7.47117751483025,-0.560715043254709,"CT",1,396
"Weekly",0.05,"SameTimestamp",1000,"Weekly","LogLik_ct",1394.39231579402,NA,NA,NA,"CT",1,396
"Weekly",0.05,"SameTimestamp",1000,"Weekly","AIC_ct",1398.39231579402,NA,NA,NA,"CT",1,396
"Weekly",0.05,"SameTimestamp",1000,"Weekly","BIC_ct",1408.20782635199,NA,NA,NA,"CT",1,396
"Weekly",0.05,"SameTimestamp",1000,"Weekly","error_var_dt",0.23610354477645,0.0105588695563851,0.215383462396608,0.256823627156293,"DT",1,396
"Weekly",0.05,"SameTimestamp",1000,"Weekly","beta_dt",0.0180258714024803,0.0316174968435869,-0.0440183782915958,0.0800701210965564,"DT",1,396
"Weekly",0.05,"SameTimestamp",1000,"Weekly","LogLik_dt",1394.39231579402,NA,NA,NA,"DT",1,396
"Weekly",0.05,"SameTimestamp",1000,"Weekly","AIC_dt",1398.39231579402,NA,NA,NA,"DT",1,396
"Weekly",0.05,"SameTimestamp",1000,"Weekly","BIC_dt",1408.20782635199,NA,NA,NA,"DT",1,396
"Weekly",0.05,"SameTimestamp",1000,"Monthly","error_var_ct",3.05890788151337,18.0016146354781,-32.2663640356619,38.3841797986887,"CT",1,396
"Weekly",0.05,"SameTimestamp",1000,"Monthly","beta_ct",-6.57951543468038,38.7184397756783,-82.5582229551176,69.3991920857569,"CT",1,396
"Weekly",0.05,"SameTimestamp",1000,"Monthly","LogLik_ct",1378.82482552704,NA,NA,NA,"CT",1,396
"Weekly",0.05,"SameTimestamp",1000,"Monthly","AIC_ct",1382.82482552704,NA,NA,NA,"CT",1,396
"Weekly",0.05,"SameTimestamp",1000,"Monthly","BIC_ct",1392.64033608501,NA,NA,NA,"CT",1,396
"Weekly",0.05,"SameTimestamp",1000,"Monthly","error_var_dt",0.232456483382726,0.0103957740868551,0.212056449616648,0.252856517148805,"DT",1,396
"Weekly",0.05,"SameTimestamp",1000,"Monthly","beta_dt",0.00138865292299259,0.0316281662909925,-0.0606765338446985,0.0634538396906836,"DT",1,396
"Weekly",0.05,"SameTimestamp",1000,"Monthly","LogLik_dt",1378.82482552702,NA,NA,NA,"DT",1,396
"Weekly",0.05,"SameTimestamp",1000,"Monthly","AIC_dt",1382.82482552702,NA,NA,NA,"DT",1,396
"Weekly",0.05,"SameTimestamp",1000,"Monthly","BIC_dt",1392.64033608499,NA,NA,NA,"DT",1,396
"Weekly",0.05,"SameTimestamp",1000,"Daily","error_var_ct",0.224680923354716,0.0124804200425757,0.200190107360041,0.249171739349392,"CT",1,397
"Weekly",0.05,"SameTimestamp",1000,"Daily","beta_ct",-0.458392551577962,0.038741707085495,-0.534416917449758,-0.382368185706166,"CT",1,397
"Weekly",0.05,"SameTimestamp",1000,"Daily","LogLik_ct",921.815641980951,NA,NA,NA,"CT",1,397
"Weekly",0.05,"SameTimestamp",1000,"Daily","AIC_ct",925.815641980951,NA,NA,NA,"CT",1,397
"Weekly",0.05,"SameTimestamp",1000,"Daily","BIC_ct",935.631152538916,NA,NA,NA,"CT",1,397
"Weekly",0.05,"SameTimestamp",1000,"Daily","error_var_dt",0.147093327003265,0.00658076138303808,0.134179641759737,0.160007012246794,"DT",1,397
"Weekly",0.05,"SameTimestamp",1000,"Daily","beta_dt",0.632299213232894,0.0244965303470619,0.584228714388204,0.680369712077584,"DT",1,397
"Weekly",0.05,"SameTimestamp",1000,"Daily","LogLik_dt",921.815641980953,NA,NA,NA,"DT",1,397
"Weekly",0.05,"SameTimestamp",1000,"Daily","AIC_dt",925.815641980953,NA,NA,NA,"DT",1,397
"Weekly",0.05,"SameTimestamp",1000,"Daily","BIC_dt",935.631152538917,NA,NA,NA,"DT",1,397
"Weekly",0.05,"SameTimestamp",1000,"Weekly","error_var_ct",1.48424643777347,0.292567757944109,0.910129292569985,2.05836358297696,"CT",1,397
"Weekly",0.05,"SameTimestamp",1000,"Weekly","beta_ct",-2.88090912775905,0.563271448424119,-3.9862387041154,-1.77557955140271,"CT",1,397
"Weekly",0.05,"SameTimestamp",1000,"Weekly","LogLik_ct",1478.38448678495,NA,NA,NA,"CT",1,397
"Weekly",0.05,"SameTimestamp",1000,"Weekly","AIC_ct",1482.38448678495,NA,NA,NA,"CT",1,397
"Weekly",0.05,"SameTimestamp",1000,"Weekly","BIC_ct",1492.19999734291,NA,NA,NA,"CT",1,397
"Weekly",0.05,"SameTimestamp",1000,"Weekly","error_var_dt",0.256790101598398,0.0114840504594216,0.234254500575693,0.279325702621103,"DT",1,397
"Weekly",0.05,"SameTimestamp",1000,"Weekly","beta_dt",0.0560837258554858,0.0315773919603595,-0.00588182445890121,0.118049276169873,"DT",1,397
"Weekly",0.05,"SameTimestamp",1000,"Weekly","LogLik_dt",1478.38448678494,NA,NA,NA,"DT",1,397
"Weekly",0.05,"SameTimestamp",1000,"Weekly","AIC_dt",1482.38448678494,NA,NA,NA,"DT",1,397
"Weekly",0.05,"SameTimestamp",1000,"Weekly","BIC_dt",1492.19999734291,NA,NA,NA,"DT",1,397
"Weekly",0.05,"SameTimestamp",1000,"Monthly","error_var_ct",11.3644782416987,151.472149232715,-285.875239854428,308.604196337825,"CT",1,397
"Weekly",0.05,"SameTimestamp",1000,"Monthly","beta_ct",-20.8368300914833,277.721003696283,-565.819609211035,524.145949028068,"CT",1,397
"Weekly",0.05,"SameTimestamp",1000,"Monthly","LogLik_ct",1538.50253438562,NA,NA,NA,"CT",1,397
"Weekly",0.05,"SameTimestamp",1000,"Monthly","AIC_ct",1542.50253438562,NA,NA,NA,"CT",1,397
"Weekly",0.05,"SameTimestamp",1000,"Monthly","BIC_ct",1552.31804494358,NA,NA,NA,"CT",1,397
"Weekly",0.05,"SameTimestamp",1000,"Monthly","error_var_dt",0.272699703249029,0.0121954985277103,0.248767999877943,0.296631406620116,"DT",1,397
"Weekly",0.05,"SameTimestamp",1000,"Monthly","beta_dt",-0.00308886441711134,0.0316356704144885,-0.0651687768196059,0.0589910479853832,"DT",1,397
"Weekly",0.05,"SameTimestamp",1000,"Monthly","LogLik_dt",1538.49300124151,NA,NA,NA,"DT",1,397
"Weekly",0.05,"SameTimestamp",1000,"Monthly","AIC_dt",1542.49300124151,NA,NA,NA,"DT",1,397
"Weekly",0.05,"SameTimestamp",1000,"Monthly","BIC_dt",1552.30851179948,NA,NA,NA,"DT",1,397
"Weekly",0.05,"SameTimestamp",1000,"Daily","error_var_ct",0.229451914591923,0.012915030488983,0.204108245533327,0.254795583650519,"CT",1,398
"Weekly",0.05,"SameTimestamp",1000,"Daily","beta_ct",-0.487098348783716,0.0406604670688526,-0.566887972357581,-0.407308725209852,"CT",1,398
"Weekly",0.05,"SameTimestamp",1000,"Daily","LogLik_ct",918.072008543419,NA,NA,NA,"CT",1,398
"Weekly",0.05,"SameTimestamp",1000,"Daily","AIC_ct",922.072008543419,NA,NA,NA,"CT",1,398
"Weekly",0.05,"SameTimestamp",1000,"Daily","BIC_ct",931.887519101383,NA,NA,NA,"CT",1,398
"Weekly",0.05,"SameTimestamp",1000,"Daily","error_var_dt",0.146618085862264,0.00655751699178818,0.133750013996095,0.159486157728433,"DT",1,398
"Weekly",0.05,"SameTimestamp",1000,"Daily","beta_dt",0.614406605060378,0.0249821557994757,0.565383144411773,0.663430065708983,"DT",1,398
"Weekly",0.05,"SameTimestamp",1000,"Daily","LogLik_dt",918.072008543419,NA,NA,NA,"DT",1,398
"Weekly",0.05,"SameTimestamp",1000,"Daily","AIC_dt",922.072008543419,NA,NA,NA,"DT",1,398
"Weekly",0.05,"SameTimestamp",1000,"Daily","BIC_dt",931.887519101383,NA,NA,NA,"DT",1,398
"Weekly",0.05,"SameTimestamp",1000,"Weekly","error_var_ct",1.60384051907721,0.394812985332326,0.829083568341843,2.37859746981258,"CT",1,398
"Weekly",0.05,"SameTimestamp",1000,"Weekly","beta_ct",-3.21580958842196,0.786671893406813,-4.75952658864185,-1.67209258820206,"CT",1,398
"Weekly",0.05,"SameTimestamp",1000,"Weekly","LogLik_ct",1447.44065020301,NA,NA,NA,"CT",1,398
"Weekly",0.05,"SameTimestamp",1000,"Weekly","AIC_ct",1451.44065020301,NA,NA,NA,"CT",1,398
"Weekly",0.05,"SameTimestamp",1000,"Weekly","BIC_ct",1461.25616076098,NA,NA,NA,"CT",1,398
"Weekly",0.05,"SameTimestamp",1000,"Weekly","error_var_dt",0.248966614470052,0.0111341250921641,0.227117685670888,0.270815543269215,"DT",1,398
"Weekly",0.05,"SameTimestamp",1000,"Weekly","beta_dt",0.0401227336387035,0.0316237158524771,-0.021933719859562,0.102179187136969,"DT",1,398
"Weekly",0.05,"SameTimestamp",1000,"Weekly","LogLik_dt",1447.440650203,NA,NA,NA,"DT",1,398
"Weekly",0.05,"SameTimestamp",1000,"Weekly","AIC_dt",1451.440650203,NA,NA,NA,"DT",1,398
"Weekly",0.05,"SameTimestamp",1000,"Weekly","BIC_dt",1461.25616076096,NA,NA,NA,"DT",1,398
"Weekly",0.05,"SameTimestamp",1000,"Monthly","error_var_ct",2.06277010698511,1.05565554487763,-0.0087840246193549,4.13432423858958,"CT",1,398
"Weekly",0.05,"SameTimestamp",1000,"Monthly","beta_ct",-4.22333178973927,2.15702791191037,-8.45615195971437,0.00948838023582876,"CT",1,398
"Weekly",0.05,"SameTimestamp",1000,"Monthly","LogLik_ct",1427.94070795446,NA,NA,NA,"CT",1,398
"Weekly",0.05,"SameTimestamp",1000,"Monthly","AIC_ct",1431.94070795446,NA,NA,NA,"CT",1,398
"Weekly",0.05,"SameTimestamp",1000,"Monthly","BIC_ct",1441.75621851242,NA,NA,NA,"CT",1,398
"Weekly",0.05,"SameTimestamp",1000,"Monthly","error_var_dt",0.244158821311307,0.0109191139514333,0.222731817276412,0.265585825346201,"DT",1,398
"Weekly",0.05,"SameTimestamp",1000,"Monthly","beta_dt",0.0146497337433049,0.0316231648872223,-0.0474056385743089,0.0767051060609187,"DT",1,398
"Weekly",0.05,"SameTimestamp",1000,"Monthly","LogLik_dt",1427.94070795446,NA,NA,NA,"DT",1,398
"Weekly",0.05,"SameTimestamp",1000,"Monthly","AIC_dt",1431.94070795446,NA,NA,NA,"DT",1,398
"Weekly",0.05,"SameTimestamp",1000,"Monthly","BIC_dt",1441.75621851242,NA,NA,NA,"DT",1,398
"Weekly",0.05,"SameTimestamp",1000,"Daily","error_var_ct",0.235757672664829,0.0126892638152648,0.210857034373219,0.26065831095644,"CT",1,399
"Weekly",0.05,"SameTimestamp",1000,"Daily","beta_ct",-0.388109486940261,0.0343196065106652,-0.455456192034724,-0.320762781845798,"CT",1,399
"Weekly",0.05,"SameTimestamp",1000,"Daily","LogLik_ct",1030.07132657206,NA,NA,NA,"CT",1,399
"Weekly",0.05,"SameTimestamp",1000,"Daily","AIC_ct",1034.07132657206,NA,NA,NA,"CT",1,399
"Weekly",0.05,"SameTimestamp",1000,"Daily","BIC_ct",1043.88683713002,NA,NA,NA,"CT",1,399
"Weekly",0.05,"SameTimestamp",1000,"Daily","error_var_dt",0.163968599082187,0.00733419169260336,0.149576428097519,0.178360770066855,"DT",1,399
"Weekly",0.05,"SameTimestamp",1000,"Daily","beta_dt",0.678338077645013,0.0232802050744877,0.632654421417693,0.724021733872334,"DT",1,399
"Weekly",0.05,"SameTimestamp",1000,"Daily","LogLik_dt",1030.07132657206,NA,NA,NA,"DT",1,399
"Weekly",0.05,"SameTimestamp",1000,"Daily","AIC_dt",1034.07132657206,NA,NA,NA,"DT",1,399
"Weekly",0.05,"SameTimestamp",1000,"Daily","BIC_dt",1043.88683713002,NA,NA,NA,"DT",1,399
"Weekly",0.05,"SameTimestamp",1000,"Weekly","error_var_ct",1.75377176001623,0.521049664985634,0.731295639363412,2.77624788066905,"CT",1,399
"Weekly",0.05,"SameTimestamp",1000,"Weekly","beta_ct",-3.48579667477472,1.03060059643499,-5.50818450188209,-1.46340884766734,"CT",1,399
"Weekly",0.05,"SameTimestamp",1000,"Weekly","LogLik_ct",1456.86380379755,NA,NA,NA,"CT",1,399
"Weekly",0.05,"SameTimestamp",1000,"Weekly","AIC_ct",1460.86380379755,NA,NA,NA,"CT",1,399
"Weekly",0.05,"SameTimestamp",1000,"Weekly","BIC_ct",1470.67931435552,NA,NA,NA,"CT",1,399
"Weekly",0.05,"SameTimestamp",1000,"Weekly","error_var_dt",0.25132366956028,0.0112395490617962,0.229267863185451,0.273379475935108,"DT",1,399
"Weekly",0.05,"SameTimestamp",1000,"Weekly","beta_dt",0.0306292975222745,0.0315991395556863,-0.0313789289483364,0.0926375239928854,"DT",1,399
"Weekly",0.05,"SameTimestamp",1000,"Weekly","LogLik_dt",1456.86380379755,NA,NA,NA,"DT",1,399
"Weekly",0.05,"SameTimestamp",1000,"Weekly","AIC_dt",1460.86380379755,NA,NA,NA,"DT",1,399
"Weekly",0.05,"SameTimestamp",1000,"Weekly","BIC_dt",1470.67931435552,NA,NA,NA,"DT",1,399
"Weekly",0.05,"SameTimestamp",1000,"Monthly","error_var_ct",1.88804890391258,0.97643633693842,-0.0280502800006659,3.80414808782582,"CT",1,399
"Weekly",0.05,"SameTimestamp",1000,"Monthly","beta_ct",-4.23408308588646,2.18540587311796,-8.5225904381734,0.0544242664004795,"CT",1,399
"Weekly",0.05,"SameTimestamp",1000,"Monthly","LogLik_ct",1336.8971108788,NA,NA,NA,"CT",1,399
"Weekly",0.05,"SameTimestamp",1000,"Monthly","AIC_ct",1340.8971108788,NA,NA,NA,"CT",1,399
"Weekly",0.05,"SameTimestamp",1000,"Monthly","BIC_ct",1350.71262143676,NA,NA,NA,"CT",1,399
"Weekly",0.05,"SameTimestamp",1000,"Monthly","error_var_dt",0.222911586189015,0.00996891070683204,0.203349203115729,0.2424739692623,"DT",1,399
"Weekly",0.05,"SameTimestamp",1000,"Monthly","beta_dt",0.0144930573153919,0.0316274111679952,-0.0475706476449307,0.0765567622757145,"DT",1,399
"Weekly",0.05,"SameTimestamp",1000,"Monthly","LogLik_dt",1336.8971108788,NA,NA,NA,"DT",1,399
"Weekly",0.05,"SameTimestamp",1000,"Monthly","AIC_dt",1340.8971108788,NA,NA,NA,"DT",1,399
"Weekly",0.05,"SameTimestamp",1000,"Monthly","BIC_dt",1350.71262143676,NA,NA,NA,"DT",1,399
"Weekly",0.05,"SameTimestamp",1000,"Daily","error_var_ct",0.216587238699634,0.0116691178488828,0.193688472706003,0.239486004693266,"CT",1,400
"Weekly",0.05,"SameTimestamp",1000,"Daily","beta_ct",-0.391891390318226,0.0344859882674592,-0.459564592836382,-0.32421818780007,"CT",1,400
"Weekly",0.05,"SameTimestamp",1000,"Daily","LogLik_ct",941.830934106255,NA,NA,NA,"CT",1,400
"Weekly",0.05,"SameTimestamp",1000,"Daily","AIC_ct",945.830934106255,NA,NA,NA,"CT",1,400
"Weekly",0.05,"SameTimestamp",1000,"Daily","BIC_ct",955.646444664219,NA,NA,NA,"CT",1,400
"Weekly",0.05,"SameTimestamp",1000,"Daily","error_var_dt",0.150140088752052,0.0067151221454267,0.136962742133558,0.163317435370545,"DT",1,400
"Weekly",0.05,"SameTimestamp",1000,"Daily","beta_dt",0.675777472310579,0.0233048084708563,0.630045535877043,0.721509408744114,"DT",1,400
"Weekly",0.05,"SameTimestamp",1000,"Daily","LogLik_dt",941.830934106253,NA,NA,NA,"DT",1,400
"Weekly",0.05,"SameTimestamp",1000,"Daily","AIC_dt",945.830934106253,NA,NA,NA,"DT",1,400
"Weekly",0.05,"SameTimestamp",1000,"Daily","BIC_dt",955.646444664217,NA,NA,NA,"DT",1,400
"Weekly",0.05,"SameTimestamp",1000,"Weekly","error_var_ct",2.32891206246402,1.77289396704756,-1.15010705523477,5.8079311801628,"CT",1,400
"Weekly",0.05,"SameTimestamp",1000,"Weekly","beta_ct",-4.74382520338546,3.60765413275925,-11.8232658982038,2.33561549143292,"CT",1,400
"Weekly",0.05,"SameTimestamp",1000,"Weekly","LogLik_ct",1433.21163470624,NA,NA,NA,"CT",1,400
"Weekly",0.05,"SameTimestamp",1000,"Weekly","AIC_ct",1437.21163470624,NA,NA,NA,"CT",1,400
"Weekly",0.05,"SameTimestamp",1000,"Weekly","BIC_ct",1447.0271452642,NA,NA,NA,"CT",1,400
"Weekly",0.05,"SameTimestamp",1000,"Weekly","error_var_dt",0.245449164249092,0.0109768123439825,0.223908936403597,0.266989392094586,"DT",1,400
"Weekly",0.05,"SameTimestamp",1000,"Weekly","beta_dt",0.00870529831119423,0.031631082355473,-0.0533656107637891,0.0707762073861775,"DT",1,400
"Weekly",0.05,"SameTimestamp",1000,"Weekly","LogLik_dt",1433.21163470623,NA,NA,NA,"DT",1,400
"Weekly",0.05,"SameTimestamp",1000,"Weekly","AIC_dt",1437.21163470623,NA,NA,NA,"DT",1,400
"Weekly",0.05,"SameTimestamp",1000,"Weekly","BIC_dt",1447.0271452642,NA,NA,NA,"DT",1,400
"Weekly",0.05,"SameTimestamp",1000,"Monthly","error_var_ct",10.1556563563378,42.6050787559687,-73.4499547281866,93.7612674408622,"CT",1,400
"Weekly",0.05,"SameTimestamp",1000,"Monthly","beta_ct",-20.8302811219779,87.38652354965,-192.312271421013,150.651709177057,"CT",1,400
"Weekly",0.05,"SameTimestamp",1000,"Monthly","LogLik_ct",1426.35720584995,NA,NA,NA,"CT",1,400
"Weekly",0.05,"SameTimestamp",1000,"Monthly","AIC_ct",1430.35720584995,NA,NA,NA,"CT",1,400
"Weekly",0.05,"SameTimestamp",1000,"Monthly","BIC_ct",1440.17271640792,NA,NA,NA,"CT",1,400
"Weekly",0.05,"SameTimestamp",1000,"Monthly","error_var_dt",0.243757902532257,0.0109011755402585,0.222366099742659,0.265149705321855,"DT",1,400
"Weekly",0.05,"SameTimestamp",1000,"Monthly","beta_dt",-0.00773609820897581,0.0316059060006995,-0.0697576027390744,0.0542854063211227,"DT",1,400
"Weekly",0.05,"SameTimestamp",1000,"Monthly","LogLik_dt",1426.29729760572,NA,NA,NA,"DT",1,400
"Weekly",0.05,"SameTimestamp",1000,"Monthly","AIC_dt",1430.29729760572,NA,NA,NA,"DT",1,400
"Weekly",0.05,"SameTimestamp",1000,"Monthly","BIC_dt",1440.11280816369,NA,NA,NA,"DT",1,400
"Weekly",0.05,"SameTimestamp",1000,"Daily","error_var_ct",0.198732251542776,0.0107024011012846,0.177730511603046,0.219733991482506,"CT",1,401
"Weekly",0.05,"SameTimestamp",1000,"Daily","beta_ct",-0.39060822244374,0.0343771855250525,-0.458067917088371,-0.32314852779911,"CT",1,401
"Weekly",0.05,"SameTimestamp",1000,"Daily","LogLik_ct",857.764250439691,NA,NA,NA,"CT",1,401
"Weekly",0.05,"SameTimestamp",1000,"Daily","AIC_ct",861.764250439691,NA,NA,NA,"CT",1,401
"Weekly",0.05,"SameTimestamp",1000,"Daily","BIC_ct",871.579760997655,NA,NA,NA,"CT",1,401
"Weekly",0.05,"SameTimestamp",1000,"Daily","error_var_dt",0.137916904647014,0.00617130225288698,0.125806717056582,0.150027092237446,"DT",1,401
"Weekly",0.05,"SameTimestamp",1000,"Daily","beta_dt",0.676645217535032,0.0232610926468849,0.630999066371326,0.722291368698738,"DT",1,401
"Weekly",0.05,"SameTimestamp",1000,"Daily","LogLik_dt",857.764250439695,NA,NA,NA,"DT",1,401
"Weekly",0.05,"SameTimestamp",1000,"Daily","AIC_dt",861.764250439695,NA,NA,NA,"DT",1,401
"Weekly",0.05,"SameTimestamp",1000,"Daily","BIC_dt",871.579760997659,NA,NA,NA,"DT",1,401
"Weekly",0.05,"SameTimestamp",1000,"Weekly","error_var_ct",1.46874029021188,0.346356766130142,0.789070872126046,2.1484097082977,"CT",1,401
"Weekly",0.05,"SameTimestamp",1000,"Weekly","beta_ct",-3.15109638364145,0.738147102695176,-4.59959129065898,-1.70260147662392,"CT",1,401
"Weekly",0.05,"SameTimestamp",1000,"Weekly","LogLik_ct",1379.55436876607,NA,NA,NA,"CT",1,401
"Weekly",0.05,"SameTimestamp",1000,"Weekly","AIC_ct",1383.55436876607,NA,NA,NA,"CT",1,401
"Weekly",0.05,"SameTimestamp",1000,"Weekly","BIC_ct",1393.36987932404,NA,NA,NA,"CT",1,401
"Weekly",0.05,"SameTimestamp",1000,"Weekly","error_var_dt",0.232625215081092,0.0104033520101027,0.212210310860074,0.253040119302111,"DT",1,401
"Weekly",0.05,"SameTimestamp",1000,"Weekly","beta_dt",0.04280510831506,0.0316198851860373,-0.019243828116745,0.104854044746865,"DT",1,401
"Weekly",0.05,"SameTimestamp",1000,"Weekly","LogLik_dt",1379.55436876606,NA,NA,NA,"DT",1,401
"Weekly",0.05,"SameTimestamp",1000,"Weekly","AIC_dt",1383.55436876606,NA,NA,NA,"DT",1,401
"Weekly",0.05,"SameTimestamp",1000,"Weekly","BIC_dt",1393.36987932402,NA,NA,NA,"DT",1,401
"Weekly",0.05,"SameTimestamp",1000,"Monthly","error_var_ct",10.3422557943524,36.9210185934152,-62.1093018954247,82.7938134841294,"CT",1,401
"Weekly",0.05,"SameTimestamp",1000,"Monthly","beta_ct",-21.1748470981219,75.5928469689459,-169.513644936215,127.163950739971,"CT",1,401
"Weekly",0.05,"SameTimestamp",1000,"Monthly","LogLik_ct",1428.15692174685,NA,NA,NA,"CT",1,401
"Weekly",0.05,"SameTimestamp",1000,"Monthly","AIC_ct",1432.15692174685,NA,NA,NA,"CT",1,401
"Weekly",0.05,"SameTimestamp",1000,"Monthly","BIC_ct",1441.97243230482,NA,NA,NA,"CT",1,401
"Weekly",0.05,"SameTimestamp",1000,"Monthly","error_var_dt",0.244146901393428,0.0109185604048951,0.222720983604538,0.265572819182317,"DT",1,401
"Weekly",0.05,"SameTimestamp",1000,"Monthly","beta_dt",-0.0163036322528057,0.0316974785792956,-0.0785048332326154,0.045897568727004,"DT",1,401
"Weekly",0.05,"SameTimestamp",1000,"Monthly","LogLik_dt",1427.89240769047,NA,NA,NA,"DT",1,401
"Weekly",0.05,"SameTimestamp",1000,"Monthly","AIC_dt",1431.89240769047,NA,NA,NA,"DT",1,401
"Weekly",0.05,"SameTimestamp",1000,"Monthly","BIC_dt",1441.70791824843,NA,NA,NA,"DT",1,401
"Weekly",0.05,"SameTimestamp",1000,"Daily","error_var_ct",0.232183083543735,0.0126481052511284,0.20736321231104,0.25700295477643,"CT",1,402
"Weekly",0.05,"SameTimestamp",1000,"Daily","beta_ct",-0.416102174689628,0.0360240998340812,-0.486793673645637,-0.345410675733618,"CT",1,402
"Weekly",0.05,"SameTimestamp",1000,"Daily","LogLik_ct",990.412302803273,NA,NA,NA,"CT",1,402
"Weekly",0.05,"SameTimestamp",1000,"Daily","AIC_ct",994.412302803273,NA,NA,NA,"CT",1,402
"Weekly",0.05,"SameTimestamp",1000,"Daily","BIC_ct",1004.22781336124,NA,NA,NA,"CT",1,402
"Weekly",0.05,"SameTimestamp",1000,"Daily","error_var_dt",0.157608821164991,0.00704930690076896,0.143775690740872,0.171441951589109,"DT",1,402
"Weekly",0.05,"SameTimestamp",1000,"Daily","beta_dt",0.659612867761717,0.0237620774515493,0.612983614536918,0.706242120986517,"DT",1,402
"Weekly",0.05,"SameTimestamp",1000,"Daily","LogLik_dt",990.412302803273,NA,NA,NA,"DT",1,402
"Weekly",0.05,"SameTimestamp",1000,"Daily","AIC_dt",994.412302803273,NA,NA,NA,"DT",1,402
"Weekly",0.05,"SameTimestamp",1000,"Daily","BIC_dt",1004.22781336124,NA,NA,NA,"DT",1,402
"Weekly",0.05,"SameTimestamp",1000,"Weekly","error_var_ct",1.23031278127536,0.185579622191388,0.866142636044203,1.59448292650652,"CT",1,402
"Weekly",0.05,"SameTimestamp",1000,"Weekly","beta_ct",-2.4571264815405,0.367335773707861,-3.17796382607305,-1.73628913700796,"CT",1,402
"Weekly",0.05,"SameTimestamp",1000,"Weekly","LogLik_ct",1445.63822583762,NA,NA,NA,"CT",1,402
"Weekly",0.05,"SameTimestamp",1000,"Weekly","AIC_ct",1449.63822583762,NA,NA,NA,"CT",1,402
"Weekly",0.05,"SameTimestamp",1000,"Weekly","BIC_ct",1459.45373639558,NA,NA,NA,"CT",1,402
"Weekly",0.05,"SameTimestamp",1000,"Weekly","error_var_dt",0.248518011997481,0.0111140911411585,0.226708396603319,0.270327627391643,"DT",1,402
"Weekly",0.05,"SameTimestamp",1000,"Weekly","beta_dt",0.0856809256691717,0.0314969389136551,0.0238732515125042,0.147488599825839,"DT",1,402
"Weekly",0.05,"SameTimestamp",1000,"Weekly","LogLik_dt",1445.63822583754,NA,NA,NA,"DT",1,402
"Weekly",0.05,"SameTimestamp",1000,"Weekly","AIC_dt",1449.63822583754,NA,NA,NA,"DT",1,402
"Weekly",0.05,"SameTimestamp",1000,"Weekly","BIC_dt",1459.4537363955,NA,NA,NA,"DT",1,402
"Weekly",0.05,"SameTimestamp",1000,"Monthly","error_var_ct",1.75394595825726,0.487973797219301,0.796375905554564,2.71151601095995,"CT",1,402
"Weekly",0.05,"SameTimestamp",1000,"Monthly","beta_ct",-3.39111255014709,0.938406161371087,-5.23258363429387,-1.54964146600032,"CT",1,402
"Weekly",0.05,"SameTimestamp",1000,"Monthly","LogLik_ct",1484.30568426846,NA,NA,NA,"CT",1,402
"Weekly",0.05,"SameTimestamp",1000,"Monthly","AIC_ct",1488.30568426846,NA,NA,NA,"CT",1,402
"Weekly",0.05,"SameTimestamp",1000,"Monthly","BIC_ct",1498.12119482642,NA,NA,NA,"CT",1,402
"Weekly",0.05,"SameTimestamp",1000,"Monthly","error_var_dt",0.258316025931041,0.0115522585310251,0.2356465775438,0.280985474318282,"DT",1,402
"Weekly",0.05,"SameTimestamp",1000,"Monthly","beta_dt",0.0336711893368928,0.0315920878686162,-0.0283231993325947,0.0956655780063803,"DT",1,402
"Weekly",0.05,"SameTimestamp",1000,"Monthly","LogLik_dt",1484.30568426846,NA,NA,NA,"DT",1,402
"Weekly",0.05,"SameTimestamp",1000,"Monthly","AIC_dt",1488.30568426846,NA,NA,NA,"DT",1,402
"Weekly",0.05,"SameTimestamp",1000,"Monthly","BIC_dt",1498.12119482642,NA,NA,NA,"DT",1,402
"Weekly",0.05,"SameTimestamp",1000,"Daily","error_var_ct",0.215334199048248,0.0118856922334133,0.192010440675946,0.23865795742055,"CT",1,403
"Weekly",0.05,"SameTimestamp",1000,"Daily","beta_ct",-0.444997457553536,0.037873046603377,-0.519317217013302,-0.370677698093769,"CT",1,403
"Weekly",0.05,"SameTimestamp",1000,"Daily","LogLik_ct",890.333453086936,NA,NA,NA,"CT",1,403
"Weekly",0.05,"SameTimestamp",1000,"Daily","AIC_ct",894.333453086936,NA,NA,NA,"CT",1,403
"Weekly",0.05,"SameTimestamp",1000,"Daily","BIC_ct",904.1489636449,NA,NA,NA,"CT",1,403
"Weekly",0.05,"SameTimestamp",1000,"Daily","error_var_dt",0.142591274338972,0.00637782509609877,0.130075818902222,0.155106729775722,"DT",1,403
"Weekly",0.05,"SameTimestamp",1000,"Daily","beta_dt",0.640825885285382,0.0242699292603441,0.593200054608916,0.688451715961848,"DT",1,403
"Weekly",0.05,"SameTimestamp",1000,"Daily","LogLik_dt",890.333453086941,NA,NA,NA,"DT",1,403
"Weekly",0.05,"SameTimestamp",1000,"Daily","AIC_dt",894.333453086941,NA,NA,NA,"DT",1,403
"Weekly",0.05,"SameTimestamp",1000,"Daily","BIC_dt",904.148963644905,NA,NA,NA,"DT",1,403
"Weekly",0.05,"SameTimestamp",1000,"Weekly","error_var_ct",1.31362821419913,0.209155618973156,0.90319396911367,1.72406245928459,"CT",1,403
"Weekly",0.05,"SameTimestamp",1000,"Weekly","beta_ct",-2.54323590785756,0.401305977035673,-3.33073430996389,-1.75573750575124,"CT",1,403
"Weekly",0.05,"SameTimestamp",1000,"Weekly","LogLik_ct",1477.88801691128,NA,NA,NA,"CT",1,403
"Weekly",0.05,"SameTimestamp",1000,"Weekly","AIC_ct",1481.88801691128,NA,NA,NA,"CT",1,403
"Weekly",0.05,"SameTimestamp",1000,"Weekly","BIC_ct",1491.70352746925,NA,NA,NA,"CT",1,403
"Weekly",0.05,"SameTimestamp",1000,"Weekly","error_var_dt",0.256663222766511,0.0114783359934397,0.234138835463728,0.279187610069294,"DT",1,403
"Weekly",0.05,"SameTimestamp",1000,"Weekly","beta_dt",0.0786115996465527,0.0315237664004535,0.0167512808641004,0.140471918429005,"DT",1,403
"Weekly",0.05,"SameTimestamp",1000,"Weekly","LogLik_dt",1477.88801691128,NA,NA,NA,"DT",1,403
"Weekly",0.05,"SameTimestamp",1000,"Weekly","AIC_dt",1481.88801691128,NA,NA,NA,"DT",1,403
"Weekly",0.05,"SameTimestamp",1000,"Weekly","BIC_dt",1491.70352746924,NA,NA,NA,"DT",1,403
"Weekly",0.05,"SameTimestamp",1000,"Monthly","error_var_ct",1.29650628684437,0.267609422591173,0.771365858496322,1.82164671519242,"CT",1,403
"Weekly",0.05,"SameTimestamp",1000,"Monthly","beta_ct",-2.95225133148245,0.604635299369678,-4.13875080908274,-1.76575185388215,"CT",1,403
"Weekly",0.05,"SameTimestamp",1000,"Monthly","LogLik_ct",1319.10505433447,NA,NA,NA,"CT",1,403
"Weekly",0.05,"SameTimestamp",1000,"Monthly","AIC_ct",1323.10505433447,NA,NA,NA,"CT",1,403
"Weekly",0.05,"SameTimestamp",1000,"Monthly","BIC_ct",1332.92056489243,NA,NA,NA,"CT",1,403
"Weekly",0.05,"SameTimestamp",1000,"Monthly","error_var_dt",0.218980436550024,0.0097931225148062,0.199763009515898,0.238197863584149,"DT",1,403
"Weekly",0.05,"SameTimestamp",1000,"Monthly","beta_dt",0.0522220021720756,0.0315674157060538,-0.00972397134860713,0.114167975692758,"DT",1,403
"Weekly",0.05,"SameTimestamp",1000,"Monthly","LogLik_dt",1319.10505433447,NA,NA,NA,"DT",1,403
"Weekly",0.05,"SameTimestamp",1000,"Monthly","AIC_dt",1323.10505433447,NA,NA,NA,"DT",1,403
"Weekly",0.05,"SameTimestamp",1000,"Monthly","BIC_dt",1332.92056489243,NA,NA,NA,"DT",1,403
"Weekly",0.05,"SameTimestamp",1000,"Daily","error_var_ct",0.213183222014773,0.0116444912230765,0.19033278181139,0.236033662218156,"CT",1,404
"Weekly",0.05,"SameTimestamp",1000,"Daily","beta_ct",-0.421670836998211,0.0363985394485077,-0.49309711344302,-0.350244560553403,"CT",1,404
"Weekly",0.05,"SameTimestamp",1000,"Daily","LogLik_ct",900.201062581271,NA,NA,NA,"CT",1,404
"Weekly",0.05,"SameTimestamp",1000,"Daily","AIC_ct",904.201062581271,NA,NA,NA,"CT",1,404
"Weekly",0.05,"SameTimestamp",1000,"Daily","BIC_ct",914.016573139235,NA,NA,NA,"CT",1,404
"Weekly",0.05,"SameTimestamp",1000,"Daily","error_var_dt",0.144018524868144,0.0064413186312298,0.131378473586027,0.156658576150262,"DT",1,404
"Weekly",0.05,"SameTimestamp",1000,"Daily","beta_dt",0.65594984462468,0.0238753625101117,0.609098287702191,0.70280140154717,"DT",1,404
"Weekly",0.05,"SameTimestamp",1000,"Daily","LogLik_dt",900.201062581256,NA,NA,NA,"DT",1,404
"Weekly",0.05,"SameTimestamp",1000,"Daily","AIC_dt",904.201062581256,NA,NA,NA,"DT",1,404
"Weekly",0.05,"SameTimestamp",1000,"Daily","BIC_dt",914.01657313922,NA,NA,NA,"DT",1,404
"Weekly",0.05,"SameTimestamp",1000,"Weekly","error_var_ct",1.20638731279633,0.205190532110656,0.803733912620027,1.60904071297264,"CT",1,404
"Weekly",0.05,"SameTimestamp",1000,"Weekly","beta_ct",-2.65098799167922,0.446873538556214,-3.52790540057526,-1.77407058278317,"CT",1,404
"Weekly",0.05,"SameTimestamp",1000,"Weekly","LogLik_ct",1352.43360118203,NA,NA,NA,"CT",1,404
"Weekly",0.05,"SameTimestamp",1000,"Weekly","AIC_ct",1356.43360118203,NA,NA,NA,"CT",1,404
"Weekly",0.05,"SameTimestamp",1000,"Weekly","BIC_ct",1366.24911174,NA,NA,NA,"CT",1,404
"Weekly",0.05,"SameTimestamp",1000,"Weekly","error_var_dt",0.226401875904572,0.0101250095597941,0.206533173951647,0.246270577857497,"DT",1,404
"Weekly",0.05,"SameTimestamp",1000,"Weekly","beta_dt",0.0705813946099292,0.0315273747821462,0.00871399495906273,0.132448794260796,"DT",1,404
"Weekly",0.05,"SameTimestamp",1000,"Weekly","LogLik_dt",1352.43360118204,NA,NA,NA,"DT",1,404
"Weekly",0.05,"SameTimestamp",1000,"Weekly","AIC_dt",1356.43360118204,NA,NA,NA,"DT",1,404
"Weekly",0.05,"SameTimestamp",1000,"Weekly","BIC_dt",1366.24911174,NA,NA,NA,"DT",1,404
"Weekly",0.05,"SameTimestamp",1000,"Monthly","error_var_ct",10.2098820834505,59.6611871732134,-106.865597115045,127.285361281946,"CT",1,404
"Weekly",0.05,"SameTimestamp",1000,"Monthly","beta_ct",-20.9835630965818,122.617739334443,-261.601144995144,219.63401880198,"CT",1,404
"Weekly",0.05,"SameTimestamp",1000,"Monthly","LogLik_ct",1424.351168483,NA,NA,NA,"CT",1,404
"Weekly",0.05,"SameTimestamp",1000,"Monthly","AIC_ct",1428.351168483,NA,NA,NA,"CT",1,404
"Weekly",0.05,"SameTimestamp",1000,"Monthly","BIC_ct",1438.16667904097,NA,NA,NA,"CT",1,404
"Weekly",0.05,"SameTimestamp",1000,"Monthly","error_var_dt",0.243252782058835,0.0108785866916864,0.221905306249581,0.26460025786809,"DT",1,404
"Weekly",0.05,"SameTimestamp",1000,"Monthly","beta_dt",-0.0113224505607358,0.0316154838791803,-0.0733627501360886,0.0507178490146171,"DT",1,404
"Weekly",0.05,"SameTimestamp",1000,"Monthly","LogLik_dt",1424.22292307359,NA,NA,NA,"DT",1,404
"Weekly",0.05,"SameTimestamp",1000,"Monthly","AIC_dt",1428.22292307359,NA,NA,NA,"DT",1,404
"Weekly",0.05,"SameTimestamp",1000,"Monthly","BIC_dt",1438.03843363155,NA,NA,NA,"DT",1,404
"Weekly",0.05,"SameTimestamp",1000,"Daily","error_var_ct",0.202472007254148,0.010776218740998,0.181325412075154,0.223618602433143,"CT",1,405
"Weekly",0.05,"SameTimestamp",1000,"Daily","beta_ct",-0.365062506064933,0.0327852324336977,-0.429398248943556,-0.300726763186311,"CT",1,405
"Weekly",0.05,"SameTimestamp",1000,"Daily","LogLik_ct",898.05034764083,NA,NA,NA,"CT",1,405
"Weekly",0.05,"SameTimestamp",1000,"Daily","AIC_ct",902.05034764083,NA,NA,NA,"CT",1,405
"Weekly",0.05,"SameTimestamp",1000,"Daily","BIC_ct",911.865858198795,NA,NA,NA,"CT",1,405
"Weekly",0.05,"SameTimestamp",1000,"Daily","error_var_dt",0.14368926054,0.00642707538214259,0.131077159342205,0.156301361737796,"DT",1,405
"Weekly",0.05,"SameTimestamp",1000,"Daily","beta_dt",0.694153260405479,0.022757974340444,0.649494397956782,0.738812122854177,"DT",1,405
"Weekly",0.05,"SameTimestamp",1000,"Daily","LogLik_dt",898.050347640831,NA,NA,NA,"DT",1,405
"Weekly",0.05,"SameTimestamp",1000,"Daily","AIC_dt",902.050347640831,NA,NA,NA,"DT",1,405
"Weekly",0.05,"SameTimestamp",1000,"Daily","BIC_dt",911.865858198795,NA,NA,NA,"DT",1,405
"Weekly",0.05,"SameTimestamp",1000,"Weekly","error_var_ct",1.76433174575598,0.590590397919236,0.605393127158242,2.92327036435372,"CT",1,405
"Weekly",0.05,"SameTimestamp",1000,"Weekly","beta_ct",-3.65216681949175,1.21755423840328,-6.04142108453633,-1.26291255444716,"CT",1,405
"Weekly",0.05,"SameTimestamp",1000,"Weekly","LogLik_ct",1416.50860707265,NA,NA,NA,"CT",1,405
"Weekly",0.05,"SameTimestamp",1000,"Weekly","AIC_ct",1420.50860707265,NA,NA,NA,"CT",1,405
"Weekly",0.05,"SameTimestamp",1000,"Weekly","BIC_ct",1430.32411763061,NA,NA,NA,"CT",1,405
"Weekly",0.05,"SameTimestamp",1000,"Weekly","error_var_dt",0.241383418980541,0.0107949917986697,0.22019998469681,0.262566853264271,"DT",1,405
"Weekly",0.05,"SameTimestamp",1000,"Weekly","beta_dt",0.025934849537338,0.0316013310329169,-0.0360776773546871,0.0879473764293631,"DT",1,405
"Weekly",0.05,"SameTimestamp",1000,"Weekly","LogLik_dt",1416.50860707265,NA,NA,NA,"DT",1,405
"Weekly",0.05,"SameTimestamp",1000,"Weekly","AIC_dt",1420.50860707265,NA,NA,NA,"DT",1,405
"Weekly",0.05,"SameTimestamp",1000,"Weekly","BIC_dt",1430.32411763061,NA,NA,NA,"DT",1,405
"Weekly",0.05,"SameTimestamp",1000,"Monthly","error_var_ct",10.5333940383976,57.5635774345668,-102.42586359363,123.492651670425,"CT",1,405
"Weekly",0.05,"SameTimestamp",1000,"Monthly","beta_ct",-20.7167074355416,113.21474585205,-242.882427746848,201.449012875765,"CT",1,405
"Weekly",0.05,"SameTimestamp",1000,"Monthly","LogLik_ct",1468.34266222901,NA,NA,NA,"CT",1,405
"Weekly",0.05,"SameTimestamp",1000,"Monthly","AIC_ct",1472.34266222901,NA,NA,NA,"CT",1,405
"Weekly",0.05,"SameTimestamp",1000,"Monthly","BIC_ct",1482.15817278698,NA,NA,NA,"CT",1,405
"Weekly",0.05,"SameTimestamp",1000,"Monthly","error_var_dt",0.254164202824401,0.011366586540617,0.231859105840153,0.27646929980865,"DT",1,405
"Weekly",0.05,"SameTimestamp",1000,"Monthly","beta_dt",-0.0154981828817492,0.0316114379706672,-0.0775305430127093,0.0465341772492108,"DT",1,405
"Weekly",0.05,"SameTimestamp",1000,"Monthly","LogLik_dt",1468.10232287329,NA,NA,NA,"DT",1,405
"Weekly",0.05,"SameTimestamp",1000,"Monthly","AIC_dt",1472.10232287329,NA,NA,NA,"DT",1,405
"Weekly",0.05,"SameTimestamp",1000,"Monthly","BIC_dt",1481.91783343125,NA,NA,NA,"DT",1,405
"Weekly",0.05,"SameTimestamp",1000,"Daily","error_var_ct",0.211305908678856,0.0114666439718158,0.188804465087039,0.233807352270673,"CT",1,406
"Weekly",0.05,"SameTimestamp",1000,"Daily","beta_ct",-0.407559301891301,0.0354802590357654,-0.477183600795027,-0.337935002987574,"CT",1,406
"Weekly",0.05,"SameTimestamp",1000,"Daily","LogLik_ct",903.639683133306,NA,NA,NA,"CT",1,406
"Weekly",0.05,"SameTimestamp",1000,"Daily","AIC_ct",907.639683133306,NA,NA,NA,"CT",1,406
"Weekly",0.05,"SameTimestamp",1000,"Daily","BIC_ct",917.45519369127,NA,NA,NA,"CT",1,406
"Weekly",0.05,"SameTimestamp",1000,"Daily","error_var_dt",0.144500068967944,0.00646322204019976,0.131817035770402,0.157183102165487,"DT",1,406
"Weekly",0.05,"SameTimestamp",1000,"Daily","beta_dt",0.665272000466381,0.0236040325859835,0.618952884857805,0.711591116074956,"DT",1,406
"Weekly",0.05,"SameTimestamp",1000,"Daily","LogLik_dt",903.639683133305,NA,NA,NA,"DT",1,406
"Weekly",0.05,"SameTimestamp",1000,"Daily","AIC_dt",907.639683133305,NA,NA,NA,"DT",1,406
"Weekly",0.05,"SameTimestamp",1000,"Daily","BIC_dt",917.45519369127,NA,NA,NA,"DT",1,406
"Weekly",0.05,"SameTimestamp",1000,"Weekly","error_var_ct",1.25408361970424,0.194828854167492,0.871763345098742,1.63640389430974,"CT",1,406
"Weekly",0.05,"SameTimestamp",1000,"Weekly","beta_ct",-2.5054940156741,0.385766178531106,-3.26249806386675,-1.74848996748146,"CT",1,406
"Weekly",0.05,"SameTimestamp",1000,"Weekly","LogLik_ct",1445.96384314971,NA,NA,NA,"CT",1,406
"Weekly",0.05,"SameTimestamp",1000,"Weekly","AIC_ct",1449.96384314971,NA,NA,NA,"CT",1,406
"Weekly",0.05,"SameTimestamp",1000,"Weekly","BIC_ct",1459.77935370768,NA,NA,NA,"CT",1,406
"Weekly",0.05,"SameTimestamp",1000,"Weekly","error_var_dt",0.248598823714432,0.0111176905238255,0.226782145110996,0.270415502317868,"DT",1,406
"Weekly",0.05,"SameTimestamp",1000,"Weekly","beta_dt",0.0816353340684918,0.0315256088113147,0.0197713998512037,0.14349926828578,"DT",1,406
"Weekly",0.05,"SameTimestamp",1000,"Weekly","LogLik_dt",1445.96384314968,NA,NA,NA,"DT",1,406
"Weekly",0.05,"SameTimestamp",1000,"Weekly","AIC_dt",1449.96384314968,NA,NA,NA,"DT",1,406
"Weekly",0.05,"SameTimestamp",1000,"Weekly","BIC_dt",1459.77935370765,NA,NA,NA,"DT",1,406
"Weekly",0.05,"SameTimestamp",1000,"Monthly","error_var_ct",11.1630237260137,49.8737660497813,-86.7062165014655,109.032263953493,"CT",1,406
"Weekly",0.05,"SameTimestamp",1000,"Monthly","beta_ct",-21.10988382175,94.3143815070079,-206.186680536923,163.966912893423,"CT",1,406
"Weekly",0.05,"SameTimestamp",1000,"Monthly","LogLik_ct",1507.59317797551,NA,NA,NA,"CT",1,406
"Weekly",0.05,"SameTimestamp",1000,"Monthly","AIC_ct",1511.59317797551,NA,NA,NA,"CT",1,406
"Weekly",0.05,"SameTimestamp",1000,"Monthly","BIC_ct",1521.40868853347,NA,NA,NA,"CT",1,406
"Weekly",0.05,"SameTimestamp",1000,"Monthly","error_var_dt",0.26420676824287,0.0118156951361589,0.241020367910055,0.287393168575685,"DT",1,406
"Weekly",0.05,"SameTimestamp",1000,"Monthly","beta_dt",-0.0272152870239733,0.0316480251543721,-0.0893194436153749,0.0348888695674283,"DT",1,406
"Weekly",0.05,"SameTimestamp",1000,"Monthly","LogLik_dt",1506.85396281133,NA,NA,NA,"DT",1,406
"Weekly",0.05,"SameTimestamp",1000,"Monthly","AIC_dt",1510.85396281133,NA,NA,NA,"DT",1,406
"Weekly",0.05,"SameTimestamp",1000,"Monthly","BIC_dt",1520.66947336929,NA,NA,NA,"DT",1,406
"Weekly",0.05,"SameTimestamp",1000,"Daily","error_var_ct",0.203570176238802,0.0107223604409662,0.182529269306787,0.224611083170817,"CT",1,407
"Weekly",0.05,"SameTimestamp",1000,"Daily","beta_ct",-0.339392975888762,0.0313200385866406,-0.400853511620318,-0.277932440157206,"CT",1,407
"Weekly",0.05,"SameTimestamp",1000,"Daily","LogLik_ct",926.056488759678,NA,NA,NA,"CT",1,407
"Weekly",0.05,"SameTimestamp",1000,"Daily","AIC_ct",930.056488759678,NA,NA,NA,"CT",1,407
"Weekly",0.05,"SameTimestamp",1000,"Daily","BIC_ct",939.871999317642,NA,NA,NA,"CT",1,407
"Weekly",0.05,"SameTimestamp",1000,"Daily","error_var_dt",0.147782645266603,0.00660987137776542,0.134811836342778,0.160753454190428,"DT",1,407
"Weekly",0.05,"SameTimestamp",1000,"Daily","beta_dt",0.71220252734464,0.022306403655282,0.668429799699191,0.755975254990089,"DT",1,407
"Weekly",0.05,"SameTimestamp",1000,"Daily","LogLik_dt",926.056488759681,NA,NA,NA,"DT",1,407
"Weekly",0.05,"SameTimestamp",1000,"Daily","AIC_dt",930.056488759681,NA,NA,NA,"DT",1,407
"Weekly",0.05,"SameTimestamp",1000,"Daily","BIC_dt",939.871999317645,NA,NA,NA,"DT",1,407
"Weekly",0.05,"SameTimestamp",1000,"Weekly","error_var_ct",1.32908892863052,0.223646479513807,0.890218701591334,1.76795915566971,"CT",1,407
"Weekly",0.05,"SameTimestamp",1000,"Weekly","beta_ct",-2.63451361823017,0.439352051652303,-3.49667131942874,-1.77235591703159,"CT",1,407
"Weekly",0.05,"SameTimestamp",1000,"Weekly","LogLik_ct",1455.36341817453,NA,NA,NA,"CT",1,407
"Weekly",0.05,"SameTimestamp",1000,"Weekly","AIC_ct",1459.36341817453,NA,NA,NA,"CT",1,407
"Weekly",0.05,"SameTimestamp",1000,"Weekly","BIC_ct",1469.1789287325,NA,NA,NA,"CT",1,407
"Weekly",0.05,"SameTimestamp",1000,"Weekly","error_var_dt",0.250946874153558,0.011222697424584,0.228924136405007,0.27296961190211,"DT",1,407
"Weekly",0.05,"SameTimestamp",1000,"Weekly","beta_dt",0.0717538801555643,0.0315313355104804,0.00987870821269908,0.13362905209843,"DT",1,407
"Weekly",0.05,"SameTimestamp",1000,"Weekly","LogLik_dt",1455.36341817453,NA,NA,NA,"DT",1,407
"Weekly",0.05,"SameTimestamp",1000,"Weekly","AIC_dt",1459.36341817453,NA,NA,NA,"DT",1,407
"Weekly",0.05,"SameTimestamp",1000,"Weekly","BIC_dt",1469.1789287325,NA,NA,NA,"DT",1,407
"Weekly",0.05,"SameTimestamp",1000,"Monthly","error_var_ct",11.1892648072919,573.908022871716,-1115.01287727369,1137.39140688828,"CT",1,407
"Weekly",0.05,"SameTimestamp",1000,"Monthly","beta_ct",-23.0953036610114,1184.57447223024,-2347.63208466773,2301.44147734571,"CT",1,407
"Weekly",0.05,"SameTimestamp",1000,"Monthly","LogLik_ct",1420.05500447375,NA,NA,NA,"CT",1,407
"Weekly",0.05,"SameTimestamp",1000,"Monthly","AIC_ct",1424.05500447375,NA,NA,NA,"CT",1,407
"Weekly",0.05,"SameTimestamp",1000,"Monthly","BIC_ct",1433.87051503171,NA,NA,NA,"CT",1,407
"Weekly",0.05,"SameTimestamp",1000,"Monthly","error_var_dt",0.241312914248183,0.0107918482345524,0.220135648703174,0.262490179793193,"DT",1,407
"Weekly",0.05,"SameTimestamp",1000,"Monthly","beta_dt",-0.0618665867594918,0.0315477815515038,-0.123774031411382,4.08578923983896e-05,"DT",1,407
"Weekly",0.05,"SameTimestamp",1000,"Monthly","LogLik_dt",1416.21661937972,NA,NA,NA,"DT",1,407
"Weekly",0.05,"SameTimestamp",1000,"Monthly","AIC_dt",1420.21661937972,NA,NA,NA,"DT",1,407
"Weekly",0.05,"SameTimestamp",1000,"Monthly","BIC_dt",1430.03212993768,NA,NA,NA,"DT",1,407
"Weekly",0.05,"SameTimestamp",1000,"Daily","error_var_ct",0.20900534586489,0.0111676260426647,0.187090676841314,0.230920014888466,"CT",1,408
"Weekly",0.05,"SameTimestamp",1000,"Daily","beta_ct",-0.3724208237757,0.0333171875905132,-0.437800443047789,-0.307041204503611,"CT",1,408
"Weekly",0.05,"SameTimestamp",1000,"Daily","LogLik_ct",923.247556565419,NA,NA,NA,"CT",1,408
"Weekly",0.05,"SameTimestamp",1000,"Daily","AIC_ct",927.247556565419,NA,NA,NA,"CT",1,408
"Weekly",0.05,"SameTimestamp",1000,"Daily","BIC_ct",937.063067123384,NA,NA,NA,"CT",1,408
"Weekly",0.05,"SameTimestamp",1000,"Daily","error_var_dt",0.147370417609203,0.00659137623021566,0.134435902436221,0.160304932782185,"DT",1,408
"Weekly",0.05,"SameTimestamp",1000,"Daily","beta_dt",0.689064203004722,0.022957672408119,0.64401346523346,0.734114940775984,"DT",1,408
"Weekly",0.05,"SameTimestamp",1000,"Daily","LogLik_dt",923.247556565418,NA,NA,NA,"DT",1,408
"Weekly",0.05,"SameTimestamp",1000,"Daily","AIC_dt",927.247556565418,NA,NA,NA,"DT",1,408
"Weekly",0.05,"SameTimestamp",1000,"Daily","BIC_dt",937.063067123383,NA,NA,NA,"DT",1,408
"Weekly",0.05,"SameTimestamp",1000,"Weekly","error_var_ct",1.43104397019734,0.278519391932234,0.88449448264071,1.97759345775397,"CT",1,408
"Weekly",0.05,"SameTimestamp",1000,"Weekly","beta_ct",-2.86129085167563,0.552350185393791,-3.94518920677558,-1.77739249657568,"CT",1,408
"Weekly",0.05,"SameTimestamp",1000,"Weekly","LogLik_ct",1448.58482566971,NA,NA,NA,"CT",1,408
"Weekly",0.05,"SameTimestamp",1000,"Weekly","AIC_ct",1452.58482566971,NA,NA,NA,"CT",1,408
"Weekly",0.05,"SameTimestamp",1000,"Weekly","BIC_ct",1462.40033622768,NA,NA,NA,"CT",1,408
"Weekly",0.05,"SameTimestamp",1000,"Weekly","error_var_dt",0.249251589592513,0.0111468710508394,0.227377648900518,0.271125530284508,"DT",1,408
"Weekly",0.05,"SameTimestamp",1000,"Weekly","beta_dt",0.0571948362042464,0.031584330473958,-0.0047843298265377,0.119174002235031,"DT",1,408
"Weekly",0.05,"SameTimestamp",1000,"Weekly","LogLik_dt",1448.58482566971,NA,NA,NA,"DT",1,408
"Weekly",0.05,"SameTimestamp",1000,"Weekly","AIC_dt",1452.58482566971,NA,NA,NA,"DT",1,408
"Weekly",0.05,"SameTimestamp",1000,"Weekly","BIC_dt",1462.40033622767,NA,NA,NA,"DT",1,408
"Weekly",0.05,"SameTimestamp",1000,"Monthly","error_var_ct",10.4007053035944,173.545590276947,-330.154588801946,350.955999409135,"CT",1,408
"Weekly",0.05,"SameTimestamp",1000,"Monthly","beta_ct",-20.1996220989176,337.045763084929,-681.597695027432,641.198450829596,"CT",1,408
"Weekly",0.05,"SameTimestamp",1000,"Monthly","LogLik_ct",1480.94012984525,NA,NA,NA,"CT",1,408
"Weekly",0.05,"SameTimestamp",1000,"Monthly","AIC_ct",1484.94012984525,NA,NA,NA,"CT",1,408
"Weekly",0.05,"SameTimestamp",1000,"Monthly","BIC_ct",1494.75564040321,NA,NA,NA,"CT",1,408
"Weekly",0.05,"SameTimestamp",1000,"Monthly","error_var_dt",0.257362333521217,0.0115095869294971,0.234776621285296,0.279948045757138,"DT",1,408
"Weekly",0.05,"SameTimestamp",1000,"Monthly","beta_dt",-0.0182525151272098,0.0316096060596163,-0.0802812804275222,0.0437762501731025,"DT",1,408
"Weekly",0.05,"SameTimestamp",1000,"Monthly","LogLik_dt",1480.60675522327,NA,NA,NA,"DT",1,408
"Weekly",0.05,"SameTimestamp",1000,"Monthly","AIC_dt",1484.60675522327,NA,NA,NA,"DT",1,408
"Weekly",0.05,"SameTimestamp",1000,"Monthly","BIC_dt",1494.42226578124,NA,NA,NA,"DT",1,408
"Weekly",0.05,"SameTimestamp",1000,"Daily","error_var_ct",0.218828467948673,0.0121904926822394,0.194906587743786,0.24275034815356,"CT",1,409
"Weekly",0.05,"SameTimestamp",1000,"Daily","beta_ct",-0.465031048636691,0.0391862236250884,-0.541927706686205,-0.388134390587177,"CT",1,409
"Weekly",0.05,"SameTimestamp",1000,"Daily","LogLik_ct",889.306533900614,NA,NA,NA,"CT",1,409
"Weekly",0.05,"SameTimestamp",1000,"Daily","AIC_ct",893.306533900614,NA,NA,NA,"CT",1,409
"Weekly",0.05,"SameTimestamp",1000,"Daily","BIC_ct",903.122044458579,NA,NA,NA,"CT",1,409
"Weekly",0.05,"SameTimestamp",1000,"Daily","error_var_dt",0.142457417015076,0.00637151555514488,0.129954343037122,0.15496049099303,"DT",1,409
"Weekly",0.05,"SameTimestamp",1000,"Daily","beta_dt",0.628115604658753,0.0246136781797966,0.579815222043654,0.676415987273853,"DT",1,409
"Weekly",0.05,"SameTimestamp",1000,"Daily","LogLik_dt",889.306533900614,NA,NA,NA,"DT",1,409
"Weekly",0.05,"SameTimestamp",1000,"Daily","AIC_dt",893.306533900614,NA,NA,NA,"DT",1,409
"Weekly",0.05,"SameTimestamp",1000,"Daily","BIC_dt",903.122044458579,NA,NA,NA,"DT",1,409
"Weekly",0.05,"SameTimestamp",1000,"Weekly","error_var_ct",1.28219431912389,0.207199052409554,0.875599521070425,1.68878911717736,"CT",1,409
"Weekly",0.05,"SameTimestamp",1000,"Weekly","beta_ct",-2.56968223226457,0.411516842118099,-3.37721781397119,-1.76214665055795,"CT",1,409
"Weekly",0.05,"SameTimestamp",1000,"Weekly","LogLik_ct",1443.64224279549,NA,NA,NA,"CT",1,409
"Weekly",0.05,"SameTimestamp",1000,"Weekly","AIC_ct",1447.64224279549,NA,NA,NA,"CT",1,409
"Weekly",0.05,"SameTimestamp",1000,"Weekly","BIC_ct",1457.45775335345,NA,NA,NA,"CT",1,409
"Weekly",0.05,"SameTimestamp",1000,"Weekly","error_var_dt",0.248022666624891,0.0110919134153772,0.226256571448754,0.269788761801029,"DT",1,409
"Weekly",0.05,"SameTimestamp",1000,"Weekly","beta_dt",0.0765599057124936,0.0315189978745507,0.0147089443947783,0.138410867030209,"DT",1,409
"Weekly",0.05,"SameTimestamp",1000,"Weekly","LogLik_dt",1443.64224279549,NA,NA,NA,"DT",1,409
"Weekly",0.05,"SameTimestamp",1000,"Weekly","AIC_dt",1447.64224279549,NA,NA,NA,"DT",1,409
"Weekly",0.05,"SameTimestamp",1000,"Weekly","BIC_dt",1457.45775335345,NA,NA,NA,"DT",1,409
"Weekly",0.05,"SameTimestamp",1000,"Monthly","error_var_ct",1.68610231803916,0.481390119934299,0.741451672568378,2.63075296350995,"CT",1,409
"Weekly",0.05,"SameTimestamp",1000,"Monthly","beta_ct",-3.42818930086437,0.973704029866199,-5.33892677182897,-1.51745182989976,"CT",1,409
"Weekly",0.05,"SameTimestamp",1000,"Monthly","LogLik_ct",1434.06398655743,NA,NA,NA,"CT",1,409
"Weekly",0.05,"SameTimestamp",1000,"Monthly","AIC_ct",1438.06398655743,NA,NA,NA,"CT",1,409
"Weekly",0.05,"SameTimestamp",1000,"Monthly","BIC_ct",1447.87949711539,NA,NA,NA,"CT",1,409
"Weekly",0.05,"SameTimestamp",1000,"Monthly","error_var_dt",0.245658445679569,0.0109861853967552,0.224099824726312,0.267217066632826,"DT",1,409
"Weekly",0.05,"SameTimestamp",1000,"Monthly","beta_dt",0.0324455979567413,0.03159121879602,-0.0295470852976265,0.0944382812111092,"DT",1,409
"Weekly",0.05,"SameTimestamp",1000,"Monthly","LogLik_dt",1434.06398655743,NA,NA,NA,"DT",1,409
"Weekly",0.05,"SameTimestamp",1000,"Monthly","AIC_dt",1438.06398655743,NA,NA,NA,"DT",1,409
"Weekly",0.05,"SameTimestamp",1000,"Monthly","BIC_dt",1447.87949711539,NA,NA,NA,"DT",1,409
"Weekly",0.05,"SameTimestamp",1000,"Daily","error_var_ct",0.210787821447927,0.0115701781423417,0.188083208707086,0.233492434188768,"CT",1,410
"Weekly",0.05,"SameTimestamp",1000,"Daily","beta_ct",-0.432601789627033,0.0370737712822911,-0.505353099887892,-0.359850479366173,"CT",1,410
"Weekly",0.05,"SameTimestamp",1000,"Daily","LogLik_ct",879.795708698158,NA,NA,NA,"CT",1,410
"Weekly",0.05,"SameTimestamp",1000,"Daily","AIC_ct",883.795708698158,NA,NA,NA,"CT",1,410
"Weekly",0.05,"SameTimestamp",1000,"Daily","BIC_ct",893.611219256122,NA,NA,NA,"CT",1,410
"Weekly",0.05,"SameTimestamp",1000,"Daily","error_var_dt",0.141068936923172,0.00631043950956185,0.128685714856367,0.153452158989976,"DT",1,410
"Weekly",0.05,"SameTimestamp",1000,"Daily","beta_dt",0.648818787596288,0.0240538163177835,0.601617043792882,0.696020531399695,"DT",1,410
"Weekly",0.05,"SameTimestamp",1000,"Daily","LogLik_dt",879.795708698158,NA,NA,NA,"DT",1,410
"Weekly",0.05,"SameTimestamp",1000,"Daily","AIC_dt",883.795708698158,NA,NA,NA,"DT",1,410
"Weekly",0.05,"SameTimestamp",1000,"Daily","BIC_dt",893.611219256122,NA,NA,NA,"DT",1,410
"Weekly",0.05,"SameTimestamp",1000,"Weekly","error_var_ct",1.47499970226185,0.302724765533574,0.880951064121303,2.06904834040239,"CT",1,410
"Weekly",0.05,"SameTimestamp",1000,"Weekly","beta_ct",-2.94215555923986,0.59915156756553,-4.1178940956121,-1.76641702286761,"CT",1,410
"Weekly",0.05,"SameTimestamp",1000,"Weekly","LogLik_ct",1451.46023833679,NA,NA,NA,"CT",1,410
"Weekly",0.05,"SameTimestamp",1000,"Weekly","AIC_ct",1455.46023833679,NA,NA,NA,"CT",1,410
"Weekly",0.05,"SameTimestamp",1000,"Weekly","BIC_ct",1465.27574889475,NA,NA,NA,"CT",1,410
"Weekly",0.05,"SameTimestamp",1000,"Weekly","error_var_dt",0.249968913620824,0.0111789613345147,0.228032000911058,0.271905826330589,"DT",1,410
"Weekly",0.05,"SameTimestamp",1000,"Weekly","beta_dt",0.0527517700902134,0.0316027871563695,-0.00926361420976942,0.114767154390196,"DT",1,410
"Weekly",0.05,"SameTimestamp",1000,"Weekly","LogLik_dt",1451.46023833675,NA,NA,NA,"DT",1,410
"Weekly",0.05,"SameTimestamp",1000,"Weekly","AIC_dt",1455.46023833675,NA,NA,NA,"DT",1,410
"Weekly",0.05,"SameTimestamp",1000,"Weekly","BIC_dt",1465.27574889471,NA,NA,NA,"DT",1,410
"Weekly",0.05,"SameTimestamp",1000,"Monthly","error_var_ct",2.08937333969674,1.29478681917539,-0.451437436910037,4.63018411630351,"CT",1,410
"Weekly",0.05,"SameTimestamp",1000,"Monthly","beta_ct",-4.4617994180816,2.76095534694235,-9.8797299958032,0.956131159640008,"CT",1,410
"Weekly",0.05,"SameTimestamp",1000,"Monthly","LogLik_ct",1385.90886059599,NA,NA,NA,"CT",1,410
"Weekly",0.05,"SameTimestamp",1000,"Monthly","AIC_ct",1389.90886059599,NA,NA,NA,"CT",1,410
"Weekly",0.05,"SameTimestamp",1000,"Monthly","BIC_ct",1399.72437115395,NA,NA,NA,"CT",1,410
"Weekly",0.05,"SameTimestamp",1000,"Monthly","error_var_dt",0.234109036077369,0.0104696716342004,0.213563990266158,0.25465408188858,"DT",1,410
"Weekly",0.05,"SameTimestamp",1000,"Monthly","beta_dt",0.011541537927507,0.0316159757000688,-0.0504997267671961,0.0735828026222101,"DT",1,410
"Weekly",0.05,"SameTimestamp",1000,"Monthly","LogLik_dt",1385.90886059598,NA,NA,NA,"DT",1,410
"Weekly",0.05,"SameTimestamp",1000,"Monthly","AIC_dt",1389.90886059598,NA,NA,NA,"DT",1,410
"Weekly",0.05,"SameTimestamp",1000,"Monthly","BIC_dt",1399.72437115395,NA,NA,NA,"DT",1,410
"Weekly",0.05,"SameTimestamp",1000,"Daily","error_var_ct",0.221030545668173,0.0122742239482459,0.196944356327715,0.245116735008631,"CT",1,411
"Weekly",0.05,"SameTimestamp",1000,"Daily","beta_ct",-0.458276306730307,0.0387386049168516,-0.534294585095339,-0.382258028365276,"CT",1,411
"Weekly",0.05,"SameTimestamp",1000,"Daily","LogLik_ct",905.03185716269,NA,NA,NA,"CT",1,411
"Weekly",0.05,"SameTimestamp",1000,"Daily","AIC_ct",909.03185716269,NA,NA,NA,"CT",1,411
"Weekly",0.05,"SameTimestamp",1000,"Daily","BIC_ct",918.847367720655,NA,NA,NA,"CT",1,411
"Weekly",0.05,"SameTimestamp",1000,"Daily","error_var_dt",0.144717798453032,0.0064725477589716,0.132016465033087,0.157419131872977,"DT",1,411
"Weekly",0.05,"SameTimestamp",1000,"Daily","beta_dt",0.632372721709079,0.0244970799128358,0.584301144429993,0.680444298988164,"DT",1,411
"Weekly",0.05,"SameTimestamp",1000,"Daily","LogLik_dt",905.03185716269,NA,NA,NA,"DT",1,411
"Weekly",0.05,"SameTimestamp",1000,"Daily","AIC_dt",909.03185716269,NA,NA,NA,"DT",1,411
"Weekly",0.05,"SameTimestamp",1000,"Daily","BIC_dt",918.847367720654,NA,NA,NA,"DT",1,411
"Weekly",0.05,"SameTimestamp",1000,"Weekly","error_var_ct",1.14300804799615,0.159279160911942,0.830448325777408,1.45556777021489,"CT",1,411
"Weekly",0.05,"SameTimestamp",1000,"Weekly","beta_ct",-2.32228885595753,0.320969806604934,-2.95214045122369,-1.69243726069138,"CT",1,411
"Weekly",0.05,"SameTimestamp",1000,"Weekly","LogLik_ct",1426.18017801316,NA,NA,NA,"CT",1,411
"Weekly",0.05,"SameTimestamp",1000,"Weekly","AIC_ct",1430.18017801316,NA,NA,NA,"CT",1,411
"Weekly",0.05,"SameTimestamp",1000,"Weekly","BIC_ct",1439.99568857112,NA,NA,NA,"CT",1,411
"Weekly",0.05,"SameTimestamp",1000,"Weekly","error_var_dt",0.243729296580244,0.0108999075490877,0.222339982019275,0.265118611141214,"DT",1,411
"Weekly",0.05,"SameTimestamp",1000,"Weekly","beta_dt",0.0980489121740746,0.031474595897565,0.0362850825910643,0.159812741757085,"DT",1,411
"Weekly",0.05,"SameTimestamp",1000,"Weekly","LogLik_dt",1426.18017801316,NA,NA,NA,"DT",1,411
"Weekly",0.05,"SameTimestamp",1000,"Weekly","AIC_dt",1430.18017801316,NA,NA,NA,"DT",1,411
"Weekly",0.05,"SameTimestamp",1000,"Weekly","BIC_dt",1439.99568857112,NA,NA,NA,"DT",1,411
"Weekly",0.05,"SameTimestamp",1000,"Monthly","error_var_ct",11.1959117716875,237.169704489246,-454.21146813561,476.603291678985,"CT",1,411
"Weekly",0.05,"SameTimestamp",1000,"Monthly","beta_ct",-22.6916548481232,480.67581178001,-965.940585511995,920.557275815749,"CT",1,411
"Weekly",0.05,"SameTimestamp",1000,"Monthly","LogLik_ct",1438.28134903487,NA,NA,NA,"CT",1,411
"Weekly",0.05,"SameTimestamp",1000,"Monthly","AIC_ct",1442.28134903487,NA,NA,NA,"CT",1,411
"Weekly",0.05,"SameTimestamp",1000,"Monthly","BIC_ct",1452.09685959284,NA,NA,NA,"CT",1,411
"Weekly",0.05,"SameTimestamp",1000,"Monthly","error_var_dt",0.24663105637217,0.0110296782371611,0.224987087718448,0.268275025025892,"DT",1,411
"Weekly",0.05,"SameTimestamp",1000,"Monthly","beta_dt",-0.0163025174748199,0.0316046220736257,-0.0783215025046445,0.0457164675550047,"DT",1,411
"Weekly",0.05,"SameTimestamp",1000,"Monthly","LogLik_dt",1438.01530371175,NA,NA,NA,"DT",1,411
"Weekly",0.05,"SameTimestamp",1000,"Monthly","AIC_dt",1442.01530371175,NA,NA,NA,"DT",1,411
"Weekly",0.05,"SameTimestamp",1000,"Monthly","BIC_dt",1451.83081426971,NA,NA,NA,"DT",1,411
"Weekly",0.05,"SameTimestamp",1000,"Daily","error_var_ct",0.231083287718719,0.0130328596785979,0.20550839783648,0.256658177600958,"CT",1,412
"Weekly",0.05,"SameTimestamp",1000,"Daily","beta_ct",-0.492794408361576,0.0409702438564437,-0.573191919032064,-0.412396897691089,"CT",1,412
"Weekly",0.05,"SameTimestamp",1000,"Daily","LogLik_ct",920.360698627314,NA,NA,NA,"CT",1,412
"Weekly",0.05,"SameTimestamp",1000,"Daily","AIC_ct",924.360698627314,NA,NA,NA,"CT",1,412
"Weekly",0.05,"SameTimestamp",1000,"Daily","BIC_ct",934.176209185279,NA,NA,NA,"CT",1,412
"Weekly",0.05,"SameTimestamp",1000,"Daily","error_var_dt",0.14695634367732,0.00657258173136001,0.134058709683947,0.159853977670694,"DT",1,412
"Weekly",0.05,"SameTimestamp",1000,"Daily","beta_dt",0.610916865301311,0.0250292028932009,0.56180108230205,0.660032648300573,"DT",1,412
"Weekly",0.05,"SameTimestamp",1000,"Daily","LogLik_dt",920.360698627311,NA,NA,NA,"DT",1,412
"Weekly",0.05,"SameTimestamp",1000,"Daily","AIC_dt",924.360698627311,NA,NA,NA,"DT",1,412
"Weekly",0.05,"SameTimestamp",1000,"Daily","BIC_dt",934.176209185275,NA,NA,NA,"DT",1,412
"Weekly",0.05,"SameTimestamp",1000,"Weekly","error_var_ct",1.34233558349309,0.218738117801758,0.913097226464289,1.77157394052189,"CT",1,412
"Weekly",0.05,"SameTimestamp",1000,"Weekly","beta_ct",-2.5816288167995,0.416908887518359,-3.39974541992063,-1.76351221367836,"CT",1,412
"Weekly",0.05,"SameTimestamp",1000,"Weekly","LogLik_ct",1484.98090252797,NA,NA,NA,"CT",1,412
"Weekly",0.05,"SameTimestamp",1000,"Weekly","AIC_ct",1488.98090252797,NA,NA,NA,"CT",1,412
"Weekly",0.05,"SameTimestamp",1000,"Weekly","BIC_ct",1498.79641308593,NA,NA,NA,"CT",1,412
"Weekly",0.05,"SameTimestamp",1000,"Weekly","error_var_dt",0.258490548570073,0.0115600287127028,0.235805852451661,0.281175244688485,"DT",1,412
"Weekly",0.05,"SameTimestamp",1000,"Weekly","beta_dt",0.0756506575679036,0.031525134846682,0.0137876534299371,0.13751366170587,"DT",1,412
"Weekly",0.05,"SameTimestamp",1000,"Weekly","LogLik_dt",1484.98090252796,NA,NA,NA,"DT",1,412
"Weekly",0.05,"SameTimestamp",1000,"Weekly","AIC_dt",1488.98090252796,NA,NA,NA,"DT",1,412
"Weekly",0.05,"SameTimestamp",1000,"Weekly","BIC_dt",1498.79641308592,NA,NA,NA,"DT",1,412
"Weekly",0.05,"SameTimestamp",1000,"Monthly","error_var_ct",2.05693748097091,0.824493807571859,0.439001060473281,3.67487390146854,"CT",1,412
"Weekly",0.05,"SameTimestamp",1000,"Monthly","beta_ct",-3.89872726409812,1.55801586693386,-6.95608268833007,-0.841371839866172,"CT",1,412
"Weekly",0.05,"SameTimestamp",1000,"Monthly","LogLik_ct",1504.88707549854,NA,NA,NA,"CT",1,412
"Weekly",0.05,"SameTimestamp",1000,"Monthly","AIC_ct",1508.88707549854,NA,NA,NA,"CT",1,412
"Weekly",0.05,"SameTimestamp",1000,"Monthly","BIC_ct",1518.7025860565,NA,NA,NA,"CT",1,412
"Weekly",0.05,"SameTimestamp",1000,"Monthly","error_var_dt",0.263687657920728,0.011792457988736,0.240546856750428,0.286828459091029,"DT",1,412
"Weekly",0.05,"SameTimestamp",1000,"Monthly","beta_dt",0.0202676715087716,0.031602839868621,-0.0417478162305222,0.0822831592480654,"DT",1,412
"Weekly",0.05,"SameTimestamp",1000,"Monthly","LogLik_dt",1504.88707549854,NA,NA,NA,"DT",1,412
"Weekly",0.05,"SameTimestamp",1000,"Monthly","AIC_dt",1508.88707549854,NA,NA,NA,"DT",1,412
"Weekly",0.05,"SameTimestamp",1000,"Monthly","BIC_dt",1518.7025860565,NA,NA,NA,"DT",1,412
"Weekly",0.05,"SameTimestamp",1000,"Daily","error_var_ct",0.210825381219283,0.0117139404149545,0.187838658152545,0.23381210428602,"CT",1,413
"Weekly",0.05,"SameTimestamp",1000,"Daily","beta_ct",-0.458591564253116,0.0387942959747431,-0.534719127357501,-0.382464001148731,"CT",1,413
"Weekly",0.05,"SameTimestamp",1000,"Daily","LogLik_ct",857.655619011553,NA,NA,NA,"CT",1,413
"Weekly",0.05,"SameTimestamp",1000,"Daily","AIC_ct",861.655619011553,NA,NA,NA,"CT",1,413
"Weekly",0.05,"SameTimestamp",1000,"Daily","BIC_ct",871.471129569517,NA,NA,NA,"CT",1,413
"Weekly",0.05,"SameTimestamp",1000,"Daily","error_var_dt",0.137999104968694,0.00617263202882786,0.125886307906964,0.150111902030423,"DT",1,413
"Weekly",0.05,"SameTimestamp",1000,"Daily","beta_dt",0.63217339458001,0.0245248310815813,0.584047360097956,0.680299429062063,"DT",1,413
"Weekly",0.05,"SameTimestamp",1000,"Daily","LogLik_dt",857.655619011553,NA,NA,NA,"DT",1,413
"Weekly",0.05,"SameTimestamp",1000,"Daily","AIC_dt",861.655619011553,NA,NA,NA,"DT",1,413
"Weekly",0.05,"SameTimestamp",1000,"Daily","BIC_dt",871.471129569517,NA,NA,NA,"DT",1,413
"Weekly",0.05,"SameTimestamp",1000,"Weekly","error_var_ct",2.07655269230927,1.06923043273497,-0.021639972255485,4.17474535687402,"CT",1,413
"Weekly",0.05,"SameTimestamp",1000,"Weekly","beta_ct",-4.23384197072723,2.1756690365226,-8.50324234803947,0.0355584065850012,"CT",1,413
"Weekly",0.05,"SameTimestamp",1000,"Weekly","LogLik_ct",1432.11910541739,NA,NA,NA,"CT",1,413
"Weekly",0.05,"SameTimestamp",1000,"Weekly","AIC_ct",1436.11910541739,NA,NA,NA,"CT",1,413
"Weekly",0.05,"SameTimestamp",1000,"Weekly","BIC_ct",1445.93461597536,NA,NA,NA,"CT",1,413
"Weekly",0.05,"SameTimestamp",1000,"Weekly","error_var_dt",0.245181130409158,0.0109648597593933,0.22366435758752,0.266697903230796,"DT",1,413
"Weekly",0.05,"SameTimestamp",1000,"Weekly","beta_dt",0.0144965708817386,0.0316110712878088,-0.0475350696931181,0.0765282114565954,"DT",1,413
"Weekly",0.05,"SameTimestamp",1000,"Weekly","LogLik_dt",1432.1191054174,NA,NA,NA,"DT",1,413
"Weekly",0.05,"SameTimestamp",1000,"Weekly","AIC_dt",1436.1191054174,NA,NA,NA,"DT",1,413
"Weekly",0.05,"SameTimestamp",1000,"Weekly","BIC_dt",1445.93461597536,NA,NA,NA,"DT",1,413
"Weekly",0.05,"SameTimestamp",1000,"Monthly","error_var_ct",10.4818114651068,72.0243180328267,-130.854322580579,151.817945510793,"CT",1,413
"Weekly",0.05,"SameTimestamp",1000,"Monthly","beta_ct",-20.7891024898516,142.849962982223,-301.109167544473,259.53096256477,"CT",1,413
"Weekly",0.05,"SameTimestamp",1000,"Monthly","LogLik_ct",1459.94360888198,NA,NA,NA,"CT",1,413
"Weekly",0.05,"SameTimestamp",1000,"Monthly","AIC_ct",1463.94360888198,NA,NA,NA,"CT",1,413
"Weekly",0.05,"SameTimestamp",1000,"Monthly","BIC_ct",1473.75911943995,NA,NA,NA,"CT",1,413
"Weekly",0.05,"SameTimestamp",1000,"Monthly","error_var_dt",0.252084238780427,0.0112735586465999,0.229961694068215,0.274206783492638,"DT",1,413
"Weekly",0.05,"SameTimestamp",1000,"Monthly","beta_dt",-0.00764920408055775,0.0316170268542961,-0.0696925314962811,0.0543941233351656,"DT",1,413
"Weekly",0.05,"SameTimestamp",1000,"Monthly","LogLik_dt",1459.88507782547,NA,NA,NA,"DT",1,413
"Weekly",0.05,"SameTimestamp",1000,"Monthly","AIC_dt",1463.88507782547,NA,NA,NA,"DT",1,413
"Weekly",0.05,"SameTimestamp",1000,"Monthly","BIC_dt",1473.70058838344,NA,NA,NA,"DT",1,413
"Weekly",0.05,"SameTimestamp",1000,"Daily","error_var_ct",0.224350025789847,0.0124338686403106,0.199950559431104,0.24874949214859,"CT",1,414
"Weekly",0.05,"SameTimestamp",1000,"Daily","beta_ct",-0.4535345740754,0.0384478526794508,-0.528982297962143,-0.378086850188658,"CT",1,414
"Weekly",0.05,"SameTimestamp",1000,"Daily","LogLik_ct",924.032580820778,NA,NA,NA,"CT",1,414
"Weekly",0.05,"SameTimestamp",1000,"Daily","AIC_ct",928.032580820778,NA,NA,NA,"CT",1,414
"Weekly",0.05,"SameTimestamp",1000,"Daily","BIC_ct",937.848091378743,NA,NA,NA,"CT",1,414
"Weekly",0.05,"SameTimestamp",1000,"Daily","error_var_dt",0.147484484197576,0.00659653779210819,0.134539840289974,0.160429128105178,"DT",1,414
"Weekly",0.05,"SameTimestamp",1000,"Daily","beta_dt",0.635378370926033,0.0244291639996975,0.587440067697509,0.683316674154557,"DT",1,414
"Weekly",0.05,"SameTimestamp",1000,"Daily","LogLik_dt",924.032580820771,NA,NA,NA,"DT",1,414
"Weekly",0.05,"SameTimestamp",1000,"Daily","AIC_dt",928.032580820771,NA,NA,NA,"DT",1,414
"Weekly",0.05,"SameTimestamp",1000,"Daily","BIC_dt",937.848091378735,NA,NA,NA,"DT",1,414
"Weekly",0.05,"SameTimestamp",1000,"Weekly","error_var_ct",1.3369662141334,0.235632498107355,0.87457535438458,1.79935707388221,"CT",1,414
"Weekly",0.05,"SameTimestamp",1000,"Weekly","beta_ct",-2.70616258484923,0.472800684365092,-3.63395784522033,-1.77836732447814,"CT",1,414
"Weekly",0.05,"SameTimestamp",1000,"Weekly","LogLik_ct",1435.13075029122,NA,NA,NA,"CT",1,414
"Weekly",0.05,"SameTimestamp",1000,"Weekly","AIC_ct",1439.13075029122,NA,NA,NA,"CT",1,414
"Weekly",0.05,"SameTimestamp",1000,"Weekly","BIC_ct",1448.94626084918,NA,NA,NA,"CT",1,414
"Weekly",0.05,"SameTimestamp",1000,"Weekly","error_var_dt",0.245920478107898,0.0109979071560783,0.224338855088225,0.267502101127571,"DT",1,414
"Weekly",0.05,"SameTimestamp",1000,"Weekly","beta_dt",0.0667927079146782,0.0315678104838447,0.00484595970610813,0.128739456123248,"DT",1,414
"Weekly",0.05,"SameTimestamp",1000,"Weekly","LogLik_dt",1435.13075029121,NA,NA,NA,"DT",1,414
"Weekly",0.05,"SameTimestamp",1000,"Weekly","AIC_dt",1439.13075029121,NA,NA,NA,"DT",1,414
"Weekly",0.05,"SameTimestamp",1000,"Weekly","BIC_dt",1448.94626084918,NA,NA,NA,"DT",1,414
"Weekly",0.05,"SameTimestamp",1000,"Monthly","error_var_ct",3.36302459583545,11.3653457214858,-18.9396374805394,25.6656866722103,"CT",1,414
"Weekly",0.05,"SameTimestamp",1000,"Monthly","beta_ct",-6.69378439991821,22.6200849296474,-51.0820610689777,37.6944922691413,"CT",1,414
"Weekly",0.05,"SameTimestamp",1000,"Monthly","LogLik_ct",1456.38987234769,NA,NA,NA,"CT",1,414
"Weekly",0.05,"SameTimestamp",1000,"Monthly","AIC_ct",1460.38987234769,NA,NA,NA,"CT",1,414
"Weekly",0.05,"SameTimestamp",1000,"Monthly","BIC_ct",1470.20538290565,NA,NA,NA,"CT",1,414
"Weekly",0.05,"SameTimestamp",1000,"Monthly","error_var_dt",0.251204692865086,0.0112342147298998,0.229159354258208,0.273250031471964,"DT",1,414
"Weekly",0.05,"SameTimestamp",1000,"Monthly","beta_dt",0.00123868110272341,0.0316416072919185,-0.0608528814663701,0.0633302436718169,"DT",1,414
"Weekly",0.05,"SameTimestamp",1000,"Monthly","LogLik_dt",1456.38987234767,NA,NA,NA,"DT",1,414
"Weekly",0.05,"SameTimestamp",1000,"Monthly","AIC_dt",1460.38987234767,NA,NA,NA,"DT",1,414
"Weekly",0.05,"SameTimestamp",1000,"Monthly","BIC_dt",1470.20538290563,NA,NA,NA,"DT",1,414
"Weekly",0.05,"SameTimestamp",1000,"Daily","error_var_ct",0.201166866551119,0.0108819432092679,0.179812804116239,0.222520928985999,"CT",1,415
"Weekly",0.05,"SameTimestamp",1000,"Daily","beta_ct",-0.400525283188855,0.0350243230296521,-0.46925488104943,-0.331795685328281,"CT",1,415
"Weekly",0.05,"SameTimestamp",1000,"Daily","LogLik_ct",860.807384581684,NA,NA,NA,"CT",1,415
"Weekly",0.05,"SameTimestamp",1000,"Daily","AIC_ct",864.807384581684,NA,NA,NA,"CT",1,415
"Weekly",0.05,"SameTimestamp",1000,"Daily","BIC_ct",874.622895139648,NA,NA,NA,"CT",1,415
"Weekly",0.05,"SameTimestamp",1000,"Daily","error_var_dt",0.138407844358585,0.00619155263836792,0.126257918645321,0.150557770071848,"DT",1,415
"Weekly",0.05,"SameTimestamp",1000,"Daily","beta_dt",0.669968033527972,0.0234647168878562,0.623922302558404,0.716013764497539,"DT",1,415
"Weekly",0.05,"SameTimestamp",1000,"Daily","LogLik_dt",860.807384581682,NA,NA,NA,"DT",1,415
"Weekly",0.05,"SameTimestamp",1000,"Daily","AIC_dt",864.807384581682,NA,NA,NA,"DT",1,415
"Weekly",0.05,"SameTimestamp",1000,"Daily","BIC_dt",874.622895139646,NA,NA,NA,"DT",1,415
"Weekly",0.05,"SameTimestamp",1000,"Weekly","error_var_ct",1.17167267954853,0.18616468598544,0.806354440769527,1.53699091832754,"CT",1,415
"Weekly",0.05,"SameTimestamp",1000,"Weekly","beta_ct",-2.53937502402499,0.399850960437234,-3.32401819019695,-1.75473185785304,"CT",1,415
"Weekly",0.05,"SameTimestamp",1000,"Weekly","LogLik_ct",1365.00248146794,NA,NA,NA,"CT",1,415
"Weekly",0.05,"SameTimestamp",1000,"Weekly","AIC_ct",1369.00248146794,NA,NA,NA,"CT",1,415
"Weekly",0.05,"SameTimestamp",1000,"Weekly","BIC_ct",1378.8179920259,NA,NA,NA,"CT",1,415
"Weekly",0.05,"SameTimestamp",1000,"Weekly","error_var_dt",0.229264227357304,0.0102530667106193,0.209144233852735,0.249384220861872,"DT",1,415
"Weekly",0.05,"SameTimestamp",1000,"Weekly","beta_dt",0.0789156594612926,0.0315284531475731,0.0170461436918056,0.14078517523078,"DT",1,415
"Weekly",0.05,"SameTimestamp",1000,"Weekly","LogLik_dt",1365.00248146793,NA,NA,NA,"DT",1,415
"Weekly",0.05,"SameTimestamp",1000,"Weekly","AIC_dt",1369.00248146793,NA,NA,NA,"DT",1,415
"Weekly",0.05,"SameTimestamp",1000,"Weekly","BIC_dt",1378.8179920259,NA,NA,NA,"DT",1,415
"Weekly",0.05,"SameTimestamp",1000,"Monthly","error_var_ct",1.72138169344421,0.519700145343188,0.701553787926107,2.74120959896231,"CT",1,415
"Weekly",0.05,"SameTimestamp",1000,"Monthly","beta_ct",-3.50510822376566,1.05318422485935,-5.57181278751703,-1.43840366001429,"CT",1,415
"Weekly",0.05,"SameTimestamp",1000,"Monthly","LogLik_ct",1432.73339573505,NA,NA,NA,"CT",1,415
"Weekly",0.05,"SameTimestamp",1000,"Monthly","AIC_ct",1436.73339573505,NA,NA,NA,"CT",1,415
"Weekly",0.05,"SameTimestamp",1000,"Monthly","BIC_ct",1446.54890629302,NA,NA,NA,"CT",1,415
"Weekly",0.05,"SameTimestamp",1000,"Monthly","error_var_dt",0.245331635652955,0.010971568639661,0.223801697733379,0.266861573572531,"DT",1,415
"Weekly",0.05,"SameTimestamp",1000,"Monthly","beta_dt",0.0300434327050994,0.0316050057782892,-0.031976305283382,0.0920631706935808,"DT",1,415
"Weekly",0.05,"SameTimestamp",1000,"Monthly","LogLik_dt",1432.73339573504,NA,NA,NA,"DT",1,415
"Weekly",0.05,"SameTimestamp",1000,"Monthly","AIC_dt",1436.73339573504,NA,NA,NA,"DT",1,415
"Weekly",0.05,"SameTimestamp",1000,"Monthly","BIC_dt",1446.54890629301,NA,NA,NA,"DT",1,415
"Weekly",0.05,"SameTimestamp",1000,"Daily","error_var_ct",0.211726349100057,0.0117123821923109,0.18874268379451,0.234710014405604,"CT",1,416
"Weekly",0.05,"SameTimestamp",1000,"Daily","beta_ct",-0.447763545638885,0.0381513593261661,-0.522629449031272,-0.372897642246498,"CT",1,416
"Weekly",0.05,"SameTimestamp",1000,"Daily","LogLik_ct",871.16138979403,NA,NA,NA,"CT",1,416
"Weekly",0.05,"SameTimestamp",1000,"Daily","AIC_ct",875.16138979403,NA,NA,NA,"CT",1,416
"Weekly",0.05,"SameTimestamp",1000,"Daily","BIC_ct",884.976900351995,NA,NA,NA,"CT",1,416
"Weekly",0.05,"SameTimestamp",1000,"Daily","error_var_dt",0.139871758971652,0.00625648960792374,0.127594404905239,0.152149113038065,"DT",1,416
"Weekly",0.05,"SameTimestamp",1000,"Daily","beta_dt",0.639055692017997,0.0243809933506865,0.591211915936576,0.686899468099418,"DT",1,416
"Weekly",0.05,"SameTimestamp",1000,"Daily","LogLik_dt",871.161389794019,NA,NA,NA,"DT",1,416
"Weekly",0.05,"SameTimestamp",1000,"Daily","AIC_dt",875.161389794019,NA,NA,NA,"DT",1,416
"Weekly",0.05,"SameTimestamp",1000,"Daily","BIC_dt",884.976900351984,NA,NA,NA,"DT",1,416
"Weekly",0.05,"SameTimestamp",1000,"Weekly","error_var_ct",2.0771405385364,1.57963407745106,-1.02263714505097,5.17691822212378,"CT",1,416
"Weekly",0.05,"SameTimestamp",1000,"Weekly","beta_ct",-4.74305507190478,3.60346804712243,-11.8142812472823,2.32817110347278,"CT",1,416
"Weekly",0.05,"SameTimestamp",1000,"Weekly","LogLik_ct",1318.9647809294,NA,NA,NA,"CT",1,416
"Weekly",0.05,"SameTimestamp",1000,"Weekly","AIC_ct",1322.9647809294,NA,NA,NA,"CT",1,416
"Weekly",0.05,"SameTimestamp",1000,"Weekly","BIC_ct",1332.78029148736,NA,NA,NA,"CT",1,416
"Weekly",0.05,"SameTimestamp",1000,"Weekly","error_var_dt",0.218949907051359,0.0097917460520334,0.199735181103926,0.238164632998792,"DT",1,416
"Weekly",0.05,"SameTimestamp",1000,"Weekly","beta_dt",0.00871193838711327,0.0316125397089746,-0.0533225837279842,0.0707464605022108,"DT",1,416
"Weekly",0.05,"SameTimestamp",1000,"Weekly","LogLik_dt",1318.9647809294,NA,NA,NA,"DT",1,416
"Weekly",0.05,"SameTimestamp",1000,"Weekly","AIC_dt",1322.9647809294,NA,NA,NA,"DT",1,416
"Weekly",0.05,"SameTimestamp",1000,"Weekly","BIC_dt",1332.78029148737,NA,NA,NA,"DT",1,416
"Weekly",0.05,"SameTimestamp",1000,"Monthly","error_var_ct",8.38388916424126,41.977916236484,-73.9910163982687,90.7587947267512,"CT",1,416
"Weekly",0.05,"SameTimestamp",1000,"Monthly","beta_ct",-17.25663317034,86.4037480334684,-186.810084666293,152.296818325613,"CT",1,416
"Weekly",0.05,"SameTimestamp",1000,"Monthly","LogLik_ct",1422.85094370849,NA,NA,NA,"CT",1,416
"Weekly",0.05,"SameTimestamp",1000,"Monthly","AIC_ct",1426.85094370849,NA,NA,NA,"CT",1,416
"Weekly",0.05,"SameTimestamp",1000,"Monthly","BIC_ct",1436.66645426646,NA,NA,NA,"CT",1,416
"Weekly",0.05,"SameTimestamp",1000,"Monthly","error_var_dt",0.242545653634525,0.0108469904081703,0.221260180447223,0.263831126821827,"DT",1,416
"Weekly",0.05,"SameTimestamp",1000,"Monthly","beta_dt",-0.0392129745444772,0.0316011554514664,-0.10122515688616,0.0227992077972058,"DT",1,416
"Weekly",0.05,"SameTimestamp",1000,"Monthly","LogLik_dt",1421.31232823976,NA,NA,NA,"DT",1,416
"Weekly",0.05,"SameTimestamp",1000,"Monthly","AIC_dt",1425.31232823976,NA,NA,NA,"DT",1,416
"Weekly",0.05,"SameTimestamp",1000,"Monthly","BIC_dt",1435.12783879773,NA,NA,NA,"DT",1,416
"Weekly",0.05,"SameTimestamp",1000,"Daily","error_var_ct",0.194659308818043,0.010494911258033,0.1740647343066,0.215253883329486,"CT",1,417
"Weekly",0.05,"SameTimestamp",1000,"Daily","beta_ct",-0.393117705768443,0.0345755700261567,-0.460966698072621,-0.325268713464266,"CT",1,417
"Weekly",0.05,"SameTimestamp",1000,"Daily","LogLik_ct",834.034935645804,NA,NA,NA,"CT",1,417
"Weekly",0.05,"SameTimestamp",1000,"Daily","AIC_ct",838.034935645804,NA,NA,NA,"CT",1,417
"Weekly",0.05,"SameTimestamp",1000,"Daily","BIC_ct",847.850446203769,NA,NA,NA,"CT",1,417
"Weekly",0.05,"SameTimestamp",1000,"Daily","error_var_dt",0.134795486372781,0.00602887078344495,0.122964797621174,0.146626175124387,"DT",1,417
"Weekly",0.05,"SameTimestamp",1000,"Daily","beta_dt",0.674949338429739,0.0233368379561917,0.629154549285391,0.720744127574087,"DT",1,417
"Weekly",0.05,"SameTimestamp",1000,"Daily","LogLik_dt",834.034935645804,NA,NA,NA,"DT",1,417
"Weekly",0.05,"SameTimestamp",1000,"Daily","AIC_dt",838.034935645804,NA,NA,NA,"DT",1,417
"Weekly",0.05,"SameTimestamp",1000,"Daily","BIC_dt",847.850446203768,NA,NA,NA,"DT",1,417
"Weekly",0.05,"SameTimestamp",1000,"Weekly","error_var_ct",1.52420132947953,0.328706773291967,0.879167182116352,2.1692354768427,"CT",1,417
"Weekly",0.05,"SameTimestamp",1000,"Weekly","beta_ct",-3.02058756814533,0.646617414354857,-4.28947019067679,-1.75170494561387,"CT",1,417
"Weekly",0.05,"SameTimestamp",1000,"Weekly","LogLik_ct",1458.36747440332,NA,NA,NA,"CT",1,417
"Weekly",0.05,"SameTimestamp",1000,"Weekly","AIC_ct",1462.36747440332,NA,NA,NA,"CT",1,417
"Weekly",0.05,"SameTimestamp",1000,"Weekly","BIC_ct",1472.18298496129,NA,NA,NA,"CT",1,417
"Weekly",0.05,"SameTimestamp",1000,"Weekly","error_var_dt",0.251701959156766,0.0112564596161207,0.229612968540308,0.273790949773223,"DT",1,417
"Weekly",0.05,"SameTimestamp",1000,"Weekly","beta_dt",0.0487725422496356,0.0315953642538066,-0.0132282757985548,0.110773360297826,"DT",1,417
"Weekly",0.05,"SameTimestamp",1000,"Weekly","LogLik_dt",1458.36747440332,NA,NA,NA,"DT",1,417
"Weekly",0.05,"SameTimestamp",1000,"Weekly","AIC_dt",1462.36747440332,NA,NA,NA,"DT",1,417
"Weekly",0.05,"SameTimestamp",1000,"Weekly","BIC_dt",1472.18298496129,NA,NA,NA,"DT",1,417
"Weekly",0.05,"SameTimestamp",1000,"Monthly","error_var_ct",1.50953773634924,0.342242941983887,0.837941036157258,2.18113443654123,"CT",1,417
"Weekly",0.05,"SameTimestamp",1000,"Monthly","beta_ct",-3.0920887038084,0.696141469355629,-4.45815431490887,-1.72602309270793,"CT",1,417
"Weekly",0.05,"SameTimestamp",1000,"Monthly","LogLik_ct",1425.62214781646,NA,NA,NA,"CT",1,417
"Weekly",0.05,"SameTimestamp",1000,"Monthly","AIC_ct",1429.62214781646,NA,NA,NA,"CT",1,417
"Weekly",0.05,"SameTimestamp",1000,"Monthly","BIC_ct",1439.43765837442,NA,NA,NA,"CT",1,417
"Weekly",0.05,"SameTimestamp",1000,"Monthly","error_var_dt",0.24359338014647,0.0108938373114701,0.222215977450007,0.264970782842932,"DT",1,417
"Weekly",0.05,"SameTimestamp",1000,"Monthly","beta_dt",0.0454070655431205,0.0315868783175824,-0.0165771002207797,0.107391231307021,"DT",1,417
"Weekly",0.05,"SameTimestamp",1000,"Monthly","LogLik_dt",1425.62214781635,NA,NA,NA,"DT",1,417
"Weekly",0.05,"SameTimestamp",1000,"Monthly","AIC_dt",1429.62214781635,NA,NA,NA,"DT",1,417
"Weekly",0.05,"SameTimestamp",1000,"Monthly","BIC_dt",1439.43765837431,NA,NA,NA,"DT",1,417
"Weekly",0.05,"SameTimestamp",1000,"Daily","error_var_ct",0.20978648171303,0.0116072226788936,0.187009175030383,0.232563788395678,"CT",1,418
"Weekly",0.05,"SameTimestamp",1000,"Daily","beta_ct",-0.450165343162481,0.0382053604948109,-0.525137215158509,-0.375193471166452,"CT",1,418
"Weekly",0.05,"SameTimestamp",1000,"Daily","LogLik_ct",859.923081874922,NA,NA,NA,"CT",1,418
"Weekly",0.05,"SameTimestamp",1000,"Daily","AIC_ct",863.923081874922,NA,NA,NA,"CT",1,418
"Weekly",0.05,"SameTimestamp",1000,"Daily","BIC_ct",873.738592432886,NA,NA,NA,"CT",1,418
"Weekly",0.05,"SameTimestamp",1000,"Daily","error_var_dt",0.138306808886425,0.00618653592450781,0.126166727666827,0.150446890106023,"DT",1,418
"Weekly",0.05,"SameTimestamp",1000,"Daily","beta_dt",0.637522729385757,0.0243567640674955,0.589726499373642,0.685318959397871,"DT",1,418
"Weekly",0.05,"SameTimestamp",1000,"Daily","LogLik_dt",859.923081874922,NA,NA,NA,"DT",1,418
"Weekly",0.05,"SameTimestamp",1000,"Daily","AIC_dt",863.923081874922,NA,NA,NA,"DT",1,418
"Weekly",0.05,"SameTimestamp",1000,"Daily","BIC_dt",873.738592432886,NA,NA,NA,"DT",1,418
"Weekly",0.05,"SameTimestamp",1000,"Weekly","error_var_ct",1.26822557136341,0.19120533129219,0.893015877306381,1.64343526542043,"CT",1,418
"Weekly",0.05,"SameTimestamp",1000,"Weekly","beta_ct",-2.45470166454208,0.366800045630123,-3.17448772893098,-1.73491560015318,"CT",1,418
"Weekly",0.05,"SameTimestamp",1000,"Weekly","LogLik_ct",1476.94229752404,NA,NA,NA,"CT",1,418
"Weekly",0.05,"SameTimestamp",1000,"Weekly","AIC_ct",1480.94229752404,NA,NA,NA,"CT",1,418
"Weekly",0.05,"SameTimestamp",1000,"Weekly","BIC_ct",1490.75780808201,NA,NA,NA,"CT",1,418
"Weekly",0.05,"SameTimestamp",1000,"Weekly","error_var_dt",0.256420166799438,0.0114675015687295,0.233917040311682,0.278923293287194,"DT",1,418
"Weekly",0.05,"SameTimestamp",1000,"Weekly","beta_dt",0.0858888211193375,0.0315009306497196,0.0240733138229903,0.147704328415685,"DT",1,418
"Weekly",0.05,"SameTimestamp",1000,"Weekly","LogLik_dt",1476.94229752405,NA,NA,NA,"DT",1,418
"Weekly",0.05,"SameTimestamp",1000,"Weekly","AIC_dt",1480.94229752405,NA,NA,NA,"DT",1,418
"Weekly",0.05,"SameTimestamp",1000,"Weekly","BIC_dt",1490.75780808201,NA,NA,NA,"DT",1,418
"Weekly",0.05,"SameTimestamp",1000,"Monthly","error_var_ct",11.9146983597167,91.3758117237599,-167.395628028053,191.225024747487,"CT",1,418
"Weekly",0.05,"SameTimestamp",1000,"Monthly","beta_ct",-22.4243614185774,171.97434694485,-359.896343328057,315.047620490902,"CT",1,418
"Weekly",0.05,"SameTimestamp",1000,"Monthly","LogLik_ct",1512.35890579897,NA,NA,NA,"CT",1,418
"Weekly",0.05,"SameTimestamp",1000,"Monthly","AIC_ct",1516.35890579897,NA,NA,NA,"CT",1,418
"Weekly",0.05,"SameTimestamp",1000,"Monthly","BIC_ct",1526.17441635693,NA,NA,NA,"CT",1,418
"Weekly",0.05,"SameTimestamp",1000,"Monthly","error_var_dt",0.265315452547219,0.011865269536615,0.24203177043098,0.288599134663457,"DT",1,418
"Weekly",0.05,"SameTimestamp",1000,"Monthly","beta_dt",-0.0362881781532731,0.0316096575954292,-0.0983170445843252,0.025740688277779,"DT",1,418
"Weekly",0.05,"SameTimestamp",1000,"Monthly","LogLik_dt",1511.04183614082,NA,NA,NA,"DT",1,418
"Weekly",0.05,"SameTimestamp",1000,"Monthly","AIC_dt",1515.04183614082,NA,NA,NA,"DT",1,418
"Weekly",0.05,"SameTimestamp",1000,"Monthly","BIC_dt",1524.85734669878,NA,NA,NA,"DT",1,418
"Weekly",0.05,"SameTimestamp",1000,"Daily","error_var_ct",0.217308554957894,0.012052821231525,0.193656832821058,0.240960277094729,"CT",1,419
"Weekly",0.05,"SameTimestamp",1000,"Daily","beta_ct",-0.455547160376086,0.0385382389682935,-0.531172252809795,-0.379922067942376,"CT",1,419
"Weekly",0.05,"SameTimestamp",1000,"Daily","LogLik_ct",890.826071777842,NA,NA,NA,"CT",1,419
"Weekly",0.05,"SameTimestamp",1000,"Daily","AIC_ct",894.826071777842,NA,NA,NA,"CT",1,419
"Weekly",0.05,"SameTimestamp",1000,"Daily","BIC_ct",904.641582335807,NA,NA,NA,"CT",1,419
"Weekly",0.05,"SameTimestamp",1000,"Daily","error_var_dt",0.142611258171902,0.00638004283038386,0.130091450788493,0.15513106555531,"DT",1,419
"Weekly",0.05,"SameTimestamp",1000,"Daily","beta_dt",0.634100848722216,0.0244374373538142,0.58614631036758,0.682055387076853,"DT",1,419
"Weekly",0.05,"SameTimestamp",1000,"Daily","LogLik_dt",890.826071777778,NA,NA,NA,"DT",1,419
"Weekly",0.05,"SameTimestamp",1000,"Daily","AIC_dt",894.826071777778,NA,NA,NA,"DT",1,419
"Weekly",0.05,"SameTimestamp",1000,"Daily","BIC_dt",904.641582335742,NA,NA,NA,"DT",1,419
"Weekly",0.05,"SameTimestamp",1000,"Weekly","error_var_ct",2.27964736602652,1.4654043635955,-0.595972885870487,5.15526761792352,"CT",1,419
"Weekly",0.05,"SameTimestamp",1000,"Weekly","beta_ct",-4.50486974169076,2.89185122127163,-10.1796624091277,1.16992292574613,"CT",1,419
"Weekly",0.05,"SameTimestamp",1000,"Weekly","LogLik_ct",1463.46985492465,NA,NA,NA,"CT",1,419
"Weekly",0.05,"SameTimestamp",1000,"Weekly","AIC_ct",1467.46985492465,NA,NA,NA,"CT",1,419
"Weekly",0.05,"SameTimestamp",1000,"Weekly","BIC_ct",1477.28536548261,NA,NA,NA,"CT",1,419
"Weekly",0.05,"SameTimestamp",1000,"Weekly","error_var_dt",0.252989492522469,0.0113140409230733,0.230787507857053,0.275191477187885,"DT",1,419
"Weekly",0.05,"SameTimestamp",1000,"Weekly","beta_dt",0.0110552828098325,0.0316407463978327,-0.051034590393152,0.073145156012817,"DT",1,419
"Weekly",0.05,"SameTimestamp",1000,"Weekly","LogLik_dt",1463.46985492455,NA,NA,NA,"DT",1,419
"Weekly",0.05,"SameTimestamp",1000,"Weekly","AIC_dt",1467.46985492455,NA,NA,NA,"DT",1,419
"Weekly",0.05,"SameTimestamp",1000,"Weekly","BIC_dt",1477.28536548251,NA,NA,NA,"DT",1,419
"Weekly",0.05,"SameTimestamp",1000,"Monthly","error_var_ct",9.95384585075165,51.5254333462214,-91.1565256610549,111.064217362558,"CT",1,419
"Weekly",0.05,"SameTimestamp",1000,"Monthly","beta_ct",-21.1097775608226,109.274496799494,-235.54339316811,193.323838046465,"CT",1,419
"Weekly",0.05,"SameTimestamp",1000,"Monthly","LogLik_ct",1392.95750513056,NA,NA,NA,"CT",1,419
"Weekly",0.05,"SameTimestamp",1000,"Monthly","AIC_ct",1396.95750513056,NA,NA,NA,"CT",1,419
"Weekly",0.05,"SameTimestamp",1000,"Monthly","BIC_ct",1406.77301568853,NA,NA,NA,"CT",1,419
"Weekly",0.05,"SameTimestamp",1000,"Monthly","error_var_dt",0.235745294137259,0.0105428458274565,0.215056655746913,0.256433932527605,"DT",1,419
"Weekly",0.05,"SameTimestamp",1000,"Monthly","beta_dt",-0.00915037559848566,0.0316340354003764,-0.0712270795488903,0.052926328351919,"DT",1,419
"Weekly",0.05,"SameTimestamp",1000,"Monthly","LogLik_dt",1392.87384119696,NA,NA,NA,"DT",1,419
"Weekly",0.05,"SameTimestamp",1000,"Monthly","AIC_dt",1396.87384119696,NA,NA,NA,"DT",1,419
"Weekly",0.05,"SameTimestamp",1000,"Monthly","BIC_dt",1406.68935175493,NA,NA,NA,"DT",1,419
"Weekly",0.05,"SameTimestamp",1000,"Daily","error_var_ct",0.227829855969755,0.012759318911747,0.202791745824506,0.252867966115004,"CT",1,420
"Weekly",0.05,"SameTimestamp",1000,"Daily","beta_ct",-0.476049769351323,0.0399300010436889,-0.554405970896793,-0.397693567805853,"CT",1,420
"Weekly",0.05,"SameTimestamp",1000,"Daily","LogLik_ct",920.379472002392,NA,NA,NA,"CT",1,420
"Weekly",0.05,"SameTimestamp",1000,"Daily","AIC_ct",924.379472002392,NA,NA,NA,"CT",1,420
"Weekly",0.05,"SameTimestamp",1000,"Daily","BIC_ct",934.194982560356,NA,NA,NA,"CT",1,420
"Weekly",0.05,"SameTimestamp",1000,"Daily","error_var_dt",0.146942097144423,0.00657240681907998,0.134044806388252,0.159839387900594,"DT",1,420
"Weekly",0.05,"SameTimestamp",1000,"Daily","beta_dt",0.621232563912744,0.0248053410691771,0.572556073719469,0.669909054106018,"DT",1,420
"Weekly",0.05,"SameTimestamp",1000,"Daily","LogLik_dt",920.379472002391,NA,NA,NA,"DT",1,420
"Weekly",0.05,"SameTimestamp",1000,"Daily","AIC_dt",924.379472002391,NA,NA,NA,"DT",1,420
"Weekly",0.05,"SameTimestamp",1000,"Daily","BIC_dt",934.194982560355,NA,NA,NA,"DT",1,420
"Weekly",0.05,"SameTimestamp",1000,"Weekly","error_var_ct",1.92897918168197,0.767607496460366,0.422672992642473,3.43528537072146,"CT",1,420
"Weekly",0.05,"SameTimestamp",1000,"Weekly","beta_ct",-3.8892376965741,1.5429391949263,-6.91700757811682,-0.861467815031387,"CT",1,420
"Weekly",0.05,"SameTimestamp",1000,"Weekly","LogLik_ct",1443.08894865013,NA,NA,NA,"CT",1,420
"Weekly",0.05,"SameTimestamp",1000,"Weekly","AIC_ct",1447.08894865013,NA,NA,NA,"CT",1,420
"Weekly",0.05,"SameTimestamp",1000,"Weekly","BIC_ct",1456.90445920809,NA,NA,NA,"CT",1,420
"Weekly",0.05,"SameTimestamp",1000,"Weekly","error_var_dt",0.247885525772206,0.0110857883538518,0.226131450043672,0.26963960150074,"DT",1,420
"Weekly",0.05,"SameTimestamp",1000,"Weekly","beta_dt",0.0204607966838959,0.0316199718935853,-0.0415883098975192,0.082509903265311,"DT",1,420
"Weekly",0.05,"SameTimestamp",1000,"Weekly","LogLik_dt",1443.0889486501,NA,NA,NA,"DT",1,420
"Weekly",0.05,"SameTimestamp",1000,"Weekly","AIC_dt",1447.0889486501,NA,NA,NA,"DT",1,420
"Weekly",0.05,"SameTimestamp",1000,"Weekly","BIC_dt",1456.90445920807,NA,NA,NA,"DT",1,420
"Weekly",0.05,"SameTimestamp",1000,"Monthly","error_var_ct",10.1931566348014,50.262967470418,-88.4398287507063,108.826142020309,"CT",1,420
"Weekly",0.05,"SameTimestamp",1000,"Monthly","beta_ct",-21.2382710177169,104.726757623785,-226.747680311104,184.27113827567,"CT",1,420
"Weekly",0.05,"SameTimestamp",1000,"Monthly","LogLik_ct",1410.64500228259,NA,NA,NA,"CT",1,420
"Weekly",0.05,"SameTimestamp",1000,"Monthly","AIC_ct",1414.64500228259,NA,NA,NA,"CT",1,420
"Weekly",0.05,"SameTimestamp",1000,"Monthly","BIC_ct",1424.46051284055,NA,NA,NA,"CT",1,420
"Weekly",0.05,"SameTimestamp",1000,"Monthly","error_var_dt",0.239813117182418,0.0107247778192755,0.218767466534474,0.260858767830363,"DT",1,420
"Weekly",0.05,"SameTimestamp",1000,"Monthly","beta_dt",-0.0257942800183462,0.0316718270856689,-0.0879451440697306,0.0363565840330382,"DT",1,420
"Weekly",0.05,"SameTimestamp",1000,"Monthly","LogLik_dt",1409.98192601484,NA,NA,NA,"DT",1,420
"Weekly",0.05,"SameTimestamp",1000,"Monthly","AIC_dt",1413.98192601484,NA,NA,NA,"DT",1,420
"Weekly",0.05,"SameTimestamp",1000,"Monthly","BIC_dt",1423.7974365728,NA,NA,NA,"DT",1,420
"Weekly",0.05,"SameTimestamp",1000,"Daily","error_var_ct",0.205736798258938,0.0112381374608199,0.183683761923872,0.227789834594004,"CT",1,421
"Weekly",0.05,"SameTimestamp",1000,"Daily","beta_ct",-0.421005691535617,0.0363841002933169,-0.4924036334619,-0.349607749609334,"CT",1,421
"Weekly",0.05,"SameTimestamp",1000,"Daily","LogLik_ct",865.384100074683,NA,NA,NA,"CT",1,421
"Weekly",0.05,"SameTimestamp",1000,"Daily","AIC_ct",869.384100074683,NA,NA,NA,"CT",1,421
"Weekly",0.05,"SameTimestamp",1000,"Daily","BIC_ct",879.199610632647,NA,NA,NA,"CT",1,421
"Weekly",0.05,"SameTimestamp",1000,"Daily","error_var_dt",0.139067630144628,0.00622046416101201,0.126860970220594,0.151274290068662,"DT",1,421
"Weekly",0.05,"SameTimestamp",1000,"Daily","beta_dt",0.656386368527005,0.0238818599983674,0.609522061329383,0.703250675724626,"DT",1,421
"Weekly",0.05,"SameTimestamp",1000,"Daily","LogLik_dt",865.384100074681,NA,NA,NA,"DT",1,421
"Weekly",0.05,"SameTimestamp",1000,"Daily","AIC_dt",869.384100074681,NA,NA,NA,"DT",1,421
"Weekly",0.05,"SameTimestamp",1000,"Daily","BIC_dt",879.199610632645,NA,NA,NA,"DT",1,421
"Weekly",0.05,"SameTimestamp",1000,"Weekly","error_var_ct",9.22099348643952,36.0984726319871,-61.6164501174513,80.0584370903303,"CT",1,421
"Weekly",0.05,"SameTimestamp",1000,"Weekly","beta_ct",-17.8105837808225,69.727870976126,-154.640310020096,119.019142458451,"CT",1,421
"Weekly",0.05,"SameTimestamp",1000,"Weekly","LogLik_ct",1486.42155959395,NA,NA,NA,"CT",1,421
"Weekly",0.05,"SameTimestamp",1000,"Weekly","AIC_ct",1490.42155959395,NA,NA,NA,"CT",1,421
"Weekly",0.05,"SameTimestamp",1000,"Weekly","BIC_ct",1500.23707015192,NA,NA,NA,"CT",1,421
"Weekly",0.05,"SameTimestamp",1000,"Weekly","error_var_dt",0.258849512304321,0.0115761039422255,0.236133271134783,0.281565753473858,"DT",1,421
"Weekly",0.05,"SameTimestamp",1000,"Weekly","beta_dt",-0.00727150547011419,0.0316153595349648,-0.0693115610399534,0.054768550099725,"DT",1,421
"Weekly",0.05,"SameTimestamp",1000,"Weekly","LogLik_dt",1486.36866129728,NA,NA,NA,"DT",1,421
"Weekly",0.05,"SameTimestamp",1000,"Weekly","AIC_dt",1490.36866129728,NA,NA,NA,"DT",1,421
"Weekly",0.05,"SameTimestamp",1000,"Weekly","BIC_dt",1500.18417185525,NA,NA,NA,"DT",1,421
"Weekly",0.05,"SameTimestamp",1000,"Monthly","error_var_ct",13.0350640340695,179.602501754537,-339.405944173052,365.476072241191,"CT",1,421
"Weekly",0.05,"SameTimestamp",1000,"Monthly","beta_ct",-24.3575997928019,335.610159310667,-682.938531330501,634.223331744897,"CT",1,421
"Weekly",0.05,"SameTimestamp",1000,"Monthly","LogLik_ct",1519.52917256192,NA,NA,NA,"CT",1,421
"Weekly",0.05,"SameTimestamp",1000,"Monthly","AIC_ct",1523.52917256192,NA,NA,NA,"CT",1,421
"Weekly",0.05,"SameTimestamp",1000,"Monthly","BIC_ct",1533.34468311988,NA,NA,NA,"CT",1,421
"Weekly",0.05,"SameTimestamp",1000,"Monthly","error_var_dt",0.267230430290008,0.0119509215154957,0.243778669948262,0.290682190631755,"DT",1,421
"Weekly",0.05,"SameTimestamp",1000,"Monthly","beta_dt",-0.035985809970927,0.0316042459468146,-0.0980040569124108,0.0260324369705568,"DT",1,421
"Weekly",0.05,"SameTimestamp",1000,"Monthly","LogLik_dt",1518.2335415079,NA,NA,NA,"DT",1,421
"Weekly",0.05,"SameTimestamp",1000,"Monthly","AIC_dt",1522.2335415079,NA,NA,NA,"DT",1,421
"Weekly",0.05,"SameTimestamp",1000,"Monthly","BIC_dt",1532.04905206586,NA,NA,NA,"DT",1,421
"Weekly",0.05,"SameTimestamp",1000,"Daily","error_var_ct",0.228430467095199,0.0129777122377652,0.202963795191313,0.253897138999085,"CT",1,422
"Weekly",0.05,"SameTimestamp",1000,"Daily","beta_ct",-0.508958238275492,0.0420294981628794,-0.591434365068032,-0.426482111482952,"CT",1,422
"Weekly",0.05,"SameTimestamp",1000,"Daily","LogLik_ct",895.338030122482,NA,NA,NA,"CT",1,422
"Weekly",0.05,"SameTimestamp",1000,"Daily","AIC_ct",899.338030122482,NA,NA,NA,"CT",1,422
"Weekly",0.05,"SameTimestamp",1000,"Daily","BIC_ct",909.153540680446,NA,NA,NA,"CT",1,422
"Weekly",0.05,"SameTimestamp",1000,"Daily","error_var_dt",0.1433200063529,0.00641007903403974,0.130741257753217,0.155898754952582,"DT",1,422
"Weekly",0.05,"SameTimestamp",1000,"Daily","beta_dt",0.601121479652861,0.02526470379194,0.551543564036434,0.650699395269288,"DT",1,422
"Weekly",0.05,"SameTimestamp",1000,"Daily","LogLik_dt",895.338030122483,NA,NA,NA,"DT",1,422
"Weekly",0.05,"SameTimestamp",1000,"Daily","AIC_dt",899.338030122483,NA,NA,NA,"DT",1,422
"Weekly",0.05,"SameTimestamp",1000,"Daily","BIC_dt",909.153540680447,NA,NA,NA,"DT",1,422
"Weekly",0.05,"SameTimestamp",1000,"Weekly","error_var_ct",1.70816874641795,0.454201970786665,0.816870468554906,2.599467024281,"CT",1,422
"Weekly",0.05,"SameTimestamp",1000,"Weekly","beta_ct",-3.32909525470086,0.880209665443045,-5.05636508052089,-1.60182542888084,"CT",1,422
"Weekly",0.05,"SameTimestamp",1000,"Weekly","LogLik_ct",1476.16701354267,NA,NA,NA,"CT",1,422
"Weekly",0.05,"SameTimestamp",1000,"Weekly","AIC_ct",1480.16701354267,NA,NA,NA,"CT",1,422
"Weekly",0.05,"SameTimestamp",1000,"Weekly","BIC_ct",1489.98252410064,NA,NA,NA,"CT",1,422
"Weekly",0.05,"SameTimestamp",1000,"Weekly","error_var_dt",0.256222206696392,0.0114586113599655,0.23373652581273,0.278707887580054,"DT",1,422
"Weekly",0.05,"SameTimestamp",1000,"Weekly","beta_dt",0.0358254556997081,0.031620527333273,-0.026224740842713,0.0978756522421293,"DT",1,422
"Weekly",0.05,"SameTimestamp",1000,"Weekly","LogLik_dt",1476.16701354268,NA,NA,NA,"DT",1,422
"Weekly",0.05,"SameTimestamp",1000,"Weekly","AIC_dt",1480.16701354268,NA,NA,NA,"DT",1,422
"Weekly",0.05,"SameTimestamp",1000,"Weekly","BIC_dt",1489.98252410064,NA,NA,NA,"DT",1,422
"Weekly",0.05,"SameTimestamp",1000,"Monthly","error_var_ct",10.8902281969013,133.864077704267,-251.796483000965,273.576939394767,"CT",1,422
"Weekly",0.05,"SameTimestamp",1000,"Monthly","beta_ct",-22.0266663081372,270.757084089955,-553.343873828458,509.290541212184,"CT",1,422
"Weekly",0.05,"SameTimestamp",1000,"Monthly","LogLik_ct",1440.342110478,NA,NA,NA,"CT",1,422
"Weekly",0.05,"SameTimestamp",1000,"Monthly","AIC_ct",1444.342110478,NA,NA,NA,"CT",1,422
"Weekly",0.05,"SameTimestamp",1000,"Monthly","BIC_ct",1454.15762103597,NA,NA,NA,"CT",1,422
"Weekly",0.05,"SameTimestamp",1000,"Monthly","error_var_dt",0.24622897536506,0.0110116961322879,0.224620293698487,0.267837657031634,"DT",1,422
"Weekly",0.05,"SameTimestamp",1000,"Monthly","beta_dt",-0.0628558605189881,0.0315621620772052,-0.124791524638465,-0.000920196399511075,"DT",1,422
"Weekly",0.05,"SameTimestamp",1000,"Monthly","LogLik_dt",1436.38390535255,NA,NA,NA,"DT",1,422
"Weekly",0.05,"SameTimestamp",1000,"Monthly","AIC_dt",1440.38390535255,NA,NA,NA,"DT",1,422
"Weekly",0.05,"SameTimestamp",1000,"Monthly","BIC_dt",1450.19941591051,NA,NA,NA,"DT",1,422
"Weekly",0.05,"SameTimestamp",1000,"Daily","error_var_ct",0.209956686943366,0.0115717071483427,0.187249073774295,0.232664300112437,"CT",1,423
"Weekly",0.05,"SameTimestamp",1000,"Daily","beta_ct",-0.439935391911293,0.0376304363664605,-0.51377906782175,-0.366091716000836,"CT",1,423
"Weekly",0.05,"SameTimestamp",1000,"Daily","LogLik_ct",869.502644254708,NA,NA,NA,"CT",1,423
"Weekly",0.05,"SameTimestamp",1000,"Daily","AIC_ct",873.502644254708,NA,NA,NA,"CT",1,423
"Weekly",0.05,"SameTimestamp",1000,"Daily","BIC_ct",883.318154812672,NA,NA,NA,"CT",1,423
"Weekly",0.05,"SameTimestamp",1000,"Daily","error_var_dt",0.139632977330839,0.00624598200015134,0.127376242753804,0.151889711907875,"DT",1,423
"Weekly",0.05,"SameTimestamp",1000,"Daily","beta_dt",0.644078054514399,0.0242371107628116,0.596516624858216,0.691639484170583,"DT",1,423
"Weekly",0.05,"SameTimestamp",1000,"Daily","LogLik_dt",869.502644254702,NA,NA,NA,"DT",1,423
"Weekly",0.05,"SameTimestamp",1000,"Daily","AIC_dt",873.502644254702,NA,NA,NA,"DT",1,423
"Weekly",0.05,"SameTimestamp",1000,"Daily","BIC_dt",883.318154812667,NA,NA,NA,"DT",1,423
"Weekly",0.05,"SameTimestamp",1000,"Weekly","error_var_ct",1.49949579813064,0.314290770214249,0.882750736996189,2.1162408592651,"CT",1,423
"Weekly",0.05,"SameTimestamp",1000,"Weekly","beta_ct",-2.97606763218382,0.619029162660079,-4.19081275024294,-1.7613225141247,"CT",1,423
"Weekly",0.05,"SameTimestamp",1000,"Weekly","LogLik_ct",1456.6536640441,NA,NA,NA,"CT",1,423
"Weekly",0.05,"SameTimestamp",1000,"Weekly","AIC_ct",1460.6536640441,NA,NA,NA,"CT",1,423
"Weekly",0.05,"SameTimestamp",1000,"Weekly","BIC_ct",1470.46917460207,NA,NA,NA,"CT",1,423
"Weekly",0.05,"SameTimestamp",1000,"Weekly","error_var_dt",0.251270614829078,0.0112371756292499,0.22921946593369,0.273321763724465,"DT",1,423
"Weekly",0.05,"SameTimestamp",1000,"Weekly","beta_dt",0.050992957089682,0.0315948132462814,-0.0110067796949078,0.112992693874272,"DT",1,423
"Weekly",0.05,"SameTimestamp",1000,"Weekly","LogLik_dt",1456.6536640441,NA,NA,NA,"DT",1,423
"Weekly",0.05,"SameTimestamp",1000,"Weekly","AIC_dt",1460.6536640441,NA,NA,NA,"DT",1,423
"Weekly",0.05,"SameTimestamp",1000,"Weekly","BIC_dt",1470.46917460207,NA,NA,NA,"DT",1,423
"Weekly",0.05,"SameTimestamp",1000,"Monthly","error_var_ct",112.266008554675,460.128554537565,-790.662236218553,1015.1942533279,"CT",1,423
"Weekly",0.05,"SameTimestamp",1000,"Monthly","beta_ct",-220.12930299749,902.215568038577,-1990.58217148959,1550.32356549461,"CT",1,423
"Weekly",0.05,"SameTimestamp",1000,"Monthly","LogLik_ct",1471.38590303737,NA,NA,NA,"CT",1,423
"Weekly",0.05,"SameTimestamp",1000,"Monthly","AIC_ct",1475.38590303737,NA,NA,NA,"CT",1,423
"Weekly",0.05,"SameTimestamp",1000,"Monthly","BIC_ct",1485.20141359533,NA,NA,NA,"CT",1,423
"Weekly",0.05,"SameTimestamp",1000,"Monthly","error_var_dt",0.254991569772146,0.01140356774881,0.232613903117805,0.277369236426488,"DT",1,423
"Weekly",0.05,"SameTimestamp",1000,"Monthly","beta_dt",0.00579946863420078,0.0316200551994313,-0.0562498014215314,0.067848738689933,"DT",1,423
"Weekly",0.05,"SameTimestamp",1000,"Monthly","LogLik_dt",1471.35226446627,NA,NA,NA,"DT",1,423
"Weekly",0.05,"SameTimestamp",1000,"Monthly","AIC_dt",1475.35226446627,NA,NA,NA,"DT",1,423
"Weekly",0.05,"SameTimestamp",1000,"Monthly","BIC_dt",1485.16777502424,NA,NA,NA,"DT",1,423
"Weekly",0.05,"SameTimestamp",1000,"Daily","error_var_ct",0.213901172522158,0.0115943232029823,0.191149178985213,0.236653166059103,"CT",1,424
"Weekly",0.05,"SameTimestamp",1000,"Daily","beta_ct",-0.404960666029477,0.0352999623849025,-0.474231161769073,-0.33569017028988,"CT",1,424
"Weekly",0.05,"SameTimestamp",1000,"Daily","LogLik_ct",918.47987242025,NA,NA,NA,"CT",1,424
"Weekly",0.05,"SameTimestamp",1000,"Daily","AIC_ct",922.47987242025,NA,NA,NA,"CT",1,424
"Weekly",0.05,"SameTimestamp",1000,"Daily","BIC_ct",932.295382978214,NA,NA,NA,"CT",1,424
"Weekly",0.05,"SameTimestamp",1000,"Daily","error_var_dt",0.146604387715865,0.00655877327773274,0.13373385059069,0.15947492484104,"DT",1,424
"Weekly",0.05,"SameTimestamp",1000,"Daily","beta_dt",0.667003054843218,0.0235451392267934,0.620799507974982,0.713206601711453,"DT",1,424
"Weekly",0.05,"SameTimestamp",1000,"Daily","LogLik_dt",918.479872420249,NA,NA,NA,"DT",1,424
"Weekly",0.05,"SameTimestamp",1000,"Daily","AIC_dt",922.479872420249,NA,NA,NA,"DT",1,424
"Weekly",0.05,"SameTimestamp",1000,"Daily","BIC_dt",932.295382978214,NA,NA,NA,"DT",1,424
"Weekly",0.05,"SameTimestamp",1000,"Weekly","error_var_ct",1.50256869965576,0.298386577408174,0.917033057613668,2.08810434169785,"CT",1,424
"Weekly",0.05,"SameTimestamp",1000,"Weekly","beta_ct",-2.89377765706479,0.570040368823432,-4.01239015045571,-1.77516516367387,"CT",1,424
"Weekly",0.05,"SameTimestamp",1000,"Weekly","LogLik_ct",1486.27629090967,NA,NA,NA,"CT",1,424
"Weekly",0.05,"SameTimestamp",1000,"Weekly","AIC_ct",1490.27629090967,NA,NA,NA,"CT",1,424
"Weekly",0.05,"SameTimestamp",1000,"Weekly","BIC_ct",1500.09180146764,NA,NA,NA,"CT",1,424
"Weekly",0.05,"SameTimestamp",1000,"Weekly","error_var_dt",0.258824745514582,0.0115750277531445,0.236110616192936,0.281538874836227,"DT",1,424
"Weekly",0.05,"SameTimestamp",1000,"Weekly","beta_dt",0.0553665930002433,0.0315858865839271,-0.00661562664594735,0.117348812646434,"DT",1,424
"Weekly",0.05,"SameTimestamp",1000,"Weekly","LogLik_dt",1486.27629090967,NA,NA,NA,"DT",1,424
"Weekly",0.05,"SameTimestamp",1000,"Weekly","AIC_dt",1490.27629090967,NA,NA,NA,"DT",1,424
"Weekly",0.05,"SameTimestamp",1000,"Weekly","BIC_dt",1500.09180146763,NA,NA,NA,"DT",1,424
"Weekly",0.05,"SameTimestamp",1000,"Monthly","error_var_ct",11.6860165815356,63.3602951891345,-112.6483668408,136.020400003872,"CT",1,424
"Weekly",0.05,"SameTimestamp",1000,"Monthly","beta_ct",-22.7977941489708,123.608472879877,-265.359531202424,219.763942904482,"CT",1,424
"Weekly",0.05,"SameTimestamp",1000,"Monthly","LogLik_ct",1476.45931315048,NA,NA,NA,"CT",1,424
"Weekly",0.05,"SameTimestamp",1000,"Monthly","AIC_ct",1480.45931315048,NA,NA,NA,"CT",1,424
"Weekly",0.05,"SameTimestamp",1000,"Monthly","BIC_ct",1490.27482370844,NA,NA,NA,"CT",1,424
"Weekly",0.05,"SameTimestamp",1000,"Monthly","error_var_dt",0.255685238899236,0.0114346086552721,0.23324665946104,0.278123818337433,"DT",1,424
"Weekly",0.05,"SameTimestamp",1000,"Monthly","beta_dt",-0.0488559947985199,0.0315981255693045,-0.110862231484026,0.0131502418869865,"DT",1,424
"Weekly",0.05,"SameTimestamp",1000,"Monthly","LogLik_dt",1474.07158709211,NA,NA,NA,"DT",1,424
"Weekly",0.05,"SameTimestamp",1000,"Monthly","AIC_dt",1478.07158709211,NA,NA,NA,"DT",1,424
"Weekly",0.05,"SameTimestamp",1000,"Monthly","BIC_dt",1487.88709765008,NA,NA,NA,"DT",1,424
"Weekly",0.05,"SameTimestamp",1000,"Daily","error_var_ct",0.234946947166443,0.013012710356928,0.209411597085568,0.260482297247317,"CT",1,425
"Weekly",0.05,"SameTimestamp",1000,"Daily","beta_ct",-0.452620809742094,0.0383652495351627,-0.527906438250601,-0.377335181233587,"CT",1,425
"Weekly",0.05,"SameTimestamp",1000,"Daily","LogLik_ct",970.927249702796,NA,NA,NA,"CT",1,425
"Weekly",0.05,"SameTimestamp",1000,"Daily","AIC_ct",974.927249702796,NA,NA,NA,"CT",1,425
"Weekly",0.05,"SameTimestamp",1000,"Daily","BIC_ct",984.74276026076,NA,NA,NA,"CT",1,425
"Weekly",0.05,"SameTimestamp",1000,"Daily","error_var_dt",0.154570918316604,0.00691334816786431,0.141004585027445,0.168137251605764,"DT",1,425
"Weekly",0.05,"SameTimestamp",1000,"Daily","beta_dt",0.635959238464103,0.0243983484557384,0.588081405781787,0.683837071146419,"DT",1,425
"Weekly",0.05,"SameTimestamp",1000,"Daily","LogLik_dt",970.927249702795,NA,NA,NA,"DT",1,425
"Weekly",0.05,"SameTimestamp",1000,"Daily","AIC_dt",974.927249702795,NA,NA,NA,"DT",1,425
"Weekly",0.05,"SameTimestamp",1000,"Daily","BIC_dt",984.742760260759,NA,NA,NA,"DT",1,425
"Weekly",0.05,"SameTimestamp",1000,"Weekly","error_var_ct",1.64696430632767,0.426903660070415,0.809234570423663,2.48469404223168,"CT",1,425
"Weekly",0.05,"SameTimestamp",1000,"Weekly","beta_ct",-3.28483909634677,0.846467947595414,-4.94589623058017,-1.62378196211337,"CT",1,425
"Weekly",0.05,"SameTimestamp",1000,"Weekly","LogLik_ct",1452.94292548472,NA,NA,NA,"CT",1,425
"Weekly",0.05,"SameTimestamp",1000,"Weekly","AIC_ct",1456.94292548472,NA,NA,NA,"CT",1,425
"Weekly",0.05,"SameTimestamp",1000,"Weekly","BIC_ct",1466.75843604269,NA,NA,NA,"CT",1,425
"Weekly",0.05,"SameTimestamp",1000,"Weekly","error_var_dt",0.250340246495262,0.0111955601237783,0.22837076133263,0.272309731657894,"DT",1,425
"Weekly",0.05,"SameTimestamp",1000,"Weekly","beta_dt",0.037446601614398,0.0316725818712721,-0.0247057435822733,0.0995989468110692,"DT",1,425
"Weekly",0.05,"SameTimestamp",1000,"Weekly","LogLik_dt",1452.94292548473,NA,NA,NA,"DT",1,425
"Weekly",0.05,"SameTimestamp",1000,"Weekly","AIC_dt",1456.94292548473,NA,NA,NA,"DT",1,425
"Weekly",0.05,"SameTimestamp",1000,"Weekly","BIC_dt",1466.75843604269,NA,NA,NA,"DT",1,425
"Weekly",0.05,"SameTimestamp",1000,"Monthly","error_var_ct",10.8361346887982,65.7733521180098,-118.233484649329,139.905754026925,"CT",1,425
"Weekly",0.05,"SameTimestamp",1000,"Monthly","beta_ct",-21.0408835956231,127.714358424106,-271.659760313917,229.577993122671,"CT",1,425
"Weekly",0.05,"SameTimestamp",1000,"Monthly","LogLik_ct",1481.15041647257,NA,NA,NA,"CT",1,425
"Weekly",0.05,"SameTimestamp",1000,"Monthly","AIC_ct",1485.15041647257,NA,NA,NA,"CT",1,425
"Weekly",0.05,"SameTimestamp",1000,"Monthly","BIC_ct",1494.96592703053,NA,NA,NA,"CT",1,425
"Weekly",0.05,"SameTimestamp",1000,"Monthly","error_var_dt",0.25746212745424,0.0115140565524477,0.234867644302527,0.280056610605954,"DT",1,425
"Weekly",0.05,"SameTimestamp",1000,"Monthly","beta_dt",-0.0124845500412954,0.0316090223530329,-0.0745121699113674,0.0495430698287766,"DT",1,425
"Weekly",0.05,"SameTimestamp",1000,"Monthly","LogLik_dt",1480.99442636667,NA,NA,NA,"DT",1,425
"Weekly",0.05,"SameTimestamp",1000,"Monthly","AIC_dt",1484.99442636667,NA,NA,NA,"DT",1,425
"Weekly",0.05,"SameTimestamp",1000,"Monthly","BIC_dt",1494.80993692463,NA,NA,NA,"DT",1,425
"Weekly",0.05,"SameTimestamp",1000,"Daily","error_var_ct",0.200768890243282,0.0109928043303673,0.179197280697924,0.222340499788639,"CT",1,426
"Weekly",0.05,"SameTimestamp",1000,"Daily","beta_ct",-0.427192045686546,0.0367363064260687,-0.499281135471635,-0.355102955901457,"CT",1,426
"Weekly",0.05,"SameTimestamp",1000,"Daily","LogLik_ct",835.5085543915,NA,NA,NA,"CT",1,426
"Weekly",0.05,"SameTimestamp",1000,"Daily","AIC_ct",839.5085543915,NA,NA,NA,"CT",1,426
"Weekly",0.05,"SameTimestamp",1000,"Daily","BIC_ct",849.324064949464,NA,NA,NA,"CT",1,426
"Weekly",0.05,"SameTimestamp",1000,"Daily","error_var_dt",0.13498923130646,0.00603766407912714,0.123141287127087,0.146837175485833,"DT",1,426
"Weekly",0.05,"SameTimestamp",1000,"Daily","beta_dt",0.652338263612466,0.0239646757942828,0.60531144374201,0.699365083482922,"DT",1,426
"Weekly",0.05,"SameTimestamp",1000,"Daily","LogLik_dt",835.508554391502,NA,NA,NA,"DT",1,426
"Weekly",0.05,"SameTimestamp",1000,"Daily","AIC_dt",839.508554391502,NA,NA,NA,"DT",1,426
"Weekly",0.05,"SameTimestamp",1000,"Daily","BIC_dt",849.324064949466,NA,NA,NA,"DT",1,426
"Weekly",0.05,"SameTimestamp",1000,"Weekly","error_var_ct",1.45202539339549,0.316069191676728,0.831790466323039,2.07226032046795,"CT",1,426
"Weekly",0.05,"SameTimestamp",1000,"Weekly","beta_ct",-3.03038536426472,0.654799495110901,-4.31532400362625,-1.7454467249032,"CT",1,426
"Weekly",0.05,"SameTimestamp",1000,"Weekly","LogLik_ct",1406.66451062822,NA,NA,NA,"CT",1,426
"Weekly",0.05,"SameTimestamp",1000,"Weekly","AIC_ct",1410.66451062822,NA,NA,NA,"CT",1,426
"Weekly",0.05,"SameTimestamp",1000,"Weekly","BIC_ct",1420.48002118619,NA,NA,NA,"CT",1,426
"Weekly",0.05,"SameTimestamp",1000,"Weekly","error_var_dt",0.239018854242889,0.0106892592529253,0.218042903065788,0.259994805419989,"DT",1,426
"Weekly",0.05,"SameTimestamp",1000,"Weekly","beta_dt",0.0482970185169628,0.0315722162074075,-0.0136583752151338,0.110252412249059,"DT",1,426
"Weekly",0.05,"SameTimestamp",1000,"Weekly","LogLik_dt",1406.66451062822,NA,NA,NA,"DT",1,426
"Weekly",0.05,"SameTimestamp",1000,"Weekly","AIC_dt",1410.66451062822,NA,NA,NA,"DT",1,426
"Weekly",0.05,"SameTimestamp",1000,"Weekly","BIC_dt",1420.48002118619,NA,NA,NA,"DT",1,426
"Weekly",0.05,"SameTimestamp",1000,"Monthly","error_var_ct",10.8628089095381,98.2379525297226,-181.913364559906,203.638982378982,"CT",1,426
"Weekly",0.05,"SameTimestamp",1000,"Monthly","beta_ct",-21.6057883320835,195.390746014726,-405.028685268606,361.817108604439,"CT",1,426
"Weekly",0.05,"SameTimestamp",1000,"Monthly","LogLik_ct",1457.11568805185,NA,NA,NA,"CT",1,426
"Weekly",0.05,"SameTimestamp",1000,"Monthly","AIC_ct",1461.11568805185,NA,NA,NA,"CT",1,426
"Weekly",0.05,"SameTimestamp",1000,"Monthly","BIC_ct",1470.93119860981,NA,NA,NA,"CT",1,426
"Weekly",0.05,"SameTimestamp",1000,"Monthly","error_var_dt",0.251079772060852,0.011228650360638,0.229045352633237,0.273114191488468,"DT",1,426
"Weekly",0.05,"SameTimestamp",1000,"Monthly","beta_dt",-0.0349608993953685,0.0316007882513609,-0.0969723611659339,0.0270505623751969,"DT",1,426
"Weekly",0.05,"SameTimestamp",1000,"Monthly","LogLik_dt",1455.89247881724,NA,NA,NA,"DT",1,426
"Weekly",0.05,"SameTimestamp",1000,"Monthly","AIC_dt",1459.89247881724,NA,NA,NA,"DT",1,426
"Weekly",0.05,"SameTimestamp",1000,"Monthly","BIC_dt",1469.7079893752,NA,NA,NA,"DT",1,426
"Weekly",0.05,"SameTimestamp",1000,"Daily","error_var_ct",0.224893567017071,0.0125105413174062,0.200343642867631,0.24944349116651,"CT",1,427
"Weekly",0.05,"SameTimestamp",1000,"Daily","beta_ct",-0.459874539638426,0.0389271855636966,-0.53626287717665,-0.383486202100203,"CT",1,427
"Weekly",0.05,"SameTimestamp",1000,"Daily","LogLik_ct",921.460389720473,NA,NA,NA,"CT",1,427
"Weekly",0.05,"SameTimestamp",1000,"Daily","AIC_ct",925.460389720473,NA,NA,NA,"CT",1,427
"Weekly",0.05,"SameTimestamp",1000,"Daily","BIC_ct",935.275900278437,NA,NA,NA,"CT",1,427
"Weekly",0.05,"SameTimestamp",1000,"Daily","error_var_dt",0.147047395624632,0.0065785423761855,0.134138064824971,0.159956726424294,"DT",1,427
"Weekly",0.05,"SameTimestamp",1000,"Daily","beta_dt",0.631362854270286,0.0245773505490979,0.583133758784621,0.679591949755951,"DT",1,427
"Weekly",0.05,"SameTimestamp",1000,"Daily","LogLik_dt",921.460389720474,NA,NA,NA,"DT",1,427
"Weekly",0.05,"SameTimestamp",1000,"Daily","AIC_dt",925.460389720474,NA,NA,NA,"DT",1,427
"Weekly",0.05,"SameTimestamp",1000,"Daily","BIC_dt",935.275900278438,NA,NA,NA,"DT",1,427
"Weekly",0.05,"SameTimestamp",1000,"Weekly","error_var_ct",1.10525200124976,0.160257598614638,0.790772252488861,1.41973175001065,"CT",1,427
"Weekly",0.05,"SameTimestamp",1000,"Weekly","beta_ct",-2.38991673560761,0.343541924974863,-3.06406248088812,-1.7157709903271,"CT",1,427
"Weekly",0.05,"SameTimestamp",1000,"Weekly","LogLik_ct",1365.12311504072,NA,NA,NA,"CT",1,427
"Weekly",0.05,"SameTimestamp",1000,"Weekly","AIC_ct",1369.12311504072,NA,NA,NA,"CT",1,427
"Weekly",0.05,"SameTimestamp",1000,"Weekly","BIC_ct",1378.93862559868,NA,NA,NA,"CT",1,427
"Weekly",0.05,"SameTimestamp",1000,"Weekly","error_var_dt",0.229290554040382,0.0102542941535682,0.209168151876545,0.249412956204218,"DT",1,427
"Weekly",0.05,"SameTimestamp",1000,"Weekly","beta_dt",0.0916373112944804,0.0314943721833902,0.0298346739329218,0.153439948656039,"DT",1,427
"Weekly",0.05,"SameTimestamp",1000,"Weekly","LogLik_dt",1365.12311504072,NA,NA,NA,"DT",1,427
"Weekly",0.05,"SameTimestamp",1000,"Weekly","AIC_dt",1369.12311504072,NA,NA,NA,"DT",1,427
"Weekly",0.05,"SameTimestamp",1000,"Weekly","BIC_dt",1378.93862559868,NA,NA,NA,"DT",1,427
"Weekly",0.05,"SameTimestamp",1000,"Monthly","error_var_ct",9.28908256309262,43.5796793905888,-76.2290254349449,94.8071905611302,"CT",1,427
"Weekly",0.05,"SameTimestamp",1000,"Monthly","beta_ct",-18.8608024074822,88.4846788217682,-192.497745713811,154.776140898846,"CT",1,427
"Weekly",0.05,"SameTimestamp",1000,"Monthly","LogLik_ct",1436.48020154333,NA,NA,NA,"CT",1,427
"Weekly",0.05,"SameTimestamp",1000,"Monthly","AIC_ct",1440.48020154333,NA,NA,NA,"CT",1,427
"Weekly",0.05,"SameTimestamp",1000,"Monthly","BIC_ct",1450.29571210129,NA,NA,NA,"CT",1,427
"Weekly",0.05,"SameTimestamp",1000,"Monthly","error_var_dt",0.246238891629406,0.0110121616156286,0.224629296526682,0.267848486732131,"DT",1,427
"Weekly",0.05,"SameTimestamp",1000,"Monthly","beta_dt",-0.00749673589419354,0.0316260139318128,-0.0695576990033503,0.0545642272149632,"DT",1,427
"Weekly",0.05,"SameTimestamp",1000,"Monthly","LogLik_dt",1436.42401232642,NA,NA,NA,"DT",1,427
"Weekly",0.05,"SameTimestamp",1000,"Monthly","AIC_dt",1440.42401232642,NA,NA,NA,"DT",1,427
"Weekly",0.05,"SameTimestamp",1000,"Monthly","BIC_dt",1450.23952288439,NA,NA,NA,"DT",1,427
"Weekly",0.05,"SameTimestamp",1000,"Daily","error_var_ct",0.198603629907094,0.0107018204615761,0.177603029379356,0.219604230434832,"CT",1,428
"Weekly",0.05,"SameTimestamp",1000,"Daily","beta_ct",-0.391959764214153,0.0345011349701399,-0.459662689698925,-0.324256838729381,"CT",1,428
"Weekly",0.05,"SameTimestamp",1000,"Daily","LogLik_ct",855.109650247873,NA,NA,NA,"CT",1,428
"Weekly",0.05,"SameTimestamp",1000,"Daily","AIC_ct",859.109650247873,NA,NA,NA,"CT",1,428
"Weekly",0.05,"SameTimestamp",1000,"Daily","BIC_ct",868.925160805838,NA,NA,NA,"CT",1,428
"Weekly",0.05,"SameTimestamp",1000,"Daily","error_var_dt",0.137665471605221,0.00615725735146188,0.125582844873742,0.149748098336701,"DT",1,428
"Weekly",0.05,"SameTimestamp",1000,"Daily","beta_dt",0.675731450152577,0.0233135461554848,0.629982367419019,0.721480532886135,"DT",1,428
"Weekly",0.05,"SameTimestamp",1000,"Daily","LogLik_dt",855.109650247811,NA,NA,NA,"DT",1,428
"Weekly",0.05,"SameTimestamp",1000,"Daily","AIC_dt",859.109650247811,NA,NA,NA,"DT",1,428
"Weekly",0.05,"SameTimestamp",1000,"Daily","BIC_dt",868.925160805775,NA,NA,NA,"DT",1,428
"Weekly",0.05,"SameTimestamp",1000,"Weekly","error_var_ct",1.67109917754841,0.510370316006905,0.669579560754333,2.67261879434248,"CT",1,428
"Weekly",0.05,"SameTimestamp",1000,"Weekly","beta_ct",-3.52284070516458,1.07088474926413,-5.62427969970658,-1.42140171062259,"CT",1,428
"Weekly",0.05,"SameTimestamp",1000,"Weekly","LogLik_ct",1398.07232511712,NA,NA,NA,"CT",1,428
"Weekly",0.05,"SameTimestamp",1000,"Weekly","AIC_ct",1402.07232511712,NA,NA,NA,"CT",1,428
"Weekly",0.05,"SameTimestamp",1000,"Weekly","BIC_ct",1411.88783567508,NA,NA,NA,"CT",1,428
"Weekly",0.05,"SameTimestamp",1000,"Weekly","error_var_dt",0.236974020754802,0.01059781289058,0.216177518348331,0.257770523161273,"DT",1,428
"Weekly",0.05,"SameTimestamp",1000,"Weekly","beta_dt",0.0295154718656796,0.0315997145780746,-0.0324938829938361,0.0915248267251953,"DT",1,428
"Weekly",0.05,"SameTimestamp",1000,"Weekly","LogLik_dt",1398.07232511712,NA,NA,NA,"DT",1,428
"Weekly",0.05,"SameTimestamp",1000,"Weekly","AIC_dt",1402.07232511712,NA,NA,NA,"DT",1,428
"Weekly",0.05,"SameTimestamp",1000,"Weekly","BIC_dt",1411.88783567508,NA,NA,NA,"DT",1,428
"Weekly",0.05,"SameTimestamp",1000,"Monthly","error_var_ct",2.39117527667337,2.70992045280132,-2.92660753378945,7.7089580871362,"CT",1,428
"Weekly",0.05,"SameTimestamp",1000,"Monthly","beta_ct",-5.18634801778216,5.87464408512158,-16.7143916919619,6.34169565639762,"CT",1,428
"Weekly",0.05,"SameTimestamp",1000,"Monthly","LogLik_ct",1370.45384683273,NA,NA,NA,"CT",1,428
"Weekly",0.05,"SameTimestamp",1000,"Monthly","AIC_ct",1374.45384683273,NA,NA,NA,"CT",1,428
"Weekly",0.05,"SameTimestamp",1000,"Monthly","BIC_ct",1384.26935739069,NA,NA,NA,"CT",1,428
"Weekly",0.05,"SameTimestamp",1000,"Monthly","error_var_dt",0.230518716812995,0.0103091138975245,0.210288739723192,0.250748693902798,"DT",1,428
"Weekly",0.05,"SameTimestamp",1000,"Monthly","beta_dt",0.00559234860906761,0.0316117234944416,-0.0564405718163534,0.0676252690344887,"DT",1,428
"Weekly",0.05,"SameTimestamp",1000,"Monthly","LogLik_dt",1370.45384683273,NA,NA,NA,"DT",1,428
"Weekly",0.05,"SameTimestamp",1000,"Monthly","AIC_dt",1374.45384683273,NA,NA,NA,"DT",1,428
"Weekly",0.05,"SameTimestamp",1000,"Monthly","BIC_dt",1384.26935739069,NA,NA,NA,"DT",1,428
"Weekly",0.05,"SameTimestamp",1000,"Daily","error_var_ct",0.228492205639139,0.0126868236629953,0.20359635575369,0.253388055524588,"CT",1,429
"Weekly",0.05,"SameTimestamp",1000,"Daily","beta_ct",-0.457922707238547,0.038693041417342,-0.533851574567832,-0.381993839909262,"CT",1,429
"Weekly",0.05,"SameTimestamp",1000,"Daily","LogLik_ct",938.957398255209,NA,NA,NA,"CT",1,429
"Weekly",0.05,"SameTimestamp",1000,"Daily","AIC_ct",942.957398255209,NA,NA,NA,"CT",1,429
"Weekly",0.05,"SameTimestamp",1000,"Daily","BIC_ct",952.772908813174,NA,NA,NA,"CT",1,429
"Weekly",0.05,"SameTimestamp",1000,"Daily","error_var_dt",0.149648196697219,0.00669476285363419,0.136510801912668,0.16278559148177,"DT",1,429
"Weekly",0.05,"SameTimestamp",1000,"Daily","beta_dt",0.632596372481024,0.0244770427064535,0.584564114995093,0.680628629966955,"DT",1,429
"Weekly",0.05,"SameTimestamp",1000,"Daily","LogLik_dt",938.957398255209,NA,NA,NA,"DT",1,429
"Weekly",0.05,"SameTimestamp",1000,"Daily","AIC_dt",942.957398255209,NA,NA,NA,"DT",1,429
"Weekly",0.05,"SameTimestamp",1000,"Daily","BIC_dt",952.772908813173,NA,NA,NA,"DT",1,429
"Weekly",0.05,"SameTimestamp",1000,"Weekly","error_var_ct",1.40288257211507,0.269429538917322,0.874170458368566,1.93159468586157,"CT",1,429
"Weekly",0.05,"SameTimestamp",1000,"Weekly","beta_ct",-2.8413960261672,0.541220992510332,-3.90345513113389,-1.77933692120052,"CT",1,429
"Weekly",0.05,"SameTimestamp",1000,"Weekly","LogLik_ct",1435.55731971813,NA,NA,NA,"CT",1,429
"Weekly",0.05,"SameTimestamp",1000,"Weekly","AIC_ct",1439.55731971813,NA,NA,NA,"CT",1,429
"Weekly",0.05,"SameTimestamp",1000,"Weekly","BIC_ct",1449.37283027609,NA,NA,NA,"CT",1,429
"Weekly",0.05,"SameTimestamp",1000,"Weekly","error_var_dt",0.246024647489112,0.0110025901660109,0.224433834816032,0.267615460162191,"DT",1,429
"Weekly",0.05,"SameTimestamp",1000,"Weekly","beta_dt",0.0583441944236078,0.031598354785245,-0.00366249206129652,0.120350880908512,"DT",1,429
"Weekly",0.05,"SameTimestamp",1000,"Weekly","LogLik_dt",1435.55731971812,NA,NA,NA,"DT",1,429
"Weekly",0.05,"SameTimestamp",1000,"Weekly","AIC_dt",1439.55731971812,NA,NA,NA,"DT",1,429
"Weekly",0.05,"SameTimestamp",1000,"Weekly","BIC_dt",1449.37283027608,NA,NA,NA,"DT",1,429
"Weekly",0.05,"SameTimestamp",1000,"Monthly","error_var_ct",11.8612992723172,93.7180259610629,-172.04524564898,195.767844193615,"CT",1,429
"Weekly",0.05,"SameTimestamp",1000,"Monthly","beta_ct",-22.1439203771982,174.963690887613,-365.482008731593,321.194167977197,"CT",1,429
"Weekly",0.05,"SameTimestamp",1000,"Monthly","LogLik_ct",1520.44804470883,NA,NA,NA,"CT",1,429
"Weekly",0.05,"SameTimestamp",1000,"Monthly","AIC_ct",1524.44804470883,NA,NA,NA,"CT",1,429
"Weekly",0.05,"SameTimestamp",1000,"Monthly","BIC_ct",1534.2635552668,NA,NA,NA,"CT",1,429
"Weekly",0.05,"SameTimestamp",1000,"Monthly","error_var_dt",0.267535649134871,0.0119645491253796,0.244057146801672,0.291014151468071,"DT",1,429
"Weekly",0.05,"SameTimestamp",1000,"Monthly","beta_dt",-0.0327448302689868,0.031611587693401,-0.0947774842067187,0.0292878236687452,"DT",1,429
"Weekly",0.05,"SameTimestamp",1000,"Monthly","LogLik_dt",1519.37564374061,NA,NA,NA,"DT",1,429
"Weekly",0.05,"SameTimestamp",1000,"Monthly","AIC_dt",1523.37564374061,NA,NA,NA,"DT",1,429
"Weekly",0.05,"SameTimestamp",1000,"Monthly","BIC_dt",1533.19115429857,NA,NA,NA,"DT",1,429
"Weekly",0.05,"SameTimestamp",1000,"Daily","error_var_ct",0.219608350957892,0.0122977129739366,0.19547606818435,0.243740633731434,"CT",1,430
"Weekly",0.05,"SameTimestamp",1000,"Daily","beta_ct",-0.475327345617437,0.0399146717955502,-0.553653465980205,-0.39700122525467,"CT",1,430
"Weekly",0.05,"SameTimestamp",1000,"Daily","LogLik_ct",884.135032370641,NA,NA,NA,"CT",1,430
"Weekly",0.05,"SameTimestamp",1000,"Daily","AIC_ct",888.135032370641,NA,NA,NA,"CT",1,430
"Weekly",0.05,"SameTimestamp",1000,"Daily","BIC_ct",897.950542928605,NA,NA,NA,"CT",1,430
"Weekly",0.05,"SameTimestamp",1000,"Daily","error_var_dt",0.14172584597602,0.00633870698762165,0.129287153532302,0.154164538419737,"DT",1,430
"Weekly",0.05,"SameTimestamp",1000,"Daily","beta_dt",0.621681467441247,0.0248141856061696,0.57298762126738,0.670375313615113,"DT",1,430
"Weekly",0.05,"SameTimestamp",1000,"Daily","LogLik_dt",884.135032370596,NA,NA,NA,"DT",1,430
"Weekly",0.05,"SameTimestamp",1000,"Daily","AIC_dt",888.135032370596,NA,NA,NA,"DT",1,430
"Weekly",0.05,"SameTimestamp",1000,"Daily","BIC_dt",897.95054292856,NA,NA,NA,"DT",1,430
"Weekly",0.05,"SameTimestamp",1000,"Weekly","error_var_ct",1.18654770995551,0.160517753488886,0.87155744911781,1.50153797079321,"CT",1,430
"Weekly",0.05,"SameTimestamp",1000,"Weekly","beta_ct",-2.27190237302733,0.304942358823318,-2.87030268114571,-1.67350206490894,"CT",1,430
"Weekly",0.05,"SameTimestamp",1000,"Weekly","LogLik_ct",1484.4706840133,NA,NA,NA,"CT",1,430
"Weekly",0.05,"SameTimestamp",1000,"Weekly","AIC_ct",1488.4706840133,NA,NA,NA,"CT",1,430
"Weekly",0.05,"SameTimestamp",1000,"Weekly","BIC_ct",1498.28619457127,NA,NA,NA,"CT",1,430
"Weekly",0.05,"SameTimestamp",1000,"Weekly","error_var_dt",0.258358653021174,0.0115541424756623,0.235685507695745,0.281031798346602,"DT",1,430
"Weekly",0.05,"SameTimestamp",1000,"Weekly","beta_dt",0.103115821821007,0.0314405049653281,0.0414188902066267,0.164812753435387,"DT",1,430
"Weekly",0.05,"SameTimestamp",1000,"Weekly","LogLik_dt",1484.4706840133,NA,NA,NA,"DT",1,430
"Weekly",0.05,"SameTimestamp",1000,"Weekly","AIC_dt",1488.4706840133,NA,NA,NA,"DT",1,430
"Weekly",0.05,"SameTimestamp",1000,"Weekly","BIC_dt",1498.28619457127,NA,NA,NA,"DT",1,430
"Weekly",0.05,"SameTimestamp",1000,"Monthly","error_var_ct",2.44918256502638,2.44114940682753,-2.3411803181275,7.23954544818025,"CT",1,430
"Weekly",0.05,"SameTimestamp",1000,"Monthly","beta_ct",-5.08273182631809,5.06303806057264,-15.0181292802913,4.85266562765515,"CT",1,430
"Weekly",0.05,"SameTimestamp",1000,"Monthly","LogLik_ct",1414.59704888423,NA,NA,NA,"CT",1,430
"Weekly",0.05,"SameTimestamp",1000,"Monthly","AIC_ct",1418.59704888423,NA,NA,NA,"CT",1,430
"Weekly",0.05,"SameTimestamp",1000,"Monthly","BIC_ct",1428.41255944219,NA,NA,NA,"CT",1,430
"Weekly",0.05,"SameTimestamp",1000,"Monthly","error_var_dt",0.240922491150525,0.0107743683884307,0.219779526990687,0.262065455310363,"DT",1,430
"Weekly",0.05,"SameTimestamp",1000,"Monthly","beta_dt",0.00620291595107026,0.0316342326654279,-0.0558741751002542,0.0682800070023947,"DT",1,430
"Weekly",0.05,"SameTimestamp",1000,"Monthly","LogLik_dt",1414.59704888421,NA,NA,NA,"DT",1,430
"Weekly",0.05,"SameTimestamp",1000,"Monthly","AIC_dt",1418.59704888421,NA,NA,NA,"DT",1,430
"Weekly",0.05,"SameTimestamp",1000,"Monthly","BIC_dt",1428.41255944217,NA,NA,NA,"DT",1,430
"Weekly",0.05,"SameTimestamp",1000,"Daily","error_var_ct",0.235758532049806,0.0133571781340285,0.209547219387842,0.26196984471177,"CT",1,431
"Weekly",0.05,"SameTimestamp",1000,"Daily","beta_ct",-0.50277075319472,0.0416178170994684,-0.584439022147692,-0.421102484241747,"CT",1,431
"Weekly",0.05,"SameTimestamp",1000,"Daily","LogLik_ct",932.213797420966,NA,NA,NA,"CT",1,431
"Weekly",0.05,"SameTimestamp",1000,"Daily","AIC_ct",936.213797420966,NA,NA,NA,"CT",1,431
"Weekly",0.05,"SameTimestamp",1000,"Daily","BIC_ct",946.02930797893,NA,NA,NA,"CT",1,431
"Weekly",0.05,"SameTimestamp",1000,"Daily","error_var_dt",0.148683175619406,0.00665052014313549,0.135632600034708,0.161733751204104,"DT",1,431
"Weekly",0.05,"SameTimestamp",1000,"Daily","beta_dt",0.604852439542019,0.0251725118282344,0.55545543581891,0.654249443265129,"DT",1,431
"Weekly",0.05,"SameTimestamp",1000,"Daily","LogLik_dt",932.213797420966,NA,NA,NA,"DT",1,431
"Weekly",0.05,"SameTimestamp",1000,"Daily","AIC_dt",936.213797420966,NA,NA,NA,"DT",1,431
"Weekly",0.05,"SameTimestamp",1000,"Daily","BIC_dt",946.02930797893,NA,NA,NA,"DT",1,431
"Weekly",0.05,"SameTimestamp",1000,"Weekly","error_var_ct",1.60466002990876,0.397056054536116,0.825501416813795,2.38381864300372,"CT",1,431
"Weekly",0.05,"SameTimestamp",1000,"Weekly","beta_ct",-3.22055933751031,0.791913468035432,-4.77456208446902,-1.66655659055161,"CT",1,431
"Weekly",0.05,"SameTimestamp",1000,"Weekly","LogLik_ct",1446.49147189127,NA,NA,NA,"CT",1,431
"Weekly",0.05,"SameTimestamp",1000,"Weekly","AIC_ct",1450.49147189127,NA,NA,NA,"CT",1,431
"Weekly",0.05,"SameTimestamp",1000,"Weekly","BIC_ct",1460.30698244923,NA,NA,NA,"CT",1,431
"Weekly",0.05,"SameTimestamp",1000,"Weekly","error_var_dt",0.248730249456111,0.0111235728979771,0.226902027639989,0.270558471272233,"DT",1,431
"Weekly",0.05,"SameTimestamp",1000,"Weekly","beta_dt",0.0399326068789043,0.0316093716865473,-0.0220956985019753,0.101960912259784,"DT",1,431
"Weekly",0.05,"SameTimestamp",1000,"Weekly","LogLik_dt",1446.49147189125,NA,NA,NA,"DT",1,431
"Weekly",0.05,"SameTimestamp",1000,"Weekly","AIC_dt",1450.49147189125,NA,NA,NA,"DT",1,431
"Weekly",0.05,"SameTimestamp",1000,"Weekly","BIC_dt",1460.30698244922,NA,NA,NA,"DT",1,431
"Weekly",0.05,"SameTimestamp",1000,"Monthly","error_var_ct",3.12795403859598,7.25699930406266,-11.1127393052962,17.3686473824882,"CT",1,431
"Weekly",0.05,"SameTimestamp",1000,"Monthly","beta_ct",-6.10512188540402,14.1624645563097,-33.8966795650695,21.6864357942614,"CT",1,431
"Weekly",0.05,"SameTimestamp",1000,"Monthly","LogLik_ct",1475.97596881021,NA,NA,NA,"CT",1,431
"Weekly",0.05,"SameTimestamp",1000,"Monthly","AIC_ct",1479.97596881021,NA,NA,NA,"CT",1,431
"Weekly",0.05,"SameTimestamp",1000,"Monthly","BIC_ct",1489.79147936818,NA,NA,NA,"CT",1,431
"Weekly",0.05,"SameTimestamp",1000,"Monthly","error_var_dt",0.256173309945465,0.0114564194992285,0.233691930235788,0.278654689655143,"DT",1,431
"Weekly",0.05,"SameTimestamp",1000,"Monthly","beta_dt",0.00223139587045105,0.0316369239900158,-0.0598509764722916,0.0643137682131937,"DT",1,431
"Weekly",0.05,"SameTimestamp",1000,"Monthly","LogLik_dt",1475.97596881021,NA,NA,NA,"DT",1,431
"Weekly",0.05,"SameTimestamp",1000,"Monthly","AIC_dt",1479.97596881021,NA,NA,NA,"DT",1,431
"Weekly",0.05,"SameTimestamp",1000,"Monthly","BIC_dt",1489.79147936818,NA,NA,NA,"DT",1,431
"Weekly",0.05,"SameTimestamp",1000,"Daily","error_var_ct",0.218454776267888,0.012434682422783,0.194053712991996,0.242855839543781,"CT",1,432
"Weekly",0.05,"SameTimestamp",1000,"Daily","beta_ct",-0.513153107353695,0.0423080624384129,-0.596175871710636,-0.430130342996754,"CT",1,432
"Weekly",0.05,"SameTimestamp",1000,"Daily","LogLik_ct",847.187710888274,NA,NA,NA,"CT",1,432
"Weekly",0.05,"SameTimestamp",1000,"Daily","AIC_ct",851.187710888274,NA,NA,NA,"CT",1,432
"Weekly",0.05,"SameTimestamp",1000,"Daily","BIC_ct",861.003221446238,NA,NA,NA,"CT",1,432
"Weekly",0.05,"SameTimestamp",1000,"Daily","error_var_dt",0.136583300378286,0.00610875455324476,0.124595852583278,0.148570748173295,"DT",1,432
"Weekly",0.05,"SameTimestamp",1000,"Daily","beta_dt",0.598605134305182,0.0253262013335055,0.548906539659566,0.648303728950797,"DT",1,432
"Weekly",0.05,"SameTimestamp",1000,"Daily","LogLik_dt",847.187710888275,NA,NA,NA,"DT",1,432
"Weekly",0.05,"SameTimestamp",1000,"Daily","AIC_dt",851.187710888275,NA,NA,NA,"DT",1,432
"Weekly",0.05,"SameTimestamp",1000,"Daily","BIC_dt",861.003221446239,NA,NA,NA,"DT",1,432
"Weekly",0.05,"SameTimestamp",1000,"Weekly","error_var_ct",1.38726089814685,0.307079007162226,0.784667761491046,1.98985403480266,"CT",1,432
"Weekly",0.05,"SameTimestamp",1000,"Weekly","beta_ct",-3.05746835523612,0.671912021968545,-4.37598757482208,-1.73894913565015,"CT",1,432
"Weekly",0.05,"SameTimestamp",1000,"Weekly","LogLik_ct",1352.26198306772,NA,NA,NA,"CT",1,432
"Weekly",0.05,"SameTimestamp",1000,"Weekly","AIC_ct",1356.26198306772,NA,NA,NA,"CT",1,432
"Weekly",0.05,"SameTimestamp",1000,"Weekly","BIC_ct",1366.07749362568,NA,NA,NA,"CT",1,432
"Weekly",0.05,"SameTimestamp",1000,"Weekly","error_var_dt",0.226363033800269,0.0101232643021074,0.206497756634709,0.246228310965829,"DT",1,432
"Weekly",0.05,"SameTimestamp",1000,"Weekly","beta_dt",0.0470065575067945,0.0315744938554191,-0.0149533057430076,0.108966420756597,"DT",1,432
"Weekly",0.05,"SameTimestamp",1000,"Weekly","LogLik_dt",1352.26198306772,NA,NA,NA,"DT",1,432
"Weekly",0.05,"SameTimestamp",1000,"Weekly","AIC_dt",1356.26198306772,NA,NA,NA,"DT",1,432
"Weekly",0.05,"SameTimestamp",1000,"Weekly","BIC_dt",1366.07749362568,NA,NA,NA,"DT",1,432
"Weekly",0.05,"SameTimestamp",1000,"Monthly","error_var_ct",1.39725134430606,0.303222306413046,0.802226362253419,1.9922763263587,"CT",1,432
"Weekly",0.05,"SameTimestamp",1000,"Monthly","beta_ct",-3.02844618539883,0.652373516086365,-4.30862423131124,-1.74826813948642,"CT",1,432
"Weekly",0.05,"SameTimestamp",1000,"Monthly","LogLik_ct",1368.84293961041,NA,NA,NA,"CT",1,432
"Weekly",0.05,"SameTimestamp",1000,"Monthly","AIC_ct",1372.84293961041,NA,NA,NA,"CT",1,432
"Weekly",0.05,"SameTimestamp",1000,"Monthly","BIC_ct",1382.65845016837,NA,NA,NA,"CT",1,432
"Weekly",0.05,"SameTimestamp",1000,"Monthly","error_var_dt",0.230147638030663,0.0102925170141999,0.209950229653628,0.250345046407698,"DT",1,432
"Weekly",0.05,"SameTimestamp",1000,"Monthly","beta_dt",0.0483908291762392,0.0315719666334901,-0.0135640748072058,0.110345733159684,"DT",1,432
"Weekly",0.05,"SameTimestamp",1000,"Monthly","LogLik_dt",1368.84293961041,NA,NA,NA,"DT",1,432
"Weekly",0.05,"SameTimestamp",1000,"Monthly","AIC_dt",1372.84293961041,NA,NA,NA,"DT",1,432
"Weekly",0.05,"SameTimestamp",1000,"Monthly","BIC_dt",1382.65845016837,NA,NA,NA,"DT",1,432
"Weekly",0.05,"SameTimestamp",1000,"Daily","error_var_ct",0.218837151072435,0.0119964804772794,0.195295988599499,0.242378313545372,"CT",1,433
"Weekly",0.05,"SameTimestamp",1000,"Daily","beta_ct",-0.428281910708221,0.03688822625773,-0.500669118716131,-0.35589470270031,"CT",1,433
"Weekly",0.05,"SameTimestamp",1000,"Daily","LogLik_ct",920.679119767167,NA,NA,NA,"CT",1,433
"Weekly",0.05,"SameTimestamp",1000,"Daily","AIC_ct",924.679119767167,NA,NA,NA,"CT",1,433
"Weekly",0.05,"SameTimestamp",1000,"Daily","BIC_ct",934.494630325131,NA,NA,NA,"CT",1,433
"Weekly",0.05,"SameTimestamp",1000,"Daily","error_var_dt",0.146999904380396,0.00657461718078844,0.134098276145062,0.15990153261573,"DT",1,433
"Weekly",0.05,"SameTimestamp",1000,"Daily","beta_dt",0.651627668473736,0.0240372865753994,0.604458361629806,0.698796975317666,"DT",1,433
"Weekly",0.05,"SameTimestamp",1000,"Daily","LogLik_dt",920.679119767176,NA,NA,NA,"DT",1,433
"Weekly",0.05,"SameTimestamp",1000,"Daily","AIC_dt",924.679119767176,NA,NA,NA,"DT",1,433
"Weekly",0.05,"SameTimestamp",1000,"Daily","BIC_dt",934.49463032514,NA,NA,NA,"DT",1,433
"Weekly",0.05,"SameTimestamp",1000,"Weekly","error_var_ct",2.15897709026907,1.25960129423488,-0.312787755667562,4.6307419362057,"CT",1,433
"Weekly",0.05,"SameTimestamp",1000,"Weekly","beta_ct",-4.40201977925477,2.56412835413744,-9.43370905683376,0.629669498324213,"CT",1,433
"Weekly",0.05,"SameTimestamp",1000,"Weekly","LogLik_ct",1432.15079185504,NA,NA,NA,"CT",1,433
"Weekly",0.05,"SameTimestamp",1000,"Weekly","AIC_ct",1436.15079185504,NA,NA,NA,"CT",1,433
"Weekly",0.05,"SameTimestamp",1000,"Weekly","BIC_ct",1445.966302413,NA,NA,NA,"CT",1,433
"Weekly",0.05,"SameTimestamp",1000,"Weekly","error_var_dt",0.245188919198074,0.0109651848185659,0.223671508500117,0.26670632989603,"DT",1,433
"Weekly",0.05,"SameTimestamp",1000,"Weekly","beta_dt",0.0122525087324983,0.0316050021914116,-0.049767222217313,0.0742722396823096,"DT",1,433
"Weekly",0.05,"SameTimestamp",1000,"Weekly","LogLik_dt",1432.15079185504,NA,NA,NA,"DT",1,433
"Weekly",0.05,"SameTimestamp",1000,"Weekly","AIC_dt",1436.15079185504,NA,NA,NA,"DT",1,433
"Weekly",0.05,"SameTimestamp",1000,"Weekly","BIC_dt",1445.966302413,NA,NA,NA,"DT",1,433
"Weekly",0.05,"SameTimestamp",1000,"Monthly","error_var_ct",8.18050395774655,36.4856580400791,-63.4167287039689,79.777736619462,"CT",1,433
"Weekly",0.05,"SameTimestamp",1000,"Monthly","beta_ct",-17.5795428555521,78.4074129246053,-171.441473463999,136.282387752894,"CT",1,433
"Weekly",0.05,"SameTimestamp",1000,"Monthly","LogLik_ct",1379.75301296866,NA,NA,NA,"CT",1,433
"Weekly",0.05,"SameTimestamp",1000,"Monthly","AIC_ct",1383.75301296866,NA,NA,NA,"CT",1,433
"Weekly",0.05,"SameTimestamp",1000,"Monthly","BIC_ct",1393.56852352662,NA,NA,NA,"CT",1,433
"Weekly",0.05,"SameTimestamp",1000,"Monthly","error_var_dt",0.232291057594331,0.0103883700219124,0.211905553114247,0.252676562074415,"DT",1,433
"Weekly",0.05,"SameTimestamp",1000,"Monthly","beta_dt",-0.0404627645619204,0.0315824250075525,-0.10243819142151,0.021512662297669,"DT",1,433
"Weekly",0.05,"SameTimestamp",1000,"Monthly","LogLik_dt",1378.11293687351,NA,NA,NA,"DT",1,433
"Weekly",0.05,"SameTimestamp",1000,"Monthly","AIC_dt",1382.11293687351,NA,NA,NA,"DT",1,433
"Weekly",0.05,"SameTimestamp",1000,"Monthly","BIC_dt",1391.92844743148,NA,NA,NA,"DT",1,433
"Weekly",0.05,"SameTimestamp",1000,"Daily","error_var_ct",0.204448201755292,0.010980459594372,0.182900816767821,0.225995586742764,"CT",1,434
"Weekly",0.05,"SameTimestamp",1000,"Daily","beta_ct",-0.384997321349822,0.0340468788213997,-0.451808842241216,-0.318185800458428,"CT",1,434
"Weekly",0.05,"SameTimestamp",1000,"Daily","LogLik_ct",890.176821199751,NA,NA,NA,"CT",1,434
"Weekly",0.05,"SameTimestamp",1000,"Daily","AIC_ct",894.176821199751,NA,NA,NA,"CT",1,434
"Weekly",0.05,"SameTimestamp",1000,"Daily","BIC_ct",903.992331757715,NA,NA,NA,"CT",1,434
"Weekly",0.05,"SameTimestamp",1000,"Daily","error_var_dt",0.142579569771184,0.00637702212242486,0.130065690041055,0.155093449501313,"DT",1,434
"Weekly",0.05,"SameTimestamp",1000,"Daily","beta_dt",0.68045247185595,0.0231673454770916,0.634990284427246,0.725914659284654,"DT",1,434
"Weekly",0.05,"SameTimestamp",1000,"Daily","LogLik_dt",890.176821199751,NA,NA,NA,"DT",1,434
"Weekly",0.05,"SameTimestamp",1000,"Daily","AIC_dt",894.176821199751,NA,NA,NA,"DT",1,434
"Weekly",0.05,"SameTimestamp",1000,"Daily","BIC_dt",903.992331757715,NA,NA,NA,"DT",1,434
"Weekly",0.05,"SameTimestamp",1000,"Weekly","error_var_ct",1.46932822506425,0.314068075534694,0.853020166402577,2.08563628372592,"CT",1,434
"Weekly",0.05,"SameTimestamp",1000,"Weekly","beta_ct",-3.00776913939005,0.638112194119754,-4.25996163586313,-1.75557664291697,"CT",1,434
"Weekly",0.05,"SameTimestamp",1000,"Weekly","LogLik_ct",1425.89301183064,NA,NA,NA,"CT",1,434
"Weekly",0.05,"SameTimestamp",1000,"Weekly","AIC_ct",1429.89301183064,NA,NA,NA,"CT",1,434
"Weekly",0.05,"SameTimestamp",1000,"Weekly","BIC_ct",1439.7085223886,NA,NA,NA,"CT",1,434
"Weekly",0.05,"SameTimestamp",1000,"Weekly","error_var_dt",0.243659357229015,0.0108967766031485,0.222276186645622,0.265042527812408,"DT",1,434
"Weekly",0.05,"SameTimestamp",1000,"Weekly","beta_dt",0.0494017727984657,0.0315693054758688,-0.0125479090913788,0.11135145468831,"DT",1,434
"Weekly",0.05,"SameTimestamp",1000,"Weekly","LogLik_dt",1425.89301183064,NA,NA,NA,"DT",1,434
"Weekly",0.05,"SameTimestamp",1000,"Weekly","AIC_dt",1429.89301183064,NA,NA,NA,"DT",1,434
"Weekly",0.05,"SameTimestamp",1000,"Weekly","BIC_dt",1439.7085223886,NA,NA,NA,"DT",1,434
"Weekly",0.05,"SameTimestamp",1000,"Monthly","error_var_ct",2.12828776347835,1.17379429758232,-0.175094659518628,4.43167018647532,"CT",1,434
"Weekly",0.05,"SameTimestamp",1000,"Monthly","beta_ct",-4.31876984049638,2.37772698638103,-8.98467642940747,0.347136748414722,"CT",1,434
"Weekly",0.05,"SameTimestamp",1000,"Monthly","LogLik_ct",1436.89973609377,NA,NA,NA,"CT",1,434
"Weekly",0.05,"SameTimestamp",1000,"Monthly","AIC_ct",1440.89973609377,NA,NA,NA,"CT",1,434
"Weekly",0.05,"SameTimestamp",1000,"Monthly","BIC_ct",1450.71524665174,NA,NA,NA,"CT",1,434
"Weekly",0.05,"SameTimestamp",1000,"Monthly","error_var_dt",0.246356075809725,0.0110173704190184,0.224736259268545,0.267975892350906,"DT",1,434
"Weekly",0.05,"SameTimestamp",1000,"Monthly","beta_dt",0.0133162226094394,0.0316154309971053,-0.0487239731933508,0.0753564184122297,"DT",1,434
"Weekly",0.05,"SameTimestamp",1000,"Monthly","LogLik_dt",1436.89973609377,NA,NA,NA,"DT",1,434
"Weekly",0.05,"SameTimestamp",1000,"Monthly","AIC_dt",1440.89973609377,NA,NA,NA,"DT",1,434
"Weekly",0.05,"SameTimestamp",1000,"Monthly","BIC_dt",1450.71524665174,NA,NA,NA,"DT",1,434
"Weekly",0.05,"SameTimestamp",1000,"Daily","error_var_ct",0.203304014350704,0.0111412693765856,0.181441066043015,0.225166962658392,"CT",1,435
"Weekly",0.05,"SameTimestamp",1000,"Daily","beta_ct",-0.428535794610374,0.0368487380589032,-0.500845513382495,-0.356226075838253,"CT",1,435
"Weekly",0.05,"SameTimestamp",1000,"Daily","LogLik_ct",846.935639565865,NA,NA,NA,"CT",1,435
"Weekly",0.05,"SameTimestamp",1000,"Daily","AIC_ct",850.935639565865,NA,NA,NA,"CT",1,435
"Weekly",0.05,"SameTimestamp",1000,"Daily","BIC_ct",860.751150123829,NA,NA,NA,"CT",1,435
"Weekly",0.05,"SameTimestamp",1000,"Daily","error_var_dt",0.136536041789198,0.00610696275307659,0.124552110113685,0.148519973464712,"DT",1,435
"Weekly",0.05,"SameTimestamp",1000,"Daily","beta_dt",0.651462272016195,0.0240054152766916,0.604355507467276,0.698569036565114,"DT",1,435
"Weekly",0.05,"SameTimestamp",1000,"Daily","LogLik_dt",846.935639565865,NA,NA,NA,"DT",1,435
"Weekly",0.05,"SameTimestamp",1000,"Daily","AIC_dt",850.935639565865,NA,NA,NA,"DT",1,435
"Weekly",0.05,"SameTimestamp",1000,"Daily","BIC_dt",860.75115012383,NA,NA,NA,"DT",1,435
"Weekly",0.05,"SameTimestamp",1000,"Weekly","error_var_ct",1.6084700169191,0.403359419355477,0.816942064698397,2.3999979691398,"CT",1,435
"Weekly",0.05,"SameTimestamp",1000,"Weekly","beta_ct",-3.24361685000478,0.808413196333668,-4.82999765862613,-1.65723604138344,"CT",1,435
"Weekly",0.05,"SameTimestamp",1000,"Weekly","LogLik_ct",1441.80068050642,NA,NA,NA,"CT",1,435
"Weekly",0.05,"SameTimestamp",1000,"Weekly","AIC_ct",1445.80068050642,NA,NA,NA,"CT",1,435
"Weekly",0.05,"SameTimestamp",1000,"Weekly","BIC_ct",1455.61619106439,NA,NA,NA,"CT",1,435
"Weekly",0.05,"SameTimestamp",1000,"Weekly","error_var_dt",0.24756634175146,0.0110715013326353,0.225840302003008,0.269292381499912,"DT",1,435
"Weekly",0.05,"SameTimestamp",1000,"Weekly","beta_dt",0.0390224960394374,0.0315877033170909,-0.0229632886532401,0.101008280732115,"DT",1,435
"Weekly",0.05,"SameTimestamp",1000,"Weekly","LogLik_dt",1441.80068050642,NA,NA,NA,"DT",1,435
"Weekly",0.05,"SameTimestamp",1000,"Weekly","AIC_dt",1445.80068050642,NA,NA,NA,"DT",1,435
"Weekly",0.05,"SameTimestamp",1000,"Weekly","BIC_dt",1455.61619106439,NA,NA,NA,"DT",1,435
"Weekly",0.05,"SameTimestamp",1000,"Monthly","error_var_ct",2.17310262844701,1.14277601499894,-0.0694114064164846,4.4156166633105,"CT",1,435
"Weekly",0.05,"SameTimestamp",1000,"Monthly","beta_ct",-4.25530582163581,2.23341149953624,-8.63801649074288,0.127404847471264,"CT",1,435
"Weekly",0.05,"SameTimestamp",1000,"Monthly","LogLik_ct",1472.51777919715,NA,NA,NA,"CT",1,435
"Weekly",0.05,"SameTimestamp",1000,"Monthly","AIC_ct",1476.51777919715,NA,NA,NA,"CT",1,435
"Weekly",0.05,"SameTimestamp",1000,"Monthly","BIC_ct",1486.33328975511,NA,NA,NA,"CT",1,435
"Weekly",0.05,"SameTimestamp",1000,"Monthly","error_var_dt",0.255288931929715,0.0114168616521657,0.232885178129282,0.277692685730149,"DT",1,435
"Weekly",0.05,"SameTimestamp",1000,"Monthly","beta_dt",0.0141887380633216,0.031609090076546,-0.0478390147032469,0.07621649082989,"DT",1,435
"Weekly",0.05,"SameTimestamp",1000,"Monthly","LogLik_dt",1472.51777919714,NA,NA,NA,"DT",1,435
"Weekly",0.05,"SameTimestamp",1000,"Monthly","AIC_dt",1476.51777919714,NA,NA,NA,"DT",1,435
"Weekly",0.05,"SameTimestamp",1000,"Monthly","BIC_dt",1486.33328975511,NA,NA,NA,"DT",1,435
"Weekly",0.05,"SameTimestamp",1000,"Daily","error_var_ct",0.187265634157413,0.0101221321486483,0.167402578660831,0.207128689653995,"CT",1,436
"Weekly",0.05,"SameTimestamp",1000,"Daily","beta_ct",-0.398437851199841,0.0349265126274396,-0.466975511885643,-0.32990019051404,"CT",1,436
"Weekly",0.05,"SameTimestamp",1000,"Daily","LogLik_ct",790.693861929751,NA,NA,NA,"CT",1,436
"Weekly",0.05,"SameTimestamp",1000,"Daily","AIC_ct",794.693861929751,NA,NA,NA,"CT",1,436
"Weekly",0.05,"SameTimestamp",1000,"Daily","BIC_ct",804.509372487715,NA,NA,NA,"CT",1,436
"Weekly",0.05,"SameTimestamp",1000,"Daily","error_var_dt",0.129077151407444,0.00577313480974467,0.117748303351403,0.140405999463486,"DT",1,436
"Weekly",0.05,"SameTimestamp",1000,"Daily","beta_dt",0.671368012901114,0.023448492323955,0.625354120027359,0.717381905774869,"DT",1,436
"Weekly",0.05,"SameTimestamp",1000,"Daily","LogLik_dt",790.69386192974,NA,NA,NA,"DT",1,436
"Weekly",0.05,"SameTimestamp",1000,"Daily","AIC_dt",794.69386192974,NA,NA,NA,"DT",1,436
"Weekly",0.05,"SameTimestamp",1000,"Daily","BIC_dt",804.509372487704,NA,NA,NA,"DT",1,436
"Weekly",0.05,"SameTimestamp",1000,"Weekly","error_var_ct",0.96462217532438,0.120330621155026,0.728492694811755,1.200751655837,"CT",1,436
"Weekly",0.05,"SameTimestamp",1000,"Weekly","beta_ct",-2.12993955234883,0.264139760394168,-2.64827132697043,-1.61160777772723,"CT",1,436
"Weekly",0.05,"SameTimestamp",1000,"Weekly","LogLik_ct",1338.39293521251,NA,NA,NA,"CT",1,436
"Weekly",0.05,"SameTimestamp",1000,"Weekly","AIC_ct",1342.39293521251,NA,NA,NA,"CT",1,436
"Weekly",0.05,"SameTimestamp",1000,"Weekly","BIC_ct",1352.20844577047,NA,NA,NA,"CT",1,436
"Weekly",0.05,"SameTimestamp",1000,"Weekly","error_var_dt",0.22324526494121,0.00998383407013448,0.203653597168898,0.242836932713521,"DT",1,436
"Weekly",0.05,"SameTimestamp",1000,"Weekly","beta_dt",0.11884447060557,0.0313819974601323,0.0572623505551577,0.180426590655983,"DT",1,436
"Weekly",0.05,"SameTimestamp",1000,"Weekly","LogLik_dt",1338.39293521251,NA,NA,NA,"DT",1,436
"Weekly",0.05,"SameTimestamp",1000,"Weekly","AIC_dt",1342.39293521251,NA,NA,NA,"DT",1,436
"Weekly",0.05,"SameTimestamp",1000,"Weekly","BIC_dt",1352.20844577047,NA,NA,NA,"DT",1,436
"Weekly",0.05,"SameTimestamp",1000,"Monthly","error_var_ct",2.810257972323,5.10165250937631,-7.20091412362225,12.8214300682682,"CT",1,436
"Weekly",0.05,"SameTimestamp",1000,"Monthly","beta_ct",-5.76961425137302,10.4716994741817,-26.3186393722291,14.7794108694831,"CT",1,436
"Weekly",0.05,"SameTimestamp",1000,"Monthly","LogLik_ct",1425.39128109338,NA,NA,NA,"CT",1,436
"Weekly",0.05,"SameTimestamp",1000,"Monthly","AIC_ct",1429.39128109338,NA,NA,NA,"CT",1,436
"Weekly",0.05,"SameTimestamp",1000,"Monthly","BIC_ct",1439.20679165135,NA,NA,NA,"CT",1,436
"Weekly",0.05,"SameTimestamp",1000,"Monthly","error_var_dt",0.243537150748126,0.0108913195572514,0.222164688739163,0.26490961275709,"DT",1,436
"Weekly",0.05,"SameTimestamp",1000,"Monthly","beta_dt",0.00312088343661844,0.0317049705781739,-0.0590950193853836,0.0653367862586205,"DT",1,436
"Weekly",0.05,"SameTimestamp",1000,"Monthly","LogLik_dt",1425.39128109338,NA,NA,NA,"DT",1,436
"Weekly",0.05,"SameTimestamp",1000,"Monthly","AIC_dt",1429.39128109338,NA,NA,NA,"DT",1,436
"Weekly",0.05,"SameTimestamp",1000,"Monthly","BIC_dt",1439.20679165134,NA,NA,NA,"DT",1,436
"Weekly",0.05,"SameTimestamp",1000,"Daily","error_var_ct",0.229544002716833,0.0127899011027444,0.204445879943013,0.254642125490653,"CT",1,437
"Weekly",0.05,"SameTimestamp",1000,"Daily","beta_ct",-0.465589538877176,0.0392136522253023,-0.542540021140822,-0.38863905661353,"CT",1,437
"Weekly",0.05,"SameTimestamp",1000,"Daily","LogLik_ct",936.686022954147,NA,NA,NA,"CT",1,437
"Weekly",0.05,"SameTimestamp",1000,"Daily","AIC_ct",940.686022954147,NA,NA,NA,"CT",1,437
"Weekly",0.05,"SameTimestamp",1000,"Daily","BIC_ct",950.501533512112,NA,NA,NA,"CT",1,437
"Weekly",0.05,"SameTimestamp",1000,"Daily","error_var_dt",0.149362549969344,0.00668054094034607,0.136253063401042,0.162472036537646,"DT",1,437
"Weekly",0.05,"SameTimestamp",1000,"Daily","beta_dt",0.627764917853457,0.0246171222066032,0.579457776889959,0.676072058816954,"DT",1,437
"Weekly",0.05,"SameTimestamp",1000,"Daily","LogLik_dt",936.686022954147,NA,NA,NA,"DT",1,437
"Weekly",0.05,"SameTimestamp",1000,"Daily","AIC_dt",940.686022954147,NA,NA,NA,"DT",1,437
"Weekly",0.05,"SameTimestamp",1000,"Daily","BIC_dt",950.501533512111,NA,NA,NA,"DT",1,437
"Weekly",0.05,"SameTimestamp",1000,"Weekly","error_var_ct",1.1247581252825,0.152370271165234,0.825755987418844,1.42376026314616,"CT",1,437
"Weekly",0.05,"SameTimestamp",1000,"Weekly","beta_ct",-2.27337870482092,0.305609818723982,-2.87308879558727,-1.67366861405458,"CT",1,437
"Weekly",0.05,"SameTimestamp",1000,"Weekly","LogLik_ct",1430.37482389893,NA,NA,NA,"CT",1,437
"Weekly",0.05,"SameTimestamp",1000,"Weekly","AIC_ct",1434.37482389893,NA,NA,NA,"CT",1,437
"Weekly",0.05,"SameTimestamp",1000,"Weekly","BIC_ct",1444.1903344569,NA,NA,NA,"CT",1,437
"Weekly",0.05,"SameTimestamp",1000,"Weekly","error_var_dt",0.24475332448481,0.010945722320719,0.223274105806989,0.26623254316263,"DT",1,437
"Weekly",0.05,"SameTimestamp",1000,"Weekly","beta_dt",0.102963706345296,0.0314809063622713,0.0411874934907745,0.164739919199818,"DT",1,437
"Weekly",0.05,"SameTimestamp",1000,"Weekly","LogLik_dt",1430.37482389893,NA,NA,NA,"DT",1,437
"Weekly",0.05,"SameTimestamp",1000,"Weekly","AIC_dt",1434.37482389893,NA,NA,NA,"DT",1,437
"Weekly",0.05,"SameTimestamp",1000,"Weekly","BIC_dt",1444.1903344569,NA,NA,NA,"DT",1,437
"Weekly",0.05,"SameTimestamp",1000,"Monthly","error_var_ct",11.5650172483312,57.2961883215132,-100.869532277364,123.999566774026,"CT",1,437
"Weekly",0.05,"SameTimestamp",1000,"Monthly","beta_ct",-23.3924263619876,115.892318918458,-250.812452943275,204.0276002193,"CT",1,437
"Weekly",0.05,"SameTimestamp",1000,"Monthly","LogLik_ct",1440.30287892853,NA,NA,NA,"CT",1,437
"Weekly",0.05,"SameTimestamp",1000,"Monthly","AIC_ct",1444.30287892853,NA,NA,NA,"CT",1,437
"Weekly",0.05,"SameTimestamp",1000,"Monthly","BIC_ct",1454.11838948649,NA,NA,NA,"CT",1,437
"Weekly",0.05,"SameTimestamp",1000,"Monthly","error_var_dt",0.24703862509717,0.0110478975068683,0.225358904058477,0.268718346135862,"DT",1,437
"Weekly",0.05,"SameTimestamp",1000,"Monthly","beta_dt",-0.0252203652659856,0.0316140776242037,-0.0872579052922401,0.036817174760269,"DT",1,437
"Weekly",0.05,"SameTimestamp",1000,"Monthly","LogLik_dt",1439.66664869601,NA,NA,NA,"DT",1,437
"Weekly",0.05,"SameTimestamp",1000,"Monthly","AIC_dt",1443.66664869601,NA,NA,NA,"DT",1,437
"Weekly",0.05,"SameTimestamp",1000,"Monthly","BIC_dt",1453.48215925398,NA,NA,NA,"DT",1,437
"Weekly",0.05,"SameTimestamp",1000,"Daily","error_var_ct",0.214707888685656,0.011754592769241,0.191641391915375,0.237774385455937,"CT",1,438
"Weekly",0.05,"SameTimestamp",1000,"Daily","beta_ct",-0.42457058526455,0.0366855247348709,-0.496560024152411,-0.352581146376689,"CT",1,438
"Weekly",0.05,"SameTimestamp",1000,"Daily","LogLik_ct",904.929973083095,NA,NA,NA,"CT",1,438
"Weekly",0.05,"SameTimestamp",1000,"Daily","AIC_ct",908.929973083095,NA,NA,NA,"CT",1,438
"Weekly",0.05,"SameTimestamp",1000,"Daily","BIC_ct",918.745483641059,NA,NA,NA,"CT",1,438
"Weekly",0.05,"SameTimestamp",1000,"Daily","error_var_dt",0.144686992653436,0.00647158186672728,0.13198755464159,0.157386430665283,"DT",1,438
"Weekly",0.05,"SameTimestamp",1000,"Daily","beta_dt",0.654050585806043,0.0239944619373617,0.606965315422956,0.701135856189129,"DT",1,438
"Weekly",0.05,"SameTimestamp",1000,"Daily","LogLik_dt",904.929973083096,NA,NA,NA,"DT",1,438
"Weekly",0.05,"SameTimestamp",1000,"Daily","AIC_dt",908.929973083096,NA,NA,NA,"DT",1,438
"Weekly",0.05,"SameTimestamp",1000,"Daily","BIC_dt",918.74548364106,NA,NA,NA,"DT",1,438
"Weekly",0.05,"SameTimestamp",1000,"Weekly","error_var_ct",1.9822960820803,0.878419679186804,0.258538816245036,3.70605334791556,"CT",1,438
"Weekly",0.05,"SameTimestamp",1000,"Weekly","beta_ct",-4.0257698499062,1.77931239105463,-7.51738409187139,-0.534155607941012,"CT",1,438
"Weekly",0.05,"SameTimestamp",1000,"Weekly","LogLik_ct",1435.9509572103,NA,NA,NA,"CT",1,438
"Weekly",0.05,"SameTimestamp",1000,"Weekly","AIC_ct",1439.9509572103,NA,NA,NA,"CT",1,438
"Weekly",0.05,"SameTimestamp",1000,"Weekly","BIC_ct",1449.76646776827,NA,NA,NA,"CT",1,438
"Weekly",0.05,"SameTimestamp",1000,"Weekly","error_var_dt",0.246122429394185,0.0110069212304861,0.224523117704024,0.267721741084345,"DT",1,438
"Weekly",0.05,"SameTimestamp",1000,"Weekly","beta_dt",0.0178496445403738,0.0316297491416827,-0.0442186483170858,0.0799179373978333,"DT",1,438
"Weekly",0.05,"SameTimestamp",1000,"Weekly","LogLik_dt",1435.9509572103,NA,NA,NA,"DT",1,438
"Weekly",0.05,"SameTimestamp",1000,"Weekly","AIC_dt",1439.9509572103,NA,NA,NA,"DT",1,438
"Weekly",0.05,"SameTimestamp",1000,"Weekly","BIC_dt",1449.76646776826,NA,NA,NA,"DT",1,438
"Weekly",0.05,"SameTimestamp",1000,"Monthly","error_var_ct",3.77623875493725,14.4149259245589,-24.5107337340424,32.0632112439169,"CT",1,438
"Weekly",0.05,"SameTimestamp",1000,"Monthly","beta_ct",-7.75805087704363,29.613776851534,-65.8703225236812,50.354220769594,"CT",1,438
"Weekly",0.05,"SameTimestamp",1000,"Monthly","LogLik_ct",1424.72745945726,NA,NA,NA,"CT",1,438
"Weekly",0.05,"SameTimestamp",1000,"Monthly","AIC_ct",1428.72745945726,NA,NA,NA,"CT",1,438
"Weekly",0.05,"SameTimestamp",1000,"Monthly","BIC_ct",1438.54297001523,NA,NA,NA,"CT",1,438
"Weekly",0.05,"SameTimestamp",1000,"Monthly","error_var_dt",0.243375540715585,0.0108840698648584,0.222017305061328,0.264733776369842,"DT",1,438
"Weekly",0.05,"SameTimestamp",1000,"Monthly","beta_dt",0.000427075181722027,0.031644492995887,-0.0616701501170446,0.0625243004804887,"DT",1,438
"Weekly",0.05,"SameTimestamp",1000,"Monthly","LogLik_dt",1424.72745945715,NA,NA,NA,"DT",1,438
"Weekly",0.05,"SameTimestamp",1000,"Monthly","AIC_dt",1428.72745945715,NA,NA,NA,"DT",1,438
"Weekly",0.05,"SameTimestamp",1000,"Monthly","BIC_dt",1438.54297001511,NA,NA,NA,"DT",1,438
"Weekly",0.05,"SameTimestamp",1000,"Daily","error_var_ct",0.229936856272144,0.0127059279624145,0.205003517273333,0.254870195270955,"CT",1,439
"Weekly",0.05,"SameTimestamp",1000,"Daily","beta_ct",-0.447473862941622,0.0380366026272074,-0.522114574778855,-0.372833151104389,"CT",1,439
"Weekly",0.05,"SameTimestamp",1000,"Daily","LogLik_ct",953.766882299185,NA,NA,NA,"CT",1,439
"Weekly",0.05,"SameTimestamp",1000,"Daily","AIC_ct",957.766882299185,NA,NA,NA,"CT",1,439
"Weekly",0.05,"SameTimestamp",1000,"Daily","BIC_ct",967.58239285715,NA,NA,NA,"CT",1,439
"Weekly",0.05,"SameTimestamp",1000,"Daily","error_var_dt",0.151939598675459,0.00679569631590232,0.138604138213336,0.165275059137583,"DT",1,439
"Weekly",0.05,"SameTimestamp",1000,"Daily","beta_dt",0.639240926992886,0.0243143746774862,0.591527879337399,0.686953974648373,"DT",1,439
"Weekly",0.05,"SameTimestamp",1000,"Daily","LogLik_dt",953.766882299185,NA,NA,NA,"DT",1,439
"Weekly",0.05,"SameTimestamp",1000,"Daily","AIC_dt",957.766882299185,NA,NA,NA,"DT",1,439
"Weekly",0.05,"SameTimestamp",1000,"Daily","BIC_dt",967.582392857149,NA,NA,NA,"DT",1,439
"Weekly",0.05,"SameTimestamp",1000,"Weekly","error_var_ct",1.45601134941788,0.328486614263309,0.811409228720635,2.10061347011512,"CT",1,439
"Weekly",0.05,"SameTimestamp",1000,"Weekly","beta_ct",-3.08647126015875,0.691435292314933,-4.44330175613098,-1.72964076418653,"CT",1,439
"Weekly",0.05,"SameTimestamp",1000,"Weekly","LogLik_ct",1391.31516599433,NA,NA,NA,"CT",1,439
"Weekly",0.05,"SameTimestamp",1000,"Weekly","AIC_ct",1395.31516599433,NA,NA,NA,"CT",1,439
"Weekly",0.05,"SameTimestamp",1000,"Weekly","BIC_ct",1405.13067655229,NA,NA,NA,"CT",1,439
"Weekly",0.05,"SameTimestamp",1000,"Weekly","error_var_dt",0.23537808271371,0.0105264370524214,0.214721643903885,0.256034521523536,"DT",1,439
"Weekly",0.05,"SameTimestamp",1000,"Weekly","beta_dt",0.0456628212841265,0.0315756545267385,-0.0162993195963657,0.107624962164619,"DT",1,439
"Weekly",0.05,"SameTimestamp",1000,"Weekly","LogLik_dt",1391.31516599433,NA,NA,NA,"DT",1,439
"Weekly",0.05,"SameTimestamp",1000,"Weekly","AIC_dt",1395.31516599433,NA,NA,NA,"DT",1,439
"Weekly",0.05,"SameTimestamp",1000,"Weekly","BIC_dt",1405.13067655229,NA,NA,NA,"DT",1,439
"Weekly",0.05,"SameTimestamp",1000,"Monthly","error_var_ct",10.2969724914105,59.4839470053304,-106.430701398956,127.024646381777,"CT",1,439
"Weekly",0.05,"SameTimestamp",1000,"Monthly","beta_ct",-22.0456402254789,127.352146487079,-271.953734304204,227.862453853247,"CT",1,439
"Weekly",0.05,"SameTimestamp",1000,"Monthly","LogLik_ct",1383.46581029864,NA,NA,NA,"CT",1,439
"Weekly",0.05,"SameTimestamp",1000,"Monthly","AIC_ct",1387.46581029864,NA,NA,NA,"CT",1,439
"Weekly",0.05,"SameTimestamp",1000,"Monthly","BIC_ct",1397.2813208566,NA,NA,NA,"CT",1,439
"Weekly",0.05,"SameTimestamp",1000,"Monthly","error_var_dt",0.233265241194712,0.0104319388885228,0.21279423982497,0.253736242564453,"DT",1,439
"Weekly",0.05,"SameTimestamp",1000,"Monthly","beta_dt",-0.0341830190063904,0.0316243034339802,-0.0962406255388025,0.0278745875260218,"DT",1,439
"Weekly",0.05,"SameTimestamp",1000,"Monthly","LogLik_dt",1382.29813707525,NA,NA,NA,"DT",1,439
"Weekly",0.05,"SameTimestamp",1000,"Monthly","AIC_dt",1386.29813707525,NA,NA,NA,"DT",1,439
"Weekly",0.05,"SameTimestamp",1000,"Monthly","BIC_dt",1396.11364763322,NA,NA,NA,"DT",1,439
"Weekly",0.05,"SameTimestamp",1000,"Daily","error_var_ct",0.209676399763424,0.0115889418808982,0.186934966205112,0.232417833321736,"CT",1,440
"Weekly",0.05,"SameTimestamp",1000,"Daily","beta_ct",-0.447528389772894,0.0380583911497918,-0.522211858079508,-0.372844921466279,"CT",1,440
"Weekly",0.05,"SameTimestamp",1000,"Daily","LogLik_ct",861.526743787482,NA,NA,NA,"CT",1,440
"Weekly",0.05,"SameTimestamp",1000,"Daily","AIC_ct",865.526743787482,NA,NA,NA,"CT",1,440
"Weekly",0.05,"SameTimestamp",1000,"Daily","BIC_ct",875.342254345446,NA,NA,NA,"CT",1,440
"Weekly",0.05,"SameTimestamp",1000,"Daily","error_var_dt",0.138545283913122,0.00619677841096787,0.126385103462058,0.150705464364185,"DT",1,440
"Weekly",0.05,"SameTimestamp",1000,"Daily","beta_dt",0.639206049540708,0.0243273110515537,0.591467616332824,0.686944482748592,"DT",1,440
"Weekly",0.05,"SameTimestamp",1000,"Daily","LogLik_dt",861.526743787484,NA,NA,NA,"DT",1,440
"Weekly",0.05,"SameTimestamp",1000,"Daily","AIC_dt",865.526743787484,NA,NA,NA,"DT",1,440
"Weekly",0.05,"SameTimestamp",1000,"Daily","BIC_dt",875.342254345449,NA,NA,NA,"DT",1,440
"Weekly",0.05,"SameTimestamp",1000,"Weekly","error_var_ct",1.74496871225287,0.611524551091477,0.544950186761242,2.9449872377445,"CT",1,440
"Weekly",0.05,"SameTimestamp",1000,"Weekly","beta_ct",-3.71180872288822,1.29587859665042,-6.25476193710182,-1.16885550867461,"CT",1,440
"Weekly",0.05,"SameTimestamp",1000,"Weekly","LogLik_ct",1389.35021308521,NA,NA,NA,"CT",1,440
"Weekly",0.05,"SameTimestamp",1000,"Weekly","AIC_ct",1393.35021308521,NA,NA,NA,"CT",1,440
"Weekly",0.05,"SameTimestamp",1000,"Weekly","BIC_ct",1403.16572364317,NA,NA,NA,"CT",1,440
"Weekly",0.05,"SameTimestamp",1000,"Weekly","error_var_dt",0.234916071367993,0.0105057678236858,0.214300192593486,0.2555319501425,"DT",1,440
"Weekly",0.05,"SameTimestamp",1000,"Weekly","beta_dt",0.0244332717987635,0.0316088936067561,-0.0375940954274579,0.086460639024985,"DT",1,440
"Weekly",0.05,"SameTimestamp",1000,"Weekly","LogLik_dt",1389.35021308521,NA,NA,NA,"DT",1,440
"Weekly",0.05,"SameTimestamp",1000,"Weekly","AIC_dt",1393.35021308521,NA,NA,NA,"DT",1,440
"Weekly",0.05,"SameTimestamp",1000,"Weekly","BIC_dt",1403.16572364317,NA,NA,NA,"DT",1,440
"Weekly",0.05,"SameTimestamp",1000,"Monthly","error_var_ct",1.58193821497324,0.347788957332527,0.899458352119759,2.26441807782673,"CT",1,440
"Weekly",0.05,"SameTimestamp",1000,"Monthly","beta_ct",-3.04827111854553,0.665317351732452,-4.35384935900205,-1.74269287808901,"CT",1,440
"Weekly",0.05,"SameTimestamp",1000,"Monthly","LogLik_ct",1486.55332340918,NA,NA,NA,"CT",1,440
"Weekly",0.05,"SameTimestamp",1000,"Monthly","AIC_ct",1490.55332340918,NA,NA,NA,"CT",1,440
"Weekly",0.05,"SameTimestamp",1000,"Monthly","BIC_ct",1500.36883396715,NA,NA,NA,"CT",1,440
"Weekly",0.05,"SameTimestamp",1000,"Monthly","error_var_dt",0.258897194981488,0.0115782209533506,0.236176799518285,0.281617590444691,"DT",1,440
"Weekly",0.05,"SameTimestamp",1000,"Monthly","beta_dt",0.047440793593656,0.0315780743916458,-0.0145260958823141,0.109407683069626,"DT",1,440
"Weekly",0.05,"SameTimestamp",1000,"Monthly","LogLik_dt",1486.55332340919,NA,NA,NA,"DT",1,440
"Weekly",0.05,"SameTimestamp",1000,"Monthly","AIC_dt",1490.55332340919,NA,NA,NA,"DT",1,440
"Weekly",0.05,"SameTimestamp",1000,"Monthly","BIC_dt",1500.36883396716,NA,NA,NA,"DT",1,440
"Weekly",0.05,"SameTimestamp",1000,"Daily","error_var_ct",0.213042134173489,0.0118511300512627,0.18978619852194,0.236298069825038,"CT",1,441
"Weekly",0.05,"SameTimestamp",1000,"Daily","beta_ct",-0.462228550339082,0.0389771267476156,-0.538714889414252,-0.385742211263912,"CT",1,441
"Weekly",0.05,"SameTimestamp",1000,"Daily","LogLik_ct",865.045865082961,NA,NA,NA,"CT",1,441
"Weekly",0.05,"SameTimestamp",1000,"Daily","AIC_ct",869.045865082961,NA,NA,NA,"CT",1,441
"Weekly",0.05,"SameTimestamp",1000,"Daily","BIC_ct",878.861375640925,NA,NA,NA,"CT",1,441
"Weekly",0.05,"SameTimestamp",1000,"Daily","error_var_dt",0.139020354199371,0.00621837784713854,0.126817788330586,0.151222920068156,"DT",1,441
"Weekly",0.05,"SameTimestamp",1000,"Daily","beta_dt",0.62987835629446,0.0245510095613559,0.581700950758469,0.678055761830452,"DT",1,441
"Weekly",0.05,"SameTimestamp",1000,"Daily","LogLik_dt",865.045865082962,NA,NA,NA,"DT",1,441
"Weekly",0.05,"SameTimestamp",1000,"Daily","AIC_dt",869.045865082962,NA,NA,NA,"DT",1,441
"Weekly",0.05,"SameTimestamp",1000,"Daily","BIC_dt",878.861375640927,NA,NA,NA,"DT",1,441
"Weekly",0.05,"SameTimestamp",1000,"Weekly","error_var_ct",1.56661319331702,0.352241846307562,0.875395252405239,2.2578311342288,"CT",1,441
"Weekly",0.05,"SameTimestamp",1000,"Weekly","beta_ct",-3.07907592942879,0.687420170706046,-4.42802739535362,-1.73012446350395,"CT",1,441
"Weekly",0.05,"SameTimestamp",1000,"Weekly","LogLik_ct",1466.89888817582,NA,NA,NA,"CT",1,441
"Weekly",0.05,"SameTimestamp",1000,"Weekly","AIC_ct",1470.89888817582,NA,NA,NA,"CT",1,441
"Weekly",0.05,"SameTimestamp",1000,"Weekly","BIC_ct",1480.71439873379,NA,NA,NA,"CT",1,441
"Weekly",0.05,"SameTimestamp",1000,"Weekly","error_var_dt",0.253858338578559,0.0113529005094862,0.23158009822806,0.276136578929058,"DT",1,441
"Weekly",0.05,"SameTimestamp",1000,"Weekly","beta_dt",0.0460018321240844,0.0315818275919105,-0.0159724224034433,0.107976086651612,"DT",1,441
"Weekly",0.05,"SameTimestamp",1000,"Weekly","LogLik_dt",1466.89888817584,NA,NA,NA,"DT",1,441
"Weekly",0.05,"SameTimestamp",1000,"Weekly","AIC_dt",1470.89888817584,NA,NA,NA,"DT",1,441
"Weekly",0.05,"SameTimestamp",1000,"Weekly","BIC_dt",1480.71439873381,NA,NA,NA,"DT",1,441
"Weekly",0.05,"SameTimestamp",1000,"Monthly","error_var_ct",1.9848302503492,0.73379377761838,0.544878043261414,3.42478245743699,"CT",1,441
"Weekly",0.05,"SameTimestamp",1000,"Monthly","beta_ct",-3.77877508719409,1.3921162710196,-6.51057925087017,-1.04697092351801,"CT",1,441
"Weekly",0.05,"SameTimestamp",1000,"Monthly","LogLik_ct",1500.34128146855,NA,NA,NA,"CT",1,441
"Weekly",0.05,"SameTimestamp",1000,"Monthly","AIC_ct",1504.34128146855,NA,NA,NA,"CT",1,441
"Weekly",0.05,"SameTimestamp",1000,"Monthly","BIC_ct",1514.15679202652,NA,NA,NA,"CT",1,441
"Weekly",0.05,"SameTimestamp",1000,"Monthly","error_var_dt",0.262491657270781,0.0117389983608471,0.239455762017534,0.285527552524029,"DT",1,441
"Weekly",0.05,"SameTimestamp",1000,"Monthly","beta_dt",0.0228506518960546,0.0316061192118326,-0.0391712710265828,0.084872574818692,"DT",1,441
"Weekly",0.05,"SameTimestamp",1000,"Monthly","LogLik_dt",1500.34128146855,NA,NA,NA,"DT",1,441
"Weekly",0.05,"SameTimestamp",1000,"Monthly","AIC_dt",1504.34128146855,NA,NA,NA,"DT",1,441
"Weekly",0.05,"SameTimestamp",1000,"Monthly","BIC_dt",1514.15679202652,NA,NA,NA,"DT",1,441
"Weekly",0.05,"SameTimestamp",1000,"Daily","error_var_ct",0.22398285753256,0.0123250826787768,0.19979686611758,0.248168848947541,"CT",1,442
"Weekly",0.05,"SameTimestamp",1000,"Daily","beta_ct",-0.43818900588186,0.0374435687449996,-0.511665984155783,-0.364712027607937,"CT",1,442
"Weekly",0.05,"SameTimestamp",1000,"Daily","LogLik_ct",935.434360251536,NA,NA,NA,"CT",1,442
"Weekly",0.05,"SameTimestamp",1000,"Daily","AIC_ct",939.434360251536,NA,NA,NA,"CT",1,442
"Weekly",0.05,"SameTimestamp",1000,"Daily","BIC_ct",949.2498708095,NA,NA,NA,"CT",1,442
"Weekly",0.05,"SameTimestamp",1000,"Daily","error_var_dt",0.149183896706143,0.00667232601411307,0.136090530608635,0.162277262803652,"DT",1,442
"Weekly",0.05,"SameTimestamp",1000,"Daily","beta_dt",0.645203825973539,0.0241586548732125,0.597796353375637,0.692611298571441,"DT",1,442
"Weekly",0.05,"SameTimestamp",1000,"Daily","LogLik_dt",935.434360251536,NA,NA,NA,"DT",1,442
"Weekly",0.05,"SameTimestamp",1000,"Daily","AIC_dt",939.434360251536,NA,NA,NA,"DT",1,442
"Weekly",0.05,"SameTimestamp",1000,"Daily","BIC_dt",949.2498708095,NA,NA,NA,"DT",1,442
"Weekly",0.05,"SameTimestamp",1000,"Weekly","error_var_ct",2.22773055858609,1.76098056565214,-1.2279104259689,5.68337154314109,"CT",1,442
"Weekly",0.05,"SameTimestamp",1000,"Weekly","beta_ct",-4.75466973389387,3.75483167592247,-12.1229226734815,2.61358320569372,"CT",1,442
"Weekly",0.05,"SameTimestamp",1000,"Weekly","LogLik_ct",1386.51189757448,NA,NA,NA,"CT",1,442
"Weekly",0.05,"SameTimestamp",1000,"Weekly","AIC_ct",1390.51189757448,NA,NA,NA,"CT",1,442
"Weekly",0.05,"SameTimestamp",1000,"Weekly","BIC_ct",1400.32740813245,NA,NA,NA,"CT",1,442
"Weekly",0.05,"SameTimestamp",1000,"Weekly","error_var_dt",0.234250278412863,0.0104759973830531,0.213692819337463,0.254807737488263,"DT",1,442
"Weekly",0.05,"SameTimestamp",1000,"Weekly","beta_dt",0.0086113593871227,0.0316082138994461,-0.0534146740228808,0.0706373927971262,"DT",1,442
"Weekly",0.05,"SameTimestamp",1000,"Weekly","LogLik_dt",1386.51189757448,NA,NA,NA,"DT",1,442
"Weekly",0.05,"SameTimestamp",1000,"Weekly","AIC_dt",1390.51189757448,NA,NA,NA,"DT",1,442
"Weekly",0.05,"SameTimestamp",1000,"Weekly","BIC_dt",1400.32740813244,NA,NA,NA,"DT",1,442
"Weekly",0.05,"SameTimestamp",1000,"Monthly","error_var_ct",11.233421534705,57.3258507273921,-101.259335689277,123.726178758687,"CT",1,442
"Weekly",0.05,"SameTimestamp",1000,"Monthly","beta_ct",-22.7927079211856,116.313009192311,-251.038271467778,205.452855625407,"CT",1,442
"Weekly",0.05,"SameTimestamp",1000,"Monthly","LogLik_ct",1437.18059297127,NA,NA,NA,"CT",1,442
"Weekly",0.05,"SameTimestamp",1000,"Monthly","AIC_ct",1441.18059297127,NA,NA,NA,"CT",1,442
"Weekly",0.05,"SameTimestamp",1000,"Monthly","BIC_ct",1450.99610352924,NA,NA,NA,"CT",1,442
"Weekly",0.05,"SameTimestamp",1000,"Monthly","error_var_dt",0.245897260687272,0.0109968635358519,0.224317685604355,0.267476835770189,"DT",1,442
"Weekly",0.05,"SameTimestamp",1000,"Monthly","beta_dt",-0.0462949142856977,0.0315933949286759,-0.108291867850221,0.0157020392788259,"DT",1,442
"Weekly",0.05,"SameTimestamp",1000,"Monthly","LogLik_dt",1435.03567837277,NA,NA,NA,"DT",1,442
"Weekly",0.05,"SameTimestamp",1000,"Monthly","AIC_dt",1439.03567837277,NA,NA,NA,"DT",1,442
"Weekly",0.05,"SameTimestamp",1000,"Monthly","BIC_dt",1448.85118893074,NA,NA,NA,"DT",1,442
"Weekly",0.05,"SameTimestamp",1000,"Daily","error_var_ct",0.224870072542491,0.0122851915434343,0.200762361061372,0.24897778402361,"CT",1,443
"Weekly",0.05,"SameTimestamp",1000,"Daily","beta_ct",-0.422506117751205,0.0364326969020415,-0.493999422701984,-0.351012812800426,"CT",1,443
"Weekly",0.05,"SameTimestamp",1000,"Daily","LogLik_ct",952.840498088655,NA,NA,NA,"CT",1,443
"Weekly",0.05,"SameTimestamp",1000,"Daily","AIC_ct",956.840498088655,NA,NA,NA,"CT",1,443
"Weekly",0.05,"SameTimestamp",1000,"Daily","BIC_ct",966.656008646619,NA,NA,NA,"CT",1,443
"Weekly",0.05,"SameTimestamp",1000,"Daily","error_var_dt",0.151804503277928,0.00678950424619252,0.138481193756187,0.165127812799668,"DT",1,443
"Weekly",0.05,"SameTimestamp",1000,"Daily","beta_dt",0.655402237472873,0.0238780449908273,0.608545416613642,0.702259058332105,"DT",1,443
"Weekly",0.05,"SameTimestamp",1000,"Daily","LogLik_dt",952.840498088654,NA,NA,NA,"DT",1,443
"Weekly",0.05,"SameTimestamp",1000,"Daily","AIC_dt",956.840498088654,NA,NA,NA,"DT",1,443
"Weekly",0.05,"SameTimestamp",1000,"Daily","BIC_dt",966.656008646618,NA,NA,NA,"DT",1,443
"Weekly",0.05,"SameTimestamp",1000,"Weekly","error_var_ct",1.36464150641526,0.243593104496997,0.886629237640973,1.84265377518955,"CT",1,443
"Weekly",0.05,"SameTimestamp",1000,"Weekly","beta_ct",-2.72798587340808,0.482708312026984,-3.67522325873837,-1.78074848807778,"CT",1,443
"Weekly",0.05,"SameTimestamp",1000,"Weekly","LogLik_ct",1447.77799434518,NA,NA,NA,"CT",1,443
"Weekly",0.05,"SameTimestamp",1000,"Weekly","AIC_ct",1451.77799434518,NA,NA,NA,"CT",1,443
"Weekly",0.05,"SameTimestamp",1000,"Weekly","BIC_ct",1461.59350490315,NA,NA,NA,"CT",1,443
"Weekly",0.05,"SameTimestamp",1000,"Weekly","error_var_dt",0.249050637932706,0.0111378840407496,0.22719433280183,0.270906943063582,"DT",1,443
"Weekly",0.05,"SameTimestamp",1000,"Weekly","beta_dt",0.0653508221129007,0.0315455204140363,0.00344781457942991,0.127253829646371,"DT",1,443
"Weekly",0.05,"SameTimestamp",1000,"Weekly","LogLik_dt",1447.77799434515,NA,NA,NA,"DT",1,443
"Weekly",0.05,"SameTimestamp",1000,"Weekly","AIC_dt",1451.77799434515,NA,NA,NA,"DT",1,443
"Weekly",0.05,"SameTimestamp",1000,"Weekly","BIC_dt",1461.59350490312,NA,NA,NA,"DT",1,443
"Weekly",0.05,"SameTimestamp",1000,"Monthly","error_var_ct",2.21914062057753,1.18304907278335,-0.102402809480687,4.54068405063576,"CT",1,443
"Weekly",0.05,"SameTimestamp",1000,"Monthly","beta_ct",-4.28336700613947,2.27927795356881,-8.75608321049358,0.189349198214631,"CT",1,443
"Weekly",0.05,"SameTimestamp",1000,"Monthly","LogLik_ct",1486.92031954387,NA,NA,NA,"CT",1,443
"Weekly",0.05,"SameTimestamp",1000,"Monthly","AIC_ct",1490.92031954387,NA,NA,NA,"CT",1,443
"Weekly",0.05,"SameTimestamp",1000,"Monthly","BIC_ct",1500.73583010183,NA,NA,NA,"CT",1,443
"Weekly",0.05,"SameTimestamp",1000,"Monthly","error_var_dt",0.258992354384758,0.0115825004307085,0.23626356113589,0.281721147633625,"DT",1,443
"Weekly",0.05,"SameTimestamp",1000,"Monthly","beta_dt",0.0137961839651713,0.0316102059003564,-0.0482337584260675,0.0758261263564102,"DT",1,443
"Weekly",0.05,"SameTimestamp",1000,"Monthly","LogLik_dt",1486.92031954385,NA,NA,NA,"DT",1,443
"Weekly",0.05,"SameTimestamp",1000,"Monthly","AIC_dt",1490.92031954385,NA,NA,NA,"DT",1,443
"Weekly",0.05,"SameTimestamp",1000,"Monthly","BIC_dt",1500.73583010182,NA,NA,NA,"DT",1,443
"Weekly",0.05,"SameTimestamp",1000,"Daily","error_var_ct",0.220568141015625,0.012048309541478,0.196925272344489,0.244211009686761,"CT",1,444
"Weekly",0.05,"SameTimestamp",1000,"Daily","beta_ct",-0.421936408883286,0.0364072577397147,-0.493379793571648,-0.350493024194924,"CT",1,444
"Weekly",0.05,"SameTimestamp",1000,"Daily","LogLik_ct",934.021927905001,NA,NA,NA,"CT",1,444
"Weekly",0.05,"SameTimestamp",1000,"Daily","AIC_ct",938.021927905001,NA,NA,NA,"CT",1,444
"Weekly",0.05,"SameTimestamp",1000,"Daily","BIC_ct",947.837438462965,NA,NA,NA,"CT",1,444
"Weekly",0.05,"SameTimestamp",1000,"Daily","error_var_dt",0.148973407419986,0.00666291013684156,0.135898518466427,0.162048296373544,"DT",1,444
"Weekly",0.05,"SameTimestamp",1000,"Daily","beta_dt",0.655775740407991,0.0238750289260957,0.608924838090452,0.702626642725529,"DT",1,444
"Weekly",0.05,"SameTimestamp",1000,"Daily","LogLik_dt",934.021927905002,NA,NA,NA,"DT",1,444
"Weekly",0.05,"SameTimestamp",1000,"Daily","AIC_dt",938.021927905002,NA,NA,NA,"DT",1,444
"Weekly",0.05,"SameTimestamp",1000,"Daily","BIC_dt",947.837438462966,NA,NA,NA,"DT",1,444
"Weekly",0.05,"SameTimestamp",1000,"Weekly","error_var_ct",1.66509682122673,0.412651707236393,0.855334249347022,2.47485939310644,"CT",1,444
"Weekly",0.05,"SameTimestamp",1000,"Weekly","beta_ct",-3.22498807645066,0.794254697319829,-4.78358510913131,-1.66639104377001,"CT",1,444
"Weekly",0.05,"SameTimestamp",1000,"Weekly","LogLik_ct",1482.10209584164,NA,NA,NA,"CT",1,444
"Weekly",0.05,"SameTimestamp",1000,"Weekly","AIC_ct",1486.10209584164,NA,NA,NA,"CT",1,444
"Weekly",0.05,"SameTimestamp",1000,"Weekly","BIC_ct",1495.91760639961,NA,NA,NA,"CT",1,444
"Weekly",0.05,"SameTimestamp",1000,"Weekly","error_var_dt",0.25774742317127,0.0115268128596495,0.235127907819407,0.280366938523133,"DT",1,444
"Weekly",0.05,"SameTimestamp",1000,"Weekly","beta_dt",0.0397561010357985,0.031599362093901,-0.0222525621302482,0.101764764201845,"DT",1,444
"Weekly",0.05,"SameTimestamp",1000,"Weekly","LogLik_dt",1482.10209584166,NA,NA,NA,"DT",1,444
"Weekly",0.05,"SameTimestamp",1000,"Weekly","AIC_dt",1486.10209584166,NA,NA,NA,"DT",1,444
"Weekly",0.05,"SameTimestamp",1000,"Weekly","BIC_dt",1495.91760639962,NA,NA,NA,"DT",1,444
"Weekly",0.05,"SameTimestamp",1000,"Monthly","error_var_ct",10.4397406883416,180.907714905593,-344.562538293906,365.442019670589,"CT",1,444
"Weekly",0.05,"SameTimestamp",1000,"Monthly","beta_ct",-19.9855149684435,346.32998798812,-699.602385259671,659.631355322784,"CT",1,444
"Weekly",0.05,"SameTimestamp",1000,"Monthly","LogLik_ct",1495.34611078588,NA,NA,NA,"CT",1,444
"Weekly",0.05,"SameTimestamp",1000,"Monthly","AIC_ct",1499.34611078588,NA,NA,NA,"CT",1,444
"Weekly",0.05,"SameTimestamp",1000,"Monthly","BIC_ct",1509.16162134384,NA,NA,NA,"CT",1,444
"Weekly",0.05,"SameTimestamp",1000,"Monthly","error_var_dt",0.261177388032028,0.0116802100673273,0.23825685534465,0.284097920719406,"DT",1,444
"Weekly",0.05,"SameTimestamp",1000,"Monthly","beta_dt",-0.00494810923342854,0.0316122841377557,-0.0669821298311353,0.0570859113642783,"DT",1,444
"Weekly",0.05,"SameTimestamp",1000,"Monthly","LogLik_dt",1495.32161094635,NA,NA,NA,"DT",1,444
"Weekly",0.05,"SameTimestamp",1000,"Monthly","AIC_dt",1499.32161094635,NA,NA,NA,"DT",1,444
"Weekly",0.05,"SameTimestamp",1000,"Monthly","BIC_dt",1509.13712150431,NA,NA,NA,"DT",1,444
"Weekly",0.05,"SameTimestamp",1000,"Daily","error_var_ct",0.203998085781856,0.0109109585863327,0.182587085338617,0.225409086225095,"CT",1,445
"Weekly",0.05,"SameTimestamp",1000,"Daily","beta_ct",-0.372512418339727,0.033429955197473,-0.438113325894004,-0.30691151078545,"CT",1,445
"Weekly",0.05,"SameTimestamp",1000,"Daily","LogLik_ct",898.894735996583,NA,NA,NA,"CT",1,445
"Weekly",0.05,"SameTimestamp",1000,"Daily","AIC_ct",902.894735996583,NA,NA,NA,"CT",1,445
"Weekly",0.05,"SameTimestamp",1000,"Daily","BIC_ct",912.710246554547,NA,NA,NA,"CT",1,445
"Weekly",0.05,"SameTimestamp",1000,"Daily","error_var_dt",0.143828224978951,0.00643286505088453,0.131204762487918,0.156451687469984,"DT",1,445
"Weekly",0.05,"SameTimestamp",1000,"Daily","beta_dt",0.689001096400453,0.0230330537457311,0.64380243488443,0.734199757916476,"DT",1,445
"Weekly",0.05,"SameTimestamp",1000,"Daily","LogLik_dt",898.894735996582,NA,NA,NA,"DT",1,445
"Weekly",0.05,"SameTimestamp",1000,"Daily","AIC_dt",902.894735996582,NA,NA,NA,"DT",1,445
"Weekly",0.05,"SameTimestamp",1000,"Daily","BIC_dt",912.710246554546,NA,NA,NA,"DT",1,445
"Weekly",0.05,"SameTimestamp",1000,"Weekly","error_var_ct",1.60423015509905,0.324926102456568,0.966614965867921,2.24184534433018,"CT",1,445
"Weekly",0.05,"SameTimestamp",1000,"Weekly","beta_ct",-2.92388007161751,0.587536172592251,-4.07682526449445,-1.77093487874057,"CT",1,445
"Weekly",0.05,"SameTimestamp",1000,"Weekly","LogLik_ct",1541.57180894433,NA,NA,NA,"CT",1,445
"Weekly",0.05,"SameTimestamp",1000,"Weekly","AIC_ct",1545.57180894433,NA,NA,NA,"CT",1,445
"Weekly",0.05,"SameTimestamp",1000,"Weekly","BIC_ct",1555.38731950229,NA,NA,NA,"CT",1,445
"Weekly",0.05,"SameTimestamp",1000,"Weekly","error_var_dt",0.27354058396736,0.0122331299895882,0.249535034907961,0.297546133026758,"DT",1,445
"Weekly",0.05,"SameTimestamp",1000,"Weekly","beta_dt",0.0537247759175604,0.0315629571206763,-0.00821244834679086,0.115662000181912,"DT",1,445
"Weekly",0.05,"SameTimestamp",1000,"Weekly","LogLik_dt",1541.57180894432,NA,NA,NA,"DT",1,445
"Weekly",0.05,"SameTimestamp",1000,"Weekly","AIC_dt",1545.57180894432,NA,NA,NA,"DT",1,445
"Weekly",0.05,"SameTimestamp",1000,"Weekly","BIC_dt",1555.38731950229,NA,NA,NA,"DT",1,445
"Weekly",0.05,"SameTimestamp",1000,"Monthly","error_var_ct",9.61905436681166,56.3868557792202,-101.031076373674,120.269185107298,"CT",1,445
"Weekly",0.05,"SameTimestamp",1000,"Monthly","beta_ct",-17.7593591052027,104.103129341487,-222.044998248329,186.526280037924,"CT",1,445
"Weekly",0.05,"SameTimestamp",1000,"Monthly","LogLik_ct",1531.56119414715,NA,NA,NA,"CT",1,445
"Weekly",0.05,"SameTimestamp",1000,"Monthly","AIC_ct",1535.56119414715,NA,NA,NA,"CT",1,445
"Weekly",0.05,"SameTimestamp",1000,"Monthly","BIC_ct",1545.37670470511,NA,NA,NA,"CT",1,445
"Weekly",0.05,"SameTimestamp",1000,"Monthly","error_var_dt",0.270815932890179,0.0121112560458805,0.247049541833453,0.294582323946906,"DT",1,445
"Weekly",0.05,"SameTimestamp",1000,"Monthly","beta_dt",-0.000177166384628113,0.0316083150905846,-0.0622033983659575,0.0618490655967012,"DT",1,445
"Weekly",0.05,"SameTimestamp",1000,"Monthly","LogLik_dt",1531.5611627216,NA,NA,NA,"DT",1,445
"Weekly",0.05,"SameTimestamp",1000,"Monthly","AIC_dt",1535.5611627216,NA,NA,NA,"DT",1,445
"Weekly",0.05,"SameTimestamp",1000,"Monthly","BIC_dt",1545.37667327956,NA,NA,NA,"DT",1,445
"Weekly",0.05,"SameTimestamp",1000,"Daily","error_var_ct",0.205827892543567,0.0111463139063612,0.183955045157955,0.227700739929178,"CT",1,446
"Weekly",0.05,"SameTimestamp",1000,"Daily","beta_ct",-0.403061410931344,0.0351966939185557,-0.472129258923611,-0.333993562939077,"CT",1,446
"Weekly",0.05,"SameTimestamp",1000,"Daily","LogLik_ct",881.173831244796,NA,NA,NA,"CT",1,446
"Weekly",0.05,"SameTimestamp",1000,"Daily","AIC_ct",885.173831244796,NA,NA,NA,"CT",1,446
"Weekly",0.05,"SameTimestamp",1000,"Daily","BIC_ct",894.98934180276,NA,NA,NA,"CT",1,446
"Weekly",0.05,"SameTimestamp",1000,"Daily","error_var_dt",0.141303523786661,0.00631990454113542,0.128901728118498,0.153705319454823,"DT",1,446
"Weekly",0.05,"SameTimestamp",1000,"Daily","beta_dt",0.668271057952861,0.0235207305332941,0.622115409217791,0.714426706687931,"DT",1,446
"Weekly",0.05,"SameTimestamp",1000,"Daily","LogLik_dt",881.173831244794,NA,NA,NA,"DT",1,446
"Weekly",0.05,"SameTimestamp",1000,"Daily","AIC_dt",885.173831244794,NA,NA,NA,"DT",1,446
"Weekly",0.05,"SameTimestamp",1000,"Daily","BIC_dt",894.989341802759,NA,NA,NA,"DT",1,446
"Weekly",0.05,"SameTimestamp",1000,"Weekly","error_var_ct",1.84232258170866,0.660318909748013,0.546552979301445,3.13809218411587,"CT",1,446
"Weekly",0.05,"SameTimestamp",1000,"Weekly","beta_ct",-3.74846627066731,1.33863456994593,-6.37532120221747,-1.12161133911716,"CT",1,446
"Weekly",0.05,"SameTimestamp",1000,"Weekly","LogLik_ct",1433.85522961385,NA,NA,NA,"CT",1,446
"Weekly",0.05,"SameTimestamp",1000,"Weekly","AIC_ct",1437.85522961385,NA,NA,NA,"CT",1,446
"Weekly",0.05,"SameTimestamp",1000,"Weekly","BIC_ct",1447.67074017181,NA,NA,NA,"CT",1,446
"Weekly",0.05,"SameTimestamp",1000,"Weekly","error_var_dt",0.245607183790918,0.0109838923399913,0.224053062592563,0.267161304989273,"DT",1,446
"Weekly",0.05,"SameTimestamp",1000,"Weekly","beta_dt",0.0235538036128698,0.0316037416477269,-0.0384634537228058,0.0855710609485455,"DT",1,446
"Weekly",0.05,"SameTimestamp",1000,"Weekly","LogLik_dt",1433.85522961385,NA,NA,NA,"DT",1,446
"Weekly",0.05,"SameTimestamp",1000,"Weekly","AIC_dt",1437.85522961385,NA,NA,NA,"DT",1,446
"Weekly",0.05,"SameTimestamp",1000,"Weekly","BIC_dt",1447.67074017182,NA,NA,NA,"DT",1,446
"Weekly",0.05,"SameTimestamp",1000,"Monthly","error_var_ct",1.85489740745092,0.730125023184953,0.422144540565805,3.28765027433604,"CT",1,446
"Weekly",0.05,"SameTimestamp",1000,"Monthly","beta_ct",-3.87315495652518,1.51977638892414,-6.85547155862825,-0.890838354422112,"CT",1,446
"Weekly",0.05,"SameTimestamp",1000,"Monthly","LogLik_ct",1408.05718829649,NA,NA,NA,"CT",1,446
"Weekly",0.05,"SameTimestamp",1000,"Monthly","AIC_ct",1412.05718829649,NA,NA,NA,"CT",1,446
"Weekly",0.05,"SameTimestamp",1000,"Monthly","BIC_ct",1421.87269885445,NA,NA,NA,"CT",1,446
"Weekly",0.05,"SameTimestamp",1000,"Monthly","error_var_dt",0.239352031711533,0.0107041636068614,0.218346833138229,0.260357230284837,"DT",1,446
"Weekly",0.05,"SameTimestamp",1000,"Monthly","beta_dt",0.0207925533894868,0.0316210417848541,-0.0412586526813772,0.0828437594603507,"DT",1,446
"Weekly",0.05,"SameTimestamp",1000,"Monthly","LogLik_dt",1408.05718829645,NA,NA,NA,"DT",1,446
"Weekly",0.05,"SameTimestamp",1000,"Monthly","AIC_dt",1412.05718829645,NA,NA,NA,"DT",1,446
"Weekly",0.05,"SameTimestamp",1000,"Monthly","BIC_dt",1421.87269885441,NA,NA,NA,"DT",1,446
"Weekly",0.05,"SameTimestamp",1000,"Daily","error_var_ct",0.213568118055696,0.0115539516864243,0.190895347123445,0.236240888987946,"CT",1,447
"Weekly",0.05,"SameTimestamp",1000,"Daily","beta_ct",-0.400515377417187,0.0350518542968412,-0.469299000959312,-0.331731753875063,"CT",1,447
"Weekly",0.05,"SameTimestamp",1000,"Daily","LogLik_ct",920.330959428405,NA,NA,NA,"CT",1,447
"Weekly",0.05,"SameTimestamp",1000,"Daily","AIC_ct",924.330959428405,NA,NA,NA,"CT",1,447
"Weekly",0.05,"SameTimestamp",1000,"Daily","BIC_ct",934.146469986369,NA,NA,NA,"CT",1,447
"Weekly",0.05,"SameTimestamp",1000,"Daily","error_var_dt",0.146941471433932,0.00657218884697374,0.134044608412944,0.15983833445492,"DT",1,447
"Weekly",0.05,"SameTimestamp",1000,"Daily","beta_dt",0.669974662846387,0.0234837404980176,0.623891601103142,0.716057724589633,"DT",1,447
"Weekly",0.05,"SameTimestamp",1000,"Daily","LogLik_dt",920.330959428404,NA,NA,NA,"DT",1,447
"Weekly",0.05,"SameTimestamp",1000,"Daily","AIC_dt",924.330959428404,NA,NA,NA,"DT",1,447
"Weekly",0.05,"SameTimestamp",1000,"Daily","BIC_dt",934.146469986368,NA,NA,NA,"DT",1,447
"Weekly",0.05,"SameTimestamp",1000,"Weekly","error_var_ct",1.38235414256782,0.248810140019337,0.894104281101984,1.87060400403365,"CT",1,447
"Weekly",0.05,"SameTimestamp",1000,"Weekly","beta_ct",-2.74207187927745,0.489264683699844,-3.70217508896982,-1.78196866958508,"CT",1,447
"Weekly",0.05,"SameTimestamp",1000,"Weekly","LogLik_ct",1455.64370083289,NA,NA,NA,"CT",1,447
"Weekly",0.05,"SameTimestamp",1000,"Weekly","AIC_ct",1459.64370083289,NA,NA,NA,"CT",1,447
"Weekly",0.05,"SameTimestamp",1000,"Weekly","BIC_ct",1469.45921139086,NA,NA,NA,"CT",1,447
"Weekly",0.05,"SameTimestamp",1000,"Weekly","error_var_dt",0.251017235294385,0.0112258399942159,0.228988330758631,0.273046139830139,"DT",1,447
"Weekly",0.05,"SameTimestamp",1000,"Weekly","beta_dt",0.0644367735798771,0.031544606287461,0.00253555987270993,0.126337987287044,"DT",1,447
"Weekly",0.05,"SameTimestamp",1000,"Weekly","LogLik_dt",1455.64370083291,NA,NA,NA,"DT",1,447
"Weekly",0.05,"SameTimestamp",1000,"Weekly","AIC_dt",1459.64370083291,NA,NA,NA,"DT",1,447
"Weekly",0.05,"SameTimestamp",1000,"Weekly","BIC_dt",1469.45921139087,NA,NA,NA,"DT",1,447
"Weekly",0.05,"SameTimestamp",1000,"Monthly","error_var_ct",13.8834789591967,109.191389287691,-200.387051529769,228.154009448162,"CT",1,447
"Weekly",0.05,"SameTimestamp",1000,"Monthly","beta_ct",-26.6077461923025,209.263497558114,-437.253685641012,384.038193256407,"CT",1,447
"Weekly",0.05,"SameTimestamp",1000,"Monthly","LogLik_ct",1494.22702586092,NA,NA,NA,"CT",1,447
"Weekly",0.05,"SameTimestamp",1000,"Monthly","AIC_ct",1498.22702586092,NA,NA,NA,"CT",1,447
"Weekly",0.05,"SameTimestamp",1000,"Monthly","BIC_ct",1508.04253641889,NA,NA,NA,"CT",1,447
"Weekly",0.05,"SameTimestamp",1000,"Monthly","error_var_dt",0.260161428572382,0.01163477512345,0.237330054651009,0.282992802493754,"DT",1,447
"Weekly",0.05,"SameTimestamp",1000,"Monthly","beta_dt",-0.0528816052988941,0.0315656955289883,-0.114824203248895,0.00906099265110697,"DT",1,447
"Weekly",0.05,"SameTimestamp",1000,"Monthly","LogLik_dt",1491.42437630786,NA,NA,NA,"DT",1,447
"Weekly",0.05,"SameTimestamp",1000,"Monthly","AIC_dt",1495.42437630786,NA,NA,NA,"DT",1,447
"Weekly",0.05,"SameTimestamp",1000,"Monthly","BIC_dt",1505.23988686582,NA,NA,NA,"DT",1,447
"Weekly",0.05,"SameTimestamp",1000,"Daily","error_var_ct",0.213154241497461,0.0115558491814685,0.190477747036529,0.235830735958393,"CT",1,448
"Weekly",0.05,"SameTimestamp",1000,"Daily","beta_ct",-0.405576914820517,0.0353535567630597,-0.474952580902884,-0.33620124873815,"CT",1,448
"Weekly",0.05,"SameTimestamp",1000,"Daily","LogLik_ct",913.962402007665,NA,NA,NA,"CT",1,448
"Weekly",0.05,"SameTimestamp",1000,"Daily","AIC_ct",917.962402007665,NA,NA,NA,"CT",1,448
"Weekly",0.05,"SameTimestamp",1000,"Daily","BIC_ct",927.777912565629,NA,NA,NA,"CT",1,448
"Weekly",0.05,"SameTimestamp",1000,"Daily","error_var_dt",0.14601447568112,0.00653057946005864,0.133199264386205,0.158829686976035,"DT",1,448
"Weekly",0.05,"SameTimestamp",1000,"Daily","beta_dt",0.66659214035118,0.0235666274474249,0.620346426307822,0.712837854394538,"DT",1,448
"Weekly",0.05,"SameTimestamp",1000,"Daily","LogLik_dt",913.962402007665,NA,NA,NA,"DT",1,448
"Weekly",0.05,"SameTimestamp",1000,"Daily","AIC_dt",917.962402007665,NA,NA,NA,"DT",1,448
"Weekly",0.05,"SameTimestamp",1000,"Daily","BIC_dt",927.777912565629,NA,NA,NA,"DT",1,448
"Weekly",0.05,"SameTimestamp",1000,"Weekly","error_var_ct",1.43836223551852,0.278579967758643,0.891693877650373,1.98503059338666,"CT",1,448
"Weekly",0.05,"SameTimestamp",1000,"Weekly","beta_ct",-2.85328958764219,0.548128582851358,-3.92890372708941,-1.77767544819498,"CT",1,448
"Weekly",0.05,"SameTimestamp",1000,"Weekly","LogLik_ct",1456.43284830493,NA,NA,NA,"CT",1,448
"Weekly",0.05,"SameTimestamp",1000,"Weekly","AIC_ct",1460.43284830493,NA,NA,NA,"CT",1,448
"Weekly",0.05,"SameTimestamp",1000,"Weekly","BIC_ct",1470.2483588629,NA,NA,NA,"CT",1,448
"Weekly",0.05,"SameTimestamp",1000,"Weekly","error_var_dt",0.251215509843485,0.0112347051692053,0.229169208828391,0.273261810858579,"DT",1,448
"Weekly",0.05,"SameTimestamp",1000,"Weekly","beta_dt",0.0576544121250475,0.0316100884199355,-0.00437529972977024,0.119684123979865,"DT",1,448
"Weekly",0.05,"SameTimestamp",1000,"Weekly","LogLik_dt",1456.43284830495,NA,NA,NA,"DT",1,448
"Weekly",0.05,"SameTimestamp",1000,"Weekly","AIC_dt",1460.43284830495,NA,NA,NA,"DT",1,448
"Weekly",0.05,"SameTimestamp",1000,"Weekly","BIC_dt",1470.24835886292,NA,NA,NA,"DT",1,448
"Weekly",0.05,"SameTimestamp",1000,"Monthly","error_var_ct",2.16517924803868,1.15892158122832,-0.10901786241879,4.43937635849616,"CT",1,448
"Weekly",0.05,"SameTimestamp",1000,"Monthly","beta_ct",-4.28044657072968,2.28682814597051,-8.7679788127014,0.207085671242043,"CT",1,448
"Weekly",0.05,"SameTimestamp",1000,"Monthly","LogLik_ct",1462.98419194309,NA,NA,NA,"CT",1,448
"Weekly",0.05,"SameTimestamp",1000,"Monthly","AIC_ct",1466.98419194309,NA,NA,NA,"CT",1,448
"Weekly",0.05,"SameTimestamp",1000,"Monthly","BIC_ct",1476.79970250105,NA,NA,NA,"CT",1,448
"Weekly",0.05,"SameTimestamp",1000,"Monthly","error_var_dt",0.252866687133594,0.0113085563796638,0.230675465002051,0.275057909265138,"DT",1,448
"Weekly",0.05,"SameTimestamp",1000,"Monthly","beta_dt",0.0138364358009684,0.0316063217826829,-0.0481858846343652,0.075858756236302,"DT",1,448
"Weekly",0.05,"SameTimestamp",1000,"Monthly","LogLik_dt",1462.98419194309,NA,NA,NA,"DT",1,448
"Weekly",0.05,"SameTimestamp",1000,"Monthly","AIC_dt",1466.98419194309,NA,NA,NA,"DT",1,448
"Weekly",0.05,"SameTimestamp",1000,"Monthly","BIC_dt",1476.79970250105,NA,NA,NA,"DT",1,448
"Weekly",0.05,"SameTimestamp",1000,"Daily","error_var_ct",0.219524553014891,0.0119764008962554,0.196022793488525,0.243026312541257,"CT",1,449
"Weekly",0.05,"SameTimestamp",1000,"Daily","beta_ct",-0.418808618704257,0.0362251900991216,-0.489894724946129,-0.347722512462385,"CT",1,449
"Weekly",0.05,"SameTimestamp",1000,"Daily","LogLik_ct",932.010900116241,NA,NA,NA,"CT",1,449
"Weekly",0.05,"SameTimestamp",1000,"Daily","AIC_ct",936.010900116241,NA,NA,NA,"CT",1,449
"Weekly",0.05,"SameTimestamp",1000,"Daily","BIC_ct",945.826410674205,NA,NA,NA,"CT",1,449
"Weekly",0.05,"SameTimestamp",1000,"Daily","error_var_dt",0.148668616893131,0.0066494217051723,0.135620196816176,0.161717036970086,"DT",1,449
"Weekly",0.05,"SameTimestamp",1000,"Daily","beta_dt",0.657830078039946,0.0238300501391872,0.611067439353767,0.704592716726126,"DT",1,449
"Weekly",0.05,"SameTimestamp",1000,"Daily","LogLik_dt",932.010900116247,NA,NA,NA,"DT",1,449
"Weekly",0.05,"SameTimestamp",1000,"Daily","AIC_dt",936.010900116247,NA,NA,NA,"DT",1,449
"Weekly",0.05,"SameTimestamp",1000,"Daily","BIC_dt",945.826410674211,NA,NA,NA,"DT",1,449
"Weekly",0.05,"SameTimestamp",1000,"Weekly","error_var_ct",1.56996203911241,0.323289683759061,0.935558058243992,2.20436601998082,"CT",1,449
"Weekly",0.05,"SameTimestamp",1000,"Weekly","beta_ct",-2.95138657008352,0.603054363583945,-4.13478371560719,-1.76798942455985,"CT",1,449
"Weekly",0.05,"SameTimestamp",1000,"Weekly","LogLik_ct",1510.77090137875,NA,NA,NA,"CT",1,449
"Weekly",0.05,"SameTimestamp",1000,"Weekly","AIC_ct",1514.77090137875,NA,NA,NA,"CT",1,449
"Weekly",0.05,"SameTimestamp",1000,"Weekly","BIC_ct",1524.58641193671,NA,NA,NA,"CT",1,449
"Weekly",0.05,"SameTimestamp",1000,"Weekly","error_var_dt",0.265243635272178,0.0118620609760244,0.241966249439779,0.288521021104577,"DT",1,449
"Weekly",0.05,"SameTimestamp",1000,"Weekly","beta_dt",0.0522671231605879,0.0315734706521055,-0.00969073221736431,0.11422497853854,"DT",1,449
"Weekly",0.05,"SameTimestamp",1000,"Weekly","LogLik_dt",1510.77090137876,NA,NA,NA,"DT",1,449
"Weekly",0.05,"SameTimestamp",1000,"Weekly","AIC_dt",1514.77090137876,NA,NA,NA,"DT",1,449
"Weekly",0.05,"SameTimestamp",1000,"Weekly","BIC_dt",1524.58641193672,NA,NA,NA,"DT",1,449
"Weekly",0.05,"SameTimestamp",1000,"Monthly","error_var_ct",2.00782628426064,0.873523282537231,0.293677408926058,3.72197515959521,"CT",1,449
"Weekly",0.05,"SameTimestamp",1000,"Monthly","beta_ct",-4.00592088864445,1.73822325422686,-7.41690431161507,-0.59493746567382,"CT",1,449
"Weekly",0.05,"SameTimestamp",1000,"Monthly","LogLik_ct",1453.67755152799,NA,NA,NA,"CT",1,449
"Weekly",0.05,"SameTimestamp",1000,"Monthly","AIC_ct",1457.67755152799,NA,NA,NA,"CT",1,449
"Weekly",0.05,"SameTimestamp",1000,"Monthly","BIC_ct",1467.49306208595,NA,NA,NA,"CT",1,449
"Weekly",0.05,"SameTimestamp",1000,"Monthly","error_var_dt",0.250524252446297,0.011203770705937,0.228538655337419,0.272509849555176,"DT",1,449
"Weekly",0.05,"SameTimestamp",1000,"Monthly","beta_dt",0.0182074977252548,0.0316167630964969,-0.0438353121082312,0.0802503075587409,"DT",1,449
"Weekly",0.05,"SameTimestamp",1000,"Monthly","LogLik_dt",1453.67755152798,NA,NA,NA,"DT",1,449
"Weekly",0.05,"SameTimestamp",1000,"Monthly","AIC_dt",1457.67755152798,NA,NA,NA,"DT",1,449
"Weekly",0.05,"SameTimestamp",1000,"Monthly","BIC_dt",1467.49306208595,NA,NA,NA,"DT",1,449
"Weekly",0.05,"SameTimestamp",1000,"Daily","error_var_ct",0.209313590167567,0.0115069725205879,0.186733008288422,0.231894172046712,"CT",1,450
"Weekly",0.05,"SameTimestamp",1000,"Daily","beta_ct",-0.435926513366049,0.0373063171226052,-0.509134157417441,-0.362718869314657,"CT",1,450
"Weekly",0.05,"SameTimestamp",1000,"Daily","LogLik_ct",869.633280891416,NA,NA,NA,"CT",1,450
"Weekly",0.05,"SameTimestamp",1000,"Daily","AIC_ct",873.633280891416,NA,NA,NA,"CT",1,450
"Weekly",0.05,"SameTimestamp",1000,"Daily","BIC_ct",883.448791449381,NA,NA,NA,"CT",1,450
"Weekly",0.05,"SameTimestamp",1000,"Daily","error_var_dt",0.139683730834877,0.00624741997714299,0.127424174459394,0.151943287210361,"DT",1,450
"Weekly",0.05,"SameTimestamp",1000,"Daily","beta_dt",0.646665265630516,0.0241245438377079,0.599324730450672,0.69400580081036,"DT",1,450
"Weekly",0.05,"SameTimestamp",1000,"Daily","LogLik_dt",869.633280891416,NA,NA,NA,"DT",1,450
"Weekly",0.05,"SameTimestamp",1000,"Daily","AIC_dt",873.633280891416,NA,NA,NA,"DT",1,450
"Weekly",0.05,"SameTimestamp",1000,"Daily","BIC_dt",883.44879144938,NA,NA,NA,"DT",1,450
"Weekly",0.05,"SameTimestamp",1000,"Weekly","error_var_ct",1.63795708037854,0.445550482539646,0.763635956009924,2.51227820474715,"CT",1,450
"Weekly",0.05,"SameTimestamp",1000,"Weekly","beta_ct",-3.35658880109061,0.907993298565506,-5.13837953599419,-1.57479806618704,"CT",1,450
"Weekly",0.05,"SameTimestamp",1000,"Weekly","LogLik_ct",1426.03890787559,NA,NA,NA,"CT",1,450
"Weekly",0.05,"SameTimestamp",1000,"Weekly","AIC_ct",1430.03890787559,NA,NA,NA,"CT",1,450
"Weekly",0.05,"SameTimestamp",1000,"Weekly","BIC_ct",1439.85441843355,NA,NA,NA,"CT",1,450
"Weekly",0.05,"SameTimestamp",1000,"Weekly","error_var_dt",0.243694921884795,0.0108983775403175,0.22230860971983,0.265081234049761,"DT",1,450
"Weekly",0.05,"SameTimestamp",1000,"Weekly","beta_dt",0.0348539314966557,0.0315963420606176,-0.0271488053400534,0.0968566683333649,"DT",1,450
"Weekly",0.05,"SameTimestamp",1000,"Weekly","LogLik_dt",1426.03890787559,NA,NA,NA,"DT",1,450
"Weekly",0.05,"SameTimestamp",1000,"Weekly","AIC_dt",1430.03890787559,NA,NA,NA,"DT",1,450
"Weekly",0.05,"SameTimestamp",1000,"Weekly","BIC_dt",1439.85441843355,NA,NA,NA,"DT",1,450
"Weekly",0.05,"SameTimestamp",1000,"Monthly","error_var_ct",10.3813429018792,44.8906073122757,-77.7092501890312,98.4719359927896,"CT",1,450
"Weekly",0.05,"SameTimestamp",1000,"Monthly","beta_ct",-20.3754276865636,88.1064863457612,-193.270229117149,152.519373744022,"CT",1,450
"Weekly",0.05,"SameTimestamp",1000,"Monthly","LogLik_ct",1470.41099687258,NA,NA,NA,"CT",1,450
"Weekly",0.05,"SameTimestamp",1000,"Monthly","AIC_ct",1474.41099687258,NA,NA,NA,"CT",1,450
"Weekly",0.05,"SameTimestamp",1000,"Monthly","BIC_ct",1484.22650743054,NA,NA,NA,"CT",1,450
"Weekly",0.05,"SameTimestamp",1000,"Monthly","error_var_dt",0.254627412135561,0.0113872828235276,0.232281702026529,0.276973122244592,"DT",1,450
"Weekly",0.05,"SameTimestamp",1000,"Monthly","beta_dt",-0.0220759489452765,0.0316010922029849,-0.0840880071719924,0.0399361092814394,"DT",1,450
"Weekly",0.05,"SameTimestamp",1000,"Monthly","LogLik_dt",1469.92309362942,NA,NA,NA,"DT",1,450
"Weekly",0.05,"SameTimestamp",1000,"Monthly","AIC_dt",1473.92309362942,NA,NA,NA,"DT",1,450
"Weekly",0.05,"SameTimestamp",1000,"Monthly","BIC_dt",1483.73860418738,NA,NA,NA,"DT",1,450
"Weekly",0.05,"SameTimestamp",1000,"Daily","error_var_ct",0.216972722526559,0.0120209204020909,0.193383600634032,0.240561844419085,"CT",1,451
"Weekly",0.05,"SameTimestamp",1000,"Daily","beta_ct",-0.453080377772586,0.0383988555057944,-0.528431952590612,-0.377728802954559,"CT",1,451
"Weekly",0.05,"SameTimestamp",1000,"Daily","LogLik_ct",891.060964588201,NA,NA,NA,"CT",1,451
"Weekly",0.05,"SameTimestamp",1000,"Daily","AIC_ct",895.060964588201,NA,NA,NA,"CT",1,451
"Weekly",0.05,"SameTimestamp",1000,"Daily","BIC_ct",904.876475146165,NA,NA,NA,"CT",1,451
"Weekly",0.05,"SameTimestamp",1000,"Daily","error_var_dt",0.142689900550475,0.00638237787515951,0.130165511017448,0.155214290083503,"DT",1,451
"Weekly",0.05,"SameTimestamp",1000,"Daily","beta_dt",0.635667033018061,0.0244089937076919,0.587768310741811,0.68356575529431,"DT",1,451
"Weekly",0.05,"SameTimestamp",1000,"Daily","LogLik_dt",891.060964588204,NA,NA,NA,"DT",1,451
"Weekly",0.05,"SameTimestamp",1000,"Daily","AIC_dt",895.060964588204,NA,NA,NA,"DT",1,451
"Weekly",0.05,"SameTimestamp",1000,"Daily","BIC_dt",904.876475146168,NA,NA,NA,"DT",1,451
"Weekly",0.05,"SameTimestamp",1000,"Weekly","error_var_ct",1.23452758838732,0.196075593861346,0.849760787756959,1.61929438901769,"CT",1,451
"Weekly",0.05,"SameTimestamp",1000,"Weekly","beta_ct",-2.54073439437299,0.399916411975402,-3.3255059986562,-1.75596279008979,"CT",1,451
"Weekly",0.05,"SameTimestamp",1000,"Weekly","LogLik_ct",1416.73718468682,NA,NA,NA,"CT",1,451
"Weekly",0.05,"SameTimestamp",1000,"Weekly","AIC_ct",1420.73718468682,NA,NA,NA,"CT",1,451
"Weekly",0.05,"SameTimestamp",1000,"Weekly","BIC_ct",1430.55269524479,NA,NA,NA,"CT",1,451
"Weekly",0.05,"SameTimestamp",1000,"Weekly","error_var_dt",0.241438116886845,0.0107974536010511,0.220249851712092,0.262626382061597,"DT",1,451
"Weekly",0.05,"SameTimestamp",1000,"Weekly","beta_dt",0.0788085461442864,0.0315258536228551,0.016944131523745,0.140672960764828,"DT",1,451
"Weekly",0.05,"SameTimestamp",1000,"Weekly","LogLik_dt",1416.73718468683,NA,NA,NA,"DT",1,451
"Weekly",0.05,"SameTimestamp",1000,"Weekly","AIC_dt",1420.73718468683,NA,NA,NA,"DT",1,451
"Weekly",0.05,"SameTimestamp",1000,"Weekly","BIC_dt",1430.55269524479,NA,NA,NA,"DT",1,451
"Weekly",0.05,"SameTimestamp",1000,"Monthly","error_var_ct",10.7138881598396,71.6047868083901,-129.798983368507,151.226759688187,"CT",1,451
"Weekly",0.05,"SameTimestamp",1000,"Monthly","beta_ct",-21.489966317799,143.628886866466,-303.338544151461,260.358611515863,"CT",1,451
"Weekly",0.05,"SameTimestamp",1000,"Monthly","LogLik_ct",1448.68679100417,NA,NA,NA,"CT",1,451
"Weekly",0.05,"SameTimestamp",1000,"Monthly","AIC_ct",1452.68679100417,NA,NA,NA,"CT",1,451
"Weekly",0.05,"SameTimestamp",1000,"Monthly","BIC_ct",1462.50230156214,NA,NA,NA,"CT",1,451
"Weekly",0.05,"SameTimestamp",1000,"Monthly","error_var_dt",0.249245074911769,0.0111465849691942,0.227371695608967,0.271118454214571,"DT",1,451
"Weekly",0.05,"SameTimestamp",1000,"Monthly","beta_dt",-0.0113269122026962,0.0316131823772272,-0.0733626954508217,0.0507088710454294,"DT",1,451
"Weekly",0.05,"SameTimestamp",1000,"Monthly","LogLik_dt",1448.55842247886,NA,NA,NA,"DT",1,451
"Weekly",0.05,"SameTimestamp",1000,"Monthly","AIC_dt",1452.55842247886,NA,NA,NA,"DT",1,451
"Weekly",0.05,"SameTimestamp",1000,"Monthly","BIC_dt",1462.37393303683,NA,NA,NA,"DT",1,451
"Weekly",0.05,"SameTimestamp",1000,"Daily","error_var_ct",0.232304983279226,0.0127115509081954,0.20736061015416,0.257249356404293,"CT",1,452
"Weekly",0.05,"SameTimestamp",1000,"Daily","beta_ct",-0.425409012151604,0.036639358027169,-0.497307856304709,-0.3535101679985,"CT",1,452
"Weekly",0.05,"SameTimestamp",1000,"Daily","LogLik_ct",983.026556889633,NA,NA,NA,"CT",1,452
"Weekly",0.05,"SameTimestamp",1000,"Daily","AIC_ct",987.026556889633,NA,NA,NA,"CT",1,452
"Weekly",0.05,"SameTimestamp",1000,"Daily","BIC_ct",996.842067447597,NA,NA,NA,"CT",1,452
"Weekly",0.05,"SameTimestamp",1000,"Daily","error_var_dt",0.156432460908113,0.00699713966535278,0.142701700288791,0.170163221527435,"DT",1,452
"Weekly",0.05,"SameTimestamp",1000,"Daily","beta_dt",0.653502427054584,0.0239443523902307,0.606515488594155,0.700489365515013,"DT",1,452
"Weekly",0.05,"SameTimestamp",1000,"Daily","LogLik_dt",983.026556889636,NA,NA,NA,"DT",1,452
"Weekly",0.05,"SameTimestamp",1000,"Daily","AIC_dt",987.026556889636,NA,NA,NA,"DT",1,452
"Weekly",0.05,"SameTimestamp",1000,"Daily","BIC_dt",996.8420674476,NA,NA,NA,"DT",1,452
"Weekly",0.05,"SameTimestamp",1000,"Weekly","error_var_ct",1.3635871860412,0.241427477449321,0.889824611857062,1.83734976022534,"CT",1,452
"Weekly",0.05,"SameTimestamp",1000,"Weekly","beta_ct",-2.71232193572576,0.476059218919888,-3.64651154579996,-1.77813232565157,"CT",1,452
"Weekly",0.05,"SameTimestamp",1000,"Weekly","LogLik_ct",1452.6288887939,NA,NA,NA,"CT",1,452
"Weekly",0.05,"SameTimestamp",1000,"Weekly","AIC_ct",1456.6288887939,NA,NA,NA,"CT",1,452
"Weekly",0.05,"SameTimestamp",1000,"Weekly","BIC_ct",1466.44439935186,NA,NA,NA,"CT",1,452
"Weekly",0.05,"SameTimestamp",1000,"Weekly","error_var_dt",0.250261229660679,0.0111920417660984,0.228298648708823,0.272223810612536,"DT",1,452
"Weekly",0.05,"SameTimestamp",1000,"Weekly","beta_dt",0.0663824805955243,0.0315839220209586,0.00440411608802354,0.128360845103025,"DT",1,452
"Weekly",0.05,"SameTimestamp",1000,"Weekly","LogLik_dt",1452.62888879385,NA,NA,NA,"DT",1,452
"Weekly",0.05,"SameTimestamp",1000,"Weekly","AIC_dt",1456.62888879385,NA,NA,NA,"DT",1,452
"Weekly",0.05,"SameTimestamp",1000,"Weekly","BIC_dt",1466.44439935182,NA,NA,NA,"DT",1,452
"Weekly",0.05,"SameTimestamp",1000,"Monthly","error_var_ct",2.67954245808364,2.49179317591085,-2.21020067234278,7.56928558851006,"CT",1,452
"Weekly",0.05,"SameTimestamp",1000,"Monthly","beta_ct",-4.97423117078437,4.62238719770211,-14.0449222155469,4.09645987397814,"CT",1,452
"Weekly",0.05,"SameTimestamp",1000,"Monthly","LogLik_ct",1526.05737979453,NA,NA,NA,"CT",1,452
"Weekly",0.05,"SameTimestamp",1000,"Monthly","AIC_ct",1530.05737979453,NA,NA,NA,"CT",1,452
"Weekly",0.05,"SameTimestamp",1000,"Monthly","BIC_ct",1539.8728903525,NA,NA,NA,"CT",1,452
"Weekly",0.05,"SameTimestamp",1000,"Monthly","error_var_dt",0.269329510310557,0.0120447976280308,0.245693533204427,0.292965487416687,"DT",1,452
"Weekly",0.05,"SameTimestamp",1000,"Monthly","beta_dt",0.00691379738039759,0.0316564406580281,-0.055206873282713,0.0690344680435082,"DT",1,452
"Weekly",0.05,"SameTimestamp",1000,"Monthly","LogLik_dt",1526.05737979453,NA,NA,NA,"DT",1,452
"Weekly",0.05,"SameTimestamp",1000,"Monthly","AIC_dt",1530.05737979453,NA,NA,NA,"DT",1,452
"Weekly",0.05,"SameTimestamp",1000,"Monthly","BIC_dt",1539.8728903525,NA,NA,NA,"DT",1,452
"Weekly",0.05,"SameTimestamp",1000,"Daily","error_var_ct",0.206276915774151,0.0110666739482266,0.184560348990782,0.227993482557519,"CT",1,453
"Weekly",0.05,"SameTimestamp",1000,"Daily","beta_ct",-0.382066379002314,0.0338443143041282,-0.448480399625077,-0.315652358379551,"CT",1,453
"Weekly",0.05,"SameTimestamp",1000,"Daily","LogLik_ct",902.526408490171,NA,NA,NA,"CT",1,453
"Weekly",0.05,"SameTimestamp",1000,"Daily","AIC_ct",906.526408490171,NA,NA,NA,"CT",1,453
"Weekly",0.05,"SameTimestamp",1000,"Daily","BIC_ct",916.341919048135,NA,NA,NA,"CT",1,453
"Weekly",0.05,"SameTimestamp",1000,"Daily","error_var_dt",0.144223606565114,0.00645371588566723,0.131559227666119,0.156887985464109,"DT",1,453
"Weekly",0.05,"SameTimestamp",1000,"Daily","beta_dt",0.682449755036856,0.0230970481961799,0.637125514709761,0.727773995363951,"DT",1,453
"Weekly",0.05,"SameTimestamp",1000,"Daily","LogLik_dt",902.526408490172,NA,NA,NA,"DT",1,453
"Weekly",0.05,"SameTimestamp",1000,"Daily","AIC_dt",906.526408490172,NA,NA,NA,"DT",1,453
"Weekly",0.05,"SameTimestamp",1000,"Daily","BIC_dt",916.341919048137,NA,NA,NA,"DT",1,453
"Weekly",0.05,"SameTimestamp",1000,"Weekly","error_var_ct",1.96394080092135,0.666853933493218,0.6553472660248,3.27253433581791,"CT",1,453
"Weekly",0.05,"SameTimestamp",1000,"Weekly","beta_ct",-3.66473228087404,1.23940155219606,-6.09685838358528,-1.2326061781628,"CT",1,453
"Weekly",0.05,"SameTimestamp",1000,"Weekly","LogLik_ct",1520.27261436428,NA,NA,NA,"CT",1,453
"Weekly",0.05,"SameTimestamp",1000,"Weekly","AIC_ct",1524.27261436428,NA,NA,NA,"CT",1,453
"Weekly",0.05,"SameTimestamp",1000,"Weekly","BIC_ct",1534.08812492225,NA,NA,NA,"CT",1,453
"Weekly",0.05,"SameTimestamp",1000,"Weekly","error_var_dt",0.267775685451651,0.0119752938798941,0.244276098266754,0.291275272636549,"DT",1,453
"Weekly",0.05,"SameTimestamp",1000,"Weekly","beta_dt",0.0256109019985341,0.0316288175477446,-0.0364555627557331,0.0876773667528013,"DT",1,453
"Weekly",0.05,"SameTimestamp",1000,"Weekly","LogLik_dt",1520.27261436426,NA,NA,NA,"DT",1,453
"Weekly",0.05,"SameTimestamp",1000,"Weekly","AIC_dt",1524.27261436426,NA,NA,NA,"DT",1,453
"Weekly",0.05,"SameTimestamp",1000,"Weekly","BIC_dt",1534.08812492222,NA,NA,NA,"DT",1,453
"Weekly",0.05,"SameTimestamp",1000,"Monthly","error_var_ct",14.6540419902167,86.6760007565876,-155.433661664174,184.741745644608,"CT",1,453
"Weekly",0.05,"SameTimestamp",1000,"Monthly","beta_ct",-27.7854701721672,164.34598974696,-350.288028629724,294.71708828539,"CT",1,453
"Weekly",0.05,"SameTimestamp",1000,"Monthly","LogLik_ct",1504.93290832428,NA,NA,NA,"CT",1,453
"Weekly",0.05,"SameTimestamp",1000,"Monthly","AIC_ct",1508.93290832428,NA,NA,NA,"CT",1,453
"Weekly",0.05,"SameTimestamp",1000,"Monthly","BIC_ct",1518.74841888224,NA,NA,NA,"CT",1,453
"Weekly",0.05,"SameTimestamp",1000,"Monthly","error_var_dt",0.263178797790883,0.0117697547500171,0.240082548073182,0.286275047508583,"DT",1,453
"Weekly",0.05,"SameTimestamp",1000,"Monthly","beta_dt",-0.0444351674782454,0.0316127759400939,-0.1064701531589,0.0175998182024096,"DT",1,453
"Weekly",0.05,"SameTimestamp",1000,"Monthly","LogLik_dt",1502.9591523991,NA,NA,NA,"DT",1,453
"Weekly",0.05,"SameTimestamp",1000,"Monthly","AIC_dt",1506.9591523991,NA,NA,NA,"DT",1,453
"Weekly",0.05,"SameTimestamp",1000,"Monthly","BIC_dt",1516.77466295707,NA,NA,NA,"DT",1,453
"Weekly",0.05,"SameTimestamp",1000,"Daily","error_var_ct",0.187060592448519,0.00995101518957514,0.167533326448118,0.206587858448919,"CT",1,454
"Weekly",0.05,"SameTimestamp",1000,"Daily","beta_ct",-0.363677551016529,0.0327098205953412,-0.427865310297587,-0.29948979173547,"CT",1,454
"Weekly",0.05,"SameTimestamp",1000,"Daily","LogLik_ct",820.148675618644,NA,NA,NA,"CT",1,454
"Weekly",0.05,"SameTimestamp",1000,"Daily","AIC_ct",824.148675618644,NA,NA,NA,"CT",1,454
"Weekly",0.05,"SameTimestamp",1000,"Daily","BIC_ct",833.964186176608,NA,NA,NA,"CT",1,454
"Weekly",0.05,"SameTimestamp",1000,"Daily","error_var_dt",0.132913989469353,0.00594525022185403,0.121247392613717,0.144580586324989,"DT",1,454
"Weekly",0.05,"SameTimestamp",1000,"Daily","beta_dt",0.695115299368191,0.0227372191928077,0.650497165556828,0.739733433179554,"DT",1,454
"Weekly",0.05,"SameTimestamp",1000,"Daily","LogLik_dt",820.148675618645,NA,NA,NA,"DT",1,454
"Weekly",0.05,"SameTimestamp",1000,"Daily","AIC_dt",824.148675618645,NA,NA,NA,"DT",1,454
"Weekly",0.05,"SameTimestamp",1000,"Daily","BIC_dt",833.964186176609,NA,NA,NA,"DT",1,454
"Weekly",0.05,"SameTimestamp",1000,"Weekly","error_var_ct",1.25746851769031,0.1902395157962,0.884154081125938,1.63078295425469,"CT",1,454
"Weekly",0.05,"SameTimestamp",1000,"Weekly","beta_ct",-2.45770648693016,0.368578521539228,-3.1809825240998,-1.73443044976051,"CT",1,454
"Weekly",0.05,"SameTimestamp",1000,"Weekly","LogLik_ct",1467.24428136927,NA,NA,NA,"CT",1,454
"Weekly",0.05,"SameTimestamp",1000,"Weekly","AIC_ct",1471.24428136927,NA,NA,NA,"CT",1,454
"Weekly",0.05,"SameTimestamp",1000,"Weekly","BIC_ct",1481.05979192723,NA,NA,NA,"CT",1,454
"Weekly",0.05,"SameTimestamp",1000,"Weekly","error_var_dt",0.253945626302816,0.0113568166666944,0.231659701123981,0.276231551481651,"DT",1,454
"Weekly",0.05,"SameTimestamp",1000,"Weekly","beta_dt",0.0856311287554887,0.0315646940242521,0.023690496097371,0.147571761413606,"DT",1,454
"Weekly",0.05,"SameTimestamp",1000,"Weekly","LogLik_dt",1467.24428136925,NA,NA,NA,"DT",1,454
"Weekly",0.05,"SameTimestamp",1000,"Weekly","AIC_dt",1471.24428136925,NA,NA,NA,"DT",1,454
"Weekly",0.05,"SameTimestamp",1000,"Weekly","BIC_dt",1481.05979192721,NA,NA,NA,"DT",1,454
"Weekly",0.05,"SameTimestamp",1000,"Monthly","error_var_ct",2.08039878612698,1.05081832694247,0.018336916319162,4.1424606559348,"CT",1,454
"Weekly",0.05,"SameTimestamp",1000,"Monthly","beta_ct",-4.19664975772544,2.11528570728049,-8.34755756823548,-0.0457419472153946,"CT",1,454
"Weekly",0.05,"SameTimestamp",1000,"Monthly","LogLik_ct",1442.77656763539,NA,NA,NA,"CT",1,454
"Weekly",0.05,"SameTimestamp",1000,"Monthly","AIC_ct",1446.77656763539,NA,NA,NA,"CT",1,454
"Weekly",0.05,"SameTimestamp",1000,"Monthly","BIC_ct",1456.59207819336,NA,NA,NA,"CT",1,454
"Weekly",0.05,"SameTimestamp",1000,"Monthly","error_var_dt",0.247808113194253,0.0110823128271985,0.226060857627497,0.269555368761008,"DT",1,454
"Weekly",0.05,"SameTimestamp",1000,"Monthly","beta_dt",0.0150457927248732,0.0316177722438943,-0.046998997397989,0.0770905828477353,"DT",1,454
"Weekly",0.05,"SameTimestamp",1000,"Monthly","LogLik_dt",1442.77656763538,NA,NA,NA,"DT",1,454
"Weekly",0.05,"SameTimestamp",1000,"Monthly","AIC_dt",1446.77656763538,NA,NA,NA,"DT",1,454
"Weekly",0.05,"SameTimestamp",1000,"Monthly","BIC_dt",1456.59207819334,NA,NA,NA,"DT",1,454
"Weekly",0.05,"SameTimestamp",1000,"Daily","error_var_ct",0.206246065034445,0.0113764206847563,0.183921670124825,0.228570459944064,"CT",1,455
"Weekly",0.05,"SameTimestamp",1000,"Daily","beta_ct",-0.439634777747438,0.0377170578790868,-0.513648434437362,-0.365621121057514,"CT",1,455
"Weekly",0.05,"SameTimestamp",1000,"Daily","LogLik_ct",851.905674070864,NA,NA,NA,"CT",1,455
"Weekly",0.05,"SameTimestamp",1000,"Daily","AIC_ct",855.905674070864,NA,NA,NA,"CT",1,455
"Weekly",0.05,"SameTimestamp",1000,"Daily","BIC_ct",865.721184628828,NA,NA,NA,"CT",1,455
"Weekly",0.05,"SameTimestamp",1000,"Daily","error_var_dt",0.13720049989962,0.00613708930853448,0.125157449706961,0.149243550092279,"DT",1,455
"Weekly",0.05,"SameTimestamp",1000,"Daily","beta_dt",0.64427168294253,0.0243002764582253,0.596586300773668,0.691957065111391,"DT",1,455
"Weekly",0.05,"SameTimestamp",1000,"Daily","LogLik_dt",851.90567407087,NA,NA,NA,"DT",1,455
"Weekly",0.05,"SameTimestamp",1000,"Daily","AIC_dt",855.90567407087,NA,NA,NA,"DT",1,455
"Weekly",0.05,"SameTimestamp",1000,"Daily","BIC_dt",865.721184628834,NA,NA,NA,"DT",1,455
"Weekly",0.05,"SameTimestamp",1000,"Weekly","error_var_ct",1.47531573698162,0.313339652082109,0.860437092128345,2.09019438183489,"CT",1,455
"Weekly",0.05,"SameTimestamp",1000,"Weekly","beta_ct",-2.99540657676564,0.63139903574723,-4.23442558020854,-1.75638757332274,"CT",1,455
"Weekly",0.05,"SameTimestamp",1000,"Weekly","LogLik_ct",1434.01815066153,NA,NA,NA,"CT",1,455
"Weekly",0.05,"SameTimestamp",1000,"Weekly","AIC_ct",1438.01815066153,NA,NA,NA,"CT",1,455
"Weekly",0.05,"SameTimestamp",1000,"Weekly","BIC_ct",1447.83366121949,NA,NA,NA,"CT",1,455
"Weekly",0.05,"SameTimestamp",1000,"Weekly","error_var_dt",0.245646905538021,0.0109856723103344,0.224089291434299,0.267204519641743,"DT",1,455
"Weekly",0.05,"SameTimestamp",1000,"Weekly","beta_dt",0.0500162206493401,0.0315797020168969,-0.0119538627792691,0.111986304077949,"DT",1,455
"Weekly",0.05,"SameTimestamp",1000,"Weekly","LogLik_dt",1434.0181506615,NA,NA,NA,"DT",1,455
"Weekly",0.05,"SameTimestamp",1000,"Weekly","AIC_dt",1438.0181506615,NA,NA,NA,"DT",1,455
"Weekly",0.05,"SameTimestamp",1000,"Weekly","BIC_dt",1447.83366121946,NA,NA,NA,"DT",1,455
"Weekly",0.05,"SameTimestamp",1000,"Monthly","error_var_ct",1.323407724455,0.218537745346676,0.894562566125524,1.75225288278447,"CT",1,455
"Weekly",0.05,"SameTimestamp",1000,"Monthly","beta_ct",-2.60304117348122,0.425996561584603,-3.43899087457636,-1.76709147238608,"CT",1,455
"Weekly",0.05,"SameTimestamp",1000,"Monthly","LogLik_ct",1462.7636563435,NA,NA,NA,"CT",1,455
"Weekly",0.05,"SameTimestamp",1000,"Monthly","AIC_ct",1466.7636563435,NA,NA,NA,"CT",1,455
"Weekly",0.05,"SameTimestamp",1000,"Monthly","BIC_ct",1476.57916690147,NA,NA,NA,"CT",1,455
"Weekly",0.05,"SameTimestamp",1000,"Monthly","error_var_dt",0.252810306391267,0.0113060608081437,0.230623981417247,0.274996631365287,"DT",1,455
"Weekly",0.05,"SameTimestamp",1000,"Monthly","beta_dt",0.0740480373098954,0.0315302211683821,0.0121750520840791,0.135921022535712,"DT",1,455
"Weekly",0.05,"SameTimestamp",1000,"Monthly","LogLik_dt",1462.7636563435,NA,NA,NA,"DT",1,455
"Weekly",0.05,"SameTimestamp",1000,"Monthly","AIC_dt",1466.7636563435,NA,NA,NA,"DT",1,455
"Weekly",0.05,"SameTimestamp",1000,"Monthly","BIC_dt",1476.57916690146,NA,NA,NA,"DT",1,455
"Weekly",0.05,"SameTimestamp",1000,"Daily","error_var_ct",0.202722728516267,0.0111030081807931,0.180934861648362,0.224510595384173,"CT",1,456
"Weekly",0.05,"SameTimestamp",1000,"Daily","beta_ct",-0.426529876690481,0.0367612258115584,-0.498667866759587,-0.354391886621376,"CT",1,456
"Weekly",0.05,"SameTimestamp",1000,"Daily","LogLik_ct",845.723866490243,NA,NA,NA,"CT",1,456
"Weekly",0.05,"SameTimestamp",1000,"Daily","AIC_ct",849.723866490243,NA,NA,NA,"CT",1,456
"Weekly",0.05,"SameTimestamp",1000,"Daily","BIC_ct",859.539377048207,NA,NA,NA,"CT",1,456
"Weekly",0.05,"SameTimestamp",1000,"Daily","error_var_dt",0.136380505880655,0.00609975893340364,0.124410710542017,0.148350301219293,"DT",1,456
"Weekly",0.05,"SameTimestamp",1000,"Daily","beta_dt",0.652770379814705,0.0239967172916167,0.605680683661823,0.699860075967587,"DT",1,456
"Weekly",0.05,"SameTimestamp",1000,"Daily","LogLik_dt",845.723866490243,NA,NA,NA,"DT",1,456
"Weekly",0.05,"SameTimestamp",1000,"Daily","AIC_dt",849.723866490243,NA,NA,NA,"DT",1,456
"Weekly",0.05,"SameTimestamp",1000,"Daily","BIC_dt",859.539377048207,NA,NA,NA,"DT",1,456
"Weekly",0.05,"SameTimestamp",1000,"Weekly","error_var_ct",1.04820649203652,0.132555249821632,0.788088144942822,1.30832483913022,"CT",1,456
"Weekly",0.05,"SameTimestamp",1000,"Weekly","beta_ct",-2.15493732389025,0.270807286267146,-2.68635304510481,-1.62352160267568,"CT",1,456
"Weekly",0.05,"SameTimestamp",1000,"Weekly","LogLik_ct",1410.52311783841,NA,NA,NA,"CT",1,456
"Weekly",0.05,"SameTimestamp",1000,"Weekly","AIC_ct",1414.52311783841,NA,NA,NA,"CT",1,456
"Weekly",0.05,"SameTimestamp",1000,"Weekly","BIC_ct",1424.33862839637,NA,NA,NA,"CT",1,456
"Weekly",0.05,"SameTimestamp",1000,"Weekly","error_var_dt",0.239942852233792,0.0107305803802492,0.21888581499368,0.260999889473904,"DT",1,456
"Weekly",0.05,"SameTimestamp",1000,"Weekly","beta_dt",0.115910459272112,0.0313949437368022,0.054302934237039,0.177517984307186,"DT",1,456
"Weekly",0.05,"SameTimestamp",1000,"Weekly","LogLik_dt",1410.52311783841,NA,NA,NA,"DT",1,456
"Weekly",0.05,"SameTimestamp",1000,"Weekly","AIC_dt",1414.52311783841,NA,NA,NA,"DT",1,456
"Weekly",0.05,"SameTimestamp",1000,"Weekly","BIC_dt",1424.33862839637,NA,NA,NA,"DT",1,456
"Weekly",0.05,"SameTimestamp",1000,"Monthly","error_var_ct",12.1912229859326,47.4594640357162,-80.9403380464287,105.322784018294,"CT",1,456
"Weekly",0.05,"SameTimestamp",1000,"Monthly","beta_ct",-22.5801192842925,87.9023167038277,-195.074270647394,149.914032078809,"CT",1,456
"Weekly",0.05,"SameTimestamp",1000,"Monthly","LogLik_ct",1528.3770077743,NA,NA,NA,"CT",1,456
"Weekly",0.05,"SameTimestamp",1000,"Monthly","AIC_ct",1532.3770077743,NA,NA,NA,"CT",1,456
"Weekly",0.05,"SameTimestamp",1000,"Monthly","BIC_ct",1542.19251833226,NA,NA,NA,"CT",1,456
"Weekly",0.05,"SameTimestamp",1000,"Monthly","error_var_dt",0.269850044920829,0.0120680729116018,0.246168393816131,0.293531696025528,"DT",1,456
"Weekly",0.05,"SameTimestamp",1000,"Monthly","beta_dt",-0.0197080390628484,0.0316044583954841,-0.081726702900659,0.0423106247749622,"DT",1,456
"Weekly",0.05,"SameTimestamp",1000,"Monthly","LogLik_dt",1527.98822440121,NA,NA,NA,"DT",1,456
"Weekly",0.05,"SameTimestamp",1000,"Monthly","AIC_dt",1531.98822440121,NA,NA,NA,"DT",1,456
"Weekly",0.05,"SameTimestamp",1000,"Monthly","BIC_dt",1541.80373495918,NA,NA,NA,"DT",1,456
"Weekly",0.05,"SameTimestamp",1000,"Daily","error_var_ct",0.212274846965798,0.0118198813388905,0.189080231883762,0.235469462047833,"CT",1,457
"Weekly",0.05,"SameTimestamp",1000,"Daily","beta_ct",-0.464101930954073,0.0391193572213843,-0.540867374446404,-0.387336487461741,"CT",1,457
"Weekly",0.05,"SameTimestamp",1000,"Daily","LogLik_ct",859.707798600279,NA,NA,NA,"CT",1,457
"Weekly",0.05,"SameTimestamp",1000,"Daily","AIC_ct",863.707798600279,NA,NA,NA,"CT",1,457
"Weekly",0.05,"SameTimestamp",1000,"Daily","BIC_ct",873.523309158243,NA,NA,NA,"CT",1,457
"Weekly",0.05,"SameTimestamp",1000,"Daily","error_var_dt",0.138299839500485,0.00618563680998195,0.126161522648459,0.150438156352511,"DT",1,457
"Weekly",0.05,"SameTimestamp",1000,"Daily","beta_dt",0.628699462085562,0.0245942140778355,0.580437274638414,0.67696164953271,"DT",1,457
"Weekly",0.05,"SameTimestamp",1000,"Daily","LogLik_dt",859.707798600279,NA,NA,NA,"DT",1,457
"Weekly",0.05,"SameTimestamp",1000,"Daily","AIC_dt",863.707798600279,NA,NA,NA,"DT",1,457
"Weekly",0.05,"SameTimestamp",1000,"Daily","BIC_dt",873.523309158244,NA,NA,NA,"DT",1,457
"Weekly",0.05,"SameTimestamp",1000,"Weekly","error_var_ct",1.15465919101419,0.172045887290704,0.817046822688191,1.4922715593402,"CT",1,457
"Weekly",0.05,"SameTimestamp",1000,"Weekly","beta_ct",-2.4357046595338,0.359716032326005,-3.14158948776693,-1.72981983130066,"CT",1,457
"Weekly",0.05,"SameTimestamp",1000,"Weekly","LogLik_ct",1390.60740769103,NA,NA,NA,"CT",1,457
"Weekly",0.05,"SameTimestamp",1000,"Weekly","AIC_ct",1394.60740769103,NA,NA,NA,"CT",1,457
"Weekly",0.05,"SameTimestamp",1000,"Weekly","BIC_ct",1404.42291824899,NA,NA,NA,"CT",1,457
"Weekly",0.05,"SameTimestamp",1000,"Weekly","error_var_dt",0.235211438184872,0.0105189829445434,0.214569626862248,0.255853249507495,"DT",1,457
"Weekly",0.05,"SameTimestamp",1000,"Weekly","beta_dt",0.0875360503584396,0.031487333751042,0.0257472247877455,0.149324875929134,"DT",1,457
"Weekly",0.05,"SameTimestamp",1000,"Weekly","LogLik_dt",1390.60740769097,NA,NA,NA,"DT",1,457
"Weekly",0.05,"SameTimestamp",1000,"Weekly","AIC_dt",1394.60740769097,NA,NA,NA,"DT",1,457
"Weekly",0.05,"SameTimestamp",1000,"Weekly","BIC_dt",1404.42291824894,NA,NA,NA,"DT",1,457
"Weekly",0.05,"SameTimestamp",1000,"Monthly","error_var_ct",1.55044875553934,0.342928098854867,0.877507545242931,2.22338996583574,"CT",1,457
"Weekly",0.05,"SameTimestamp",1000,"Monthly","beta_ct",-3.0562104514922,0.671107959805658,-4.37315182847252,-1.73926907451188,"CT",1,457
"Weekly",0.05,"SameTimestamp",1000,"Monthly","LogLik_ct",1463.8811146392,NA,NA,NA,"CT",1,457
"Weekly",0.05,"SameTimestamp",1000,"Monthly","AIC_ct",1467.8811146392,NA,NA,NA,"CT",1,457
"Weekly",0.05,"SameTimestamp",1000,"Monthly","BIC_ct",1477.69662519716,NA,NA,NA,"CT",1,457
"Weekly",0.05,"SameTimestamp",1000,"Monthly","error_var_dt",0.25309358199712,0.011318701091457,0.230882452501161,0.275304711493079,"DT",1,457
"Weekly",0.05,"SameTimestamp",1000,"Monthly","beta_dt",0.0470658374517926,0.0315763891935334,-0.0148977450940628,0.109029419997648,"DT",1,457
"Weekly",0.05,"SameTimestamp",1000,"Monthly","LogLik_dt",1463.88111463923,NA,NA,NA,"DT",1,457
"Weekly",0.05,"SameTimestamp",1000,"Monthly","AIC_dt",1467.88111463923,NA,NA,NA,"DT",1,457
"Weekly",0.05,"SameTimestamp",1000,"Monthly","BIC_dt",1477.6966251972,NA,NA,NA,"DT",1,457
"Weekly",0.05,"SameTimestamp",1000,"Daily","error_var_ct",0.23174167675619,0.0131696901989828,0.20589827899635,0.257585074516031,"CT",1,458
"Weekly",0.05,"SameTimestamp",1000,"Daily","beta_ct",-0.5093899780277,0.0420712975568284,-0.591948129404541,-0.426831826650859,"CT",1,458
"Weekly",0.05,"SameTimestamp",1000,"Daily","LogLik_ct",909.333592232071,NA,NA,NA,"CT",1,458
"Weekly",0.05,"SameTimestamp",1000,"Daily","AIC_ct",913.333592232071,NA,NA,NA,"CT",1,458
"Weekly",0.05,"SameTimestamp",1000,"Daily","BIC_ct",923.149102790036,NA,NA,NA,"CT",1,458
"Weekly",0.05,"SameTimestamp",1000,"Daily","error_var_dt",0.145345209268079,0.00650051137018136,0.132589001761015,0.158101416775142,"DT",1,458
"Weekly",0.05,"SameTimestamp",1000,"Daily","beta_dt",0.600862008840599,0.0252789470581042,0.551256143106339,0.650467874574858,"DT",1,458
"Weekly",0.05,"SameTimestamp",1000,"Daily","LogLik_dt",909.333592232069,NA,NA,NA,"DT",1,458
"Weekly",0.05,"SameTimestamp",1000,"Daily","AIC_dt",913.333592232069,NA,NA,NA,"DT",1,458
"Weekly",0.05,"SameTimestamp",1000,"Daily","BIC_dt",923.149102790033,NA,NA,NA,"DT",1,458
"Weekly",0.05,"SameTimestamp",1000,"Weekly","error_var_ct",1.68598062484164,0.457074859532408,0.789044765117951,2.58291648456532,"CT",1,458
"Weekly",0.05,"SameTimestamp",1000,"Weekly","beta_ct",-3.35758129191922,0.905222109916796,-5.13393401503709,-1.58122856880136,"CT",1,458
"Weekly",0.05,"SameTimestamp",1000,"Weekly","LogLik_ct",1454.64326936124,NA,NA,NA,"CT",1,458
"Weekly",0.05,"SameTimestamp",1000,"Weekly","AIC_ct",1458.64326936124,NA,NA,NA,"CT",1,458
"Weekly",0.05,"SameTimestamp",1000,"Weekly","BIC_ct",1468.4587799192,NA,NA,NA,"CT",1,458
"Weekly",0.05,"SameTimestamp",1000,"Weekly","error_var_dt",0.250766313322855,0.0112146074570458,0.228759450833767,0.272773175811943,"DT",1,458
"Weekly",0.05,"SameTimestamp",1000,"Weekly","beta_dt",0.0348193619163587,0.0315877739480684,-0.0271665613782461,0.0968052852109636,"DT",1,458
"Weekly",0.05,"SameTimestamp",1000,"Weekly","LogLik_dt",1454.64326936124,NA,NA,NA,"DT",1,458
"Weekly",0.05,"SameTimestamp",1000,"Weekly","AIC_dt",1458.64326936124,NA,NA,NA,"DT",1,458
"Weekly",0.05,"SameTimestamp",1000,"Weekly","BIC_dt",1468.45877991921,NA,NA,NA,"DT",1,458
"Weekly",0.05,"SameTimestamp",1000,"Monthly","error_var_ct",2.37676229706561,1.52585834773971,-0.617489170509247,5.37101376464046,"CT",1,458
"Weekly",0.05,"SameTimestamp",1000,"Monthly","beta_ct",-4.5076906763041,2.88995889800472,-10.1787699638408,1.16338861123258,"CT",1,458
"Weekly",0.05,"SameTimestamp",1000,"Monthly","LogLik_ct",1504.56253258111,NA,NA,NA,"CT",1,458
"Weekly",0.05,"SameTimestamp",1000,"Monthly","AIC_ct",1508.56253258111,NA,NA,NA,"CT",1,458
"Weekly",0.05,"SameTimestamp",1000,"Monthly","BIC_ct",1518.37804313907,NA,NA,NA,"CT",1,458
"Weekly",0.05,"SameTimestamp",1000,"Monthly","error_var_dt",0.263602093909564,0.0117886461177519,0.240468772922667,0.286735414896461,"DT",1,458
"Weekly",0.05,"SameTimestamp",1000,"Monthly","beta_dt",0.0110238544537132,0.0316066494259056,-0.050999108928721,0.0730468178361474,"DT",1,458
"Weekly",0.05,"SameTimestamp",1000,"Monthly","LogLik_dt",1504.5625325811,NA,NA,NA,"DT",1,458
"Weekly",0.05,"SameTimestamp",1000,"Monthly","AIC_dt",1508.5625325811,NA,NA,NA,"DT",1,458
"Weekly",0.05,"SameTimestamp",1000,"Monthly","BIC_dt",1518.37804313907,NA,NA,NA,"DT",1,458
"Weekly",0.05,"SameTimestamp",1000,"Daily","error_var_ct",0.214015097148522,0.0121055853581155,0.190259833904012,0.237770360393032,"CT",1,459
"Weekly",0.05,"SameTimestamp",1000,"Daily","beta_ct",-0.498817975045936,0.0413814782552783,-0.580022467048637,-0.417613483043235,"CT",1,459
"Weekly",0.05,"SameTimestamp",1000,"Daily","LogLik_ct",838.65991594501,NA,NA,NA,"CT",1,459
"Weekly",0.05,"SameTimestamp",1000,"Daily","AIC_ct",842.65991594501,NA,NA,NA,"CT",1,459
"Weekly",0.05,"SameTimestamp",1000,"Daily","BIC_ct",852.475426502974,NA,NA,NA,"CT",1,459
"Weekly",0.05,"SameTimestamp",1000,"Daily","error_var_dt",0.135417129483572,0.00605676714779269,0.123531698605993,0.147302560361151,"DT",1,459
"Weekly",0.05,"SameTimestamp",1000,"Daily","beta_dt",0.60724801120684,0.0251290156066015,0.557936361819309,0.65655966059437,"DT",1,459
"Weekly",0.05,"SameTimestamp",1000,"Daily","LogLik_dt",838.65991594501,NA,NA,NA,"DT",1,459
"Weekly",0.05,"SameTimestamp",1000,"Daily","AIC_dt",842.65991594501,NA,NA,NA,"DT",1,459
"Weekly",0.05,"SameTimestamp",1000,"Daily","BIC_dt",852.475426502975,NA,NA,NA,"DT",1,459
"Weekly",0.05,"SameTimestamp",1000,"Weekly","error_var_ct",9.66940447358622,110.256266621642,-206.690776424077,226.02958537125,"CT",1,459
"Weekly",0.05,"SameTimestamp",1000,"Weekly","beta_ct",-20.7393781507653,236.481142276492,-484.795565518396,443.316809216865,"CT",1,459
"Weekly",0.05,"SameTimestamp",1000,"Weekly","LogLik_ct",1381.6629118336,NA,NA,NA,"CT",1,459
"Weekly",0.05,"SameTimestamp",1000,"Weekly","AIC_ct",1385.6629118336,NA,NA,NA,"CT",1,459
"Weekly",0.05,"SameTimestamp",1000,"Weekly","BIC_ct",1395.47842239156,NA,NA,NA,"CT",1,459
"Weekly",0.05,"SameTimestamp",1000,"Weekly","error_var_dt",0.233092558725702,0.0104242160410871,0.212636712201299,0.253548405250104,"DT",1,459
"Weekly",0.05,"SameTimestamp",1000,"Weekly","beta_dt",-0.01026896366786,0.0316150406607236,-0.0723083934983139,0.0517704661625938,"DT",1,459
"Weekly",0.05,"SameTimestamp",1000,"Weekly","LogLik_dt",1381.55741641068,NA,NA,NA,"DT",1,459
"Weekly",0.05,"SameTimestamp",1000,"Weekly","AIC_dt",1385.55741641068,NA,NA,NA,"DT",1,459
"Weekly",0.05,"SameTimestamp",1000,"Weekly","BIC_dt",1395.37292696864,NA,NA,NA,"DT",1,459
"Weekly",0.05,"SameTimestamp",1000,"Monthly","error_var_ct",1.90832411312534,0.872407410322535,0.196364957446872,3.62028326880381,"CT",1,459
"Weekly",0.05,"SameTimestamp",1000,"Monthly","beta_ct",-4.0741485564753,1.85798231438068,-7.7201398634688,-0.428157249481791,"CT",1,459
"Weekly",0.05,"SameTimestamp",1000,"Monthly","LogLik_ct",1386.00433806397,NA,NA,NA,"CT",1,459
"Weekly",0.05,"SameTimestamp",1000,"Monthly","AIC_ct",1390.00433806397,NA,NA,NA,"CT",1,459
"Weekly",0.05,"SameTimestamp",1000,"Monthly","BIC_ct",1399.81984862193,NA,NA,NA,"CT",1,459
"Weekly",0.05,"SameTimestamp",1000,"Monthly","error_var_dt",0.234131402485255,0.010470687477661,0.213584363244721,0.254678441725789,"DT",1,459
"Weekly",0.05,"SameTimestamp",1000,"Monthly","beta_dt",0.0170066665302377,0.031605190000629,-0.0450134329649405,0.079026766025416,"DT",1,459
"Weekly",0.05,"SameTimestamp",1000,"Monthly","LogLik_dt",1386.00433806397,NA,NA,NA,"DT",1,459
"Weekly",0.05,"SameTimestamp",1000,"Monthly","AIC_dt",1390.00433806397,NA,NA,NA,"DT",1,459
"Weekly",0.05,"SameTimestamp",1000,"Monthly","BIC_dt",1399.81984862194,NA,NA,NA,"DT",1,459
"Weekly",0.05,"SameTimestamp",1000,"Daily","error_var_ct",0.241383738816542,0.0135763176739307,0.214742400071273,0.26802507756181,"CT",1,460
"Weekly",0.05,"SameTimestamp",1000,"Daily","beta_ct",-0.486391120968626,0.0405628564177318,-0.565989199347092,-0.406793042590161,"CT",1,460
"Weekly",0.05,"SameTimestamp",1000,"Daily","LogLik_ct",969.420215847009,NA,NA,NA,"CT",1,460
"Weekly",0.05,"SameTimestamp",1000,"Daily","AIC_ct",973.420215847009,NA,NA,NA,"CT",1,460
"Weekly",0.05,"SameTimestamp",1000,"Daily","BIC_ct",983.235726404974,NA,NA,NA,"CT",1,460
"Weekly",0.05,"SameTimestamp",1000,"Daily","error_var_dt",0.154334120406215,0.00690287281675246,0.140788343307928,0.167879897504503,"DT",1,460
"Weekly",0.05,"SameTimestamp",1000,"Daily","beta_dt",0.614841284914237,0.024939965630495,0.565900615683049,0.663781954145425,"DT",1,460
"Weekly",0.05,"SameTimestamp",1000,"Daily","LogLik_dt",969.42021584701,NA,NA,NA,"DT",1,460
"Weekly",0.05,"SameTimestamp",1000,"Daily","AIC_dt",973.42021584701,NA,NA,NA,"DT",1,460
"Weekly",0.05,"SameTimestamp",1000,"Daily","BIC_dt",983.235726404974,NA,NA,NA,"DT",1,460
"Weekly",0.05,"SameTimestamp",1000,"Weekly","error_var_ct",2.1599539893442,1.09374017997372,0.0136648899116603,4.30624308877673,"CT",1,460
"Weekly",0.05,"SameTimestamp",1000,"Weekly","beta_ct",-4.20063404138055,2.12265141462669,-8.36599586727396,-0.0352722154871419,"CT",1,460
"Weekly",0.05,"SameTimestamp",1000,"Weekly","LogLik_ct",1479.35662971932,NA,NA,NA,"CT",1,460
"Weekly",0.05,"SameTimestamp",1000,"Weekly","AIC_ct",1483.35662971932,NA,NA,NA,"CT",1,460
"Weekly",0.05,"SameTimestamp",1000,"Weekly","BIC_ct",1493.17214027729,NA,NA,NA,"CT",1,460
"Weekly",0.05,"SameTimestamp",1000,"Weekly","error_var_dt",0.257040796319276,0.0114952094679797,0.234483297537973,0.279598295100578,"DT",1,460
"Weekly",0.05,"SameTimestamp",1000,"Weekly","beta_dt",0.0149860470692763,0.0316199824746787,-0.0470630802758318,0.0770351744143844,"DT",1,460
"Weekly",0.05,"SameTimestamp",1000,"Weekly","LogLik_dt",1479.35662971931,NA,NA,NA,"DT",1,460
"Weekly",0.05,"SameTimestamp",1000,"Weekly","AIC_dt",1483.35662971931,NA,NA,NA,"DT",1,460
"Weekly",0.05,"SameTimestamp",1000,"Weekly","BIC_dt",1493.17214027728,NA,NA,NA,"DT",1,460
"Weekly",0.05,"SameTimestamp",1000,"Monthly","error_var_ct",14.189376165766,207.69606383406,-393.380726829626,421.759479161158,"CT",1,460
"Weekly",0.05,"SameTimestamp",1000,"Monthly","beta_ct",-25.2187242182343,369.135793159358,-749.588317266697,699.150868830228,"CT",1,460
"Weekly",0.05,"SameTimestamp",1000,"Monthly","LogLik_ct",1569.63658130707,NA,NA,NA,"CT",1,460
"Weekly",0.05,"SameTimestamp",1000,"Monthly","AIC_ct",1573.63658130707,NA,NA,NA,"CT",1,460
"Weekly",0.05,"SameTimestamp",1000,"Monthly","BIC_ct",1583.45209186504,NA,NA,NA,"CT",1,460
"Weekly",0.05,"SameTimestamp",1000,"Monthly","error_var_dt",0.281091675483719,0.0125708157025585,0.256423472552722,0.305759878414715,"DT",1,460
"Weekly",0.05,"SameTimestamp",1000,"Monthly","beta_dt",-0.0288597111313214,0.0315988168877761,-0.090867304418082,0.0331478821554392,"DT",1,460
"Weekly",0.05,"SameTimestamp",1000,"Monthly","LogLik_dt",1568.80277113876,NA,NA,NA,"DT",1,460
"Weekly",0.05,"SameTimestamp",1000,"Monthly","AIC_dt",1572.80277113876,NA,NA,NA,"DT",1,460
"Weekly",0.05,"SameTimestamp",1000,"Monthly","BIC_dt",1582.61828169673,NA,NA,NA,"DT",1,460
"Weekly",0.05,"SameTimestamp",1000,"Daily","error_var_ct",0.205476425298503,0.0110892992435352,0.183715460013936,0.227237390583071,"CT",1,461
"Weekly",0.05,"SameTimestamp",1000,"Daily","beta_ct",-0.393021487574429,0.0346868294545333,-0.46108880860302,-0.324954166545837,"CT",1,461
"Weekly",0.05,"SameTimestamp",1000,"Daily","LogLik_ct",888.200255823048,NA,NA,NA,"CT",1,461
"Weekly",0.05,"SameTimestamp",1000,"Daily","AIC_ct",892.200255823048,NA,NA,NA,"CT",1,461
"Weekly",0.05,"SameTimestamp",1000,"Daily","BIC_ct",902.015766381012,NA,NA,NA,"CT",1,461
"Weekly",0.05,"SameTimestamp",1000,"Daily","error_var_dt",0.142297916515,0.0063644287513493,0.129808749249092,0.154787083780907,"DT",1,461
"Weekly",0.05,"SameTimestamp",1000,"Daily","beta_dt",0.675014232894674,0.0234139360962006,0.629068151057128,0.720960314732221,"DT",1,461
"Weekly",0.05,"SameTimestamp",1000,"Daily","LogLik_dt",888.200255823047,NA,NA,NA,"DT",1,461
"Weekly",0.05,"SameTimestamp",1000,"Daily","AIC_dt",892.200255823047,NA,NA,NA,"DT",1,461
"Weekly",0.05,"SameTimestamp",1000,"Daily","BIC_dt",902.015766381011,NA,NA,NA,"DT",1,461
"Weekly",0.05,"SameTimestamp",1000,"Weekly","error_var_ct",1.38309948454966,0.235093050086806,0.921767204733645,1.84443176436568,"CT",1,461
"Weekly",0.05,"SameTimestamp",1000,"Weekly","beta_ct",-2.65156681055316,0.446698478518389,-3.52814069229549,-1.77499292881083,"CT",1,461
"Weekly",0.05,"SameTimestamp",1000,"Weekly","LogLik_ct",1488.91771377824,NA,NA,NA,"CT",1,461
"Weekly",0.05,"SameTimestamp",1000,"Weekly","AIC_ct",1492.91771377824,NA,NA,NA,"CT",1,461
"Weekly",0.05,"SameTimestamp",1000,"Weekly","BIC_ct",1502.73322433621,NA,NA,NA,"CT",1,461
"Weekly",0.05,"SameTimestamp",1000,"Weekly","error_var_dt",0.25951014991532,0.0116056381524024,0.236735952610931,0.282284347219709,"DT",1,461
"Weekly",0.05,"SameTimestamp",1000,"Weekly","beta_dt",0.0705405223755419,0.0315323055403622,0.00866344690513002,0.132417597845954,"DT",1,461
"Weekly",0.05,"SameTimestamp",1000,"Weekly","LogLik_dt",1488.91771377822,NA,NA,NA,"DT",1,461
"Weekly",0.05,"SameTimestamp",1000,"Weekly","AIC_dt",1492.91771377822,NA,NA,NA,"DT",1,461
"Weekly",0.05,"SameTimestamp",1000,"Weekly","BIC_dt",1502.73322433618,NA,NA,NA,"DT",1,461
"Weekly",0.05,"SameTimestamp",1000,"Monthly","error_var_ct",1.72409679077715,0.53850699464324,0.667363469890342,2.78083011166396,"CT",1,461
"Weekly",0.05,"SameTimestamp",1000,"Monthly","beta_ct",-3.55689105330634,1.10598217078499,-5.72720308973495,-1.38657901687773,"CT",1,461
"Weekly",0.05,"SameTimestamp",1000,"Monthly","LogLik_ct",1419.73205194374,NA,NA,NA,"CT",1,461
"Weekly",0.05,"SameTimestamp",1000,"Monthly","AIC_ct",1423.73205194374,NA,NA,NA,"CT",1,461
"Weekly",0.05,"SameTimestamp",1000,"Monthly","BIC_ct",1433.5475625017,NA,NA,NA,"CT",1,461
"Weekly",0.05,"SameTimestamp",1000,"Monthly","error_var_dt",0.242162804106143,0.0108298446348674,0.220910976739864,0.263414631472421,"DT",1,461
"Weekly",0.05,"SameTimestamp",1000,"Monthly","beta_dt",0.0285272342558083,0.0316010525370493,-0.033484746132892,0.0905392146445087,"DT",1,461
"Weekly",0.05,"SameTimestamp",1000,"Monthly","LogLik_dt",1419.73205194371,NA,NA,NA,"DT",1,461
"Weekly",0.05,"SameTimestamp",1000,"Monthly","AIC_dt",1423.73205194371,NA,NA,NA,"DT",1,461
"Weekly",0.05,"SameTimestamp",1000,"Monthly","BIC_dt",1433.54756250167,NA,NA,NA,"DT",1,461
"Weekly",0.05,"SameTimestamp",1000,"Daily","error_var_ct",0.214668046818993,0.0117395734600324,0.191631023026139,0.237705070611848,"CT",1,462
"Weekly",0.05,"SameTimestamp",1000,"Daily","beta_ct",-0.422896626650798,0.0365232926149022,-0.49456771110948,-0.351225542192117,"CT",1,462
"Weekly",0.05,"SameTimestamp",1000,"Daily","LogLik_ct",906.52115046395,NA,NA,NA,"CT",1,462
"Weekly",0.05,"SameTimestamp",1000,"Daily","AIC_ct",910.52115046395,NA,NA,NA,"CT",1,462
"Weekly",0.05,"SameTimestamp",1000,"Daily","BIC_ct",920.336661021915,NA,NA,NA,"CT",1,462
"Weekly",0.05,"SameTimestamp",1000,"Daily","error_var_dt",0.144868655053035,0.00648095990229071,0.132150814155501,0.157586495950569,"DT",1,462
"Weekly",0.05,"SameTimestamp",1000,"Daily","beta_dt",0.655146326424255,0.0239280766931544,0.608191326400267,0.702101326448244,"DT",1,462
"Weekly",0.05,"SameTimestamp",1000,"Daily","LogLik_dt",906.521150463948,NA,NA,NA,"DT",1,462
"Weekly",0.05,"SameTimestamp",1000,"Daily","AIC_dt",910.521150463948,NA,NA,NA,"DT",1,462
"Weekly",0.05,"SameTimestamp",1000,"Daily","BIC_dt",920.336661021912,NA,NA,NA,"DT",1,462
"Weekly",0.05,"SameTimestamp",1000,"Weekly","error_var_ct",1.39099066564746,0.304732989717817,0.793001210707119,1.98898012058781,"CT",1,462
"Weekly",0.05,"SameTimestamp",1000,"Weekly","beta_ct",-3.04158841601951,0.661496336974496,-4.33966852988808,-1.74350830215094,"CT",1,462
"Weekly",0.05,"SameTimestamp",1000,"Weekly","LogLik_ct",1360.08552337035,NA,NA,NA,"CT",1,462
"Weekly",0.05,"SameTimestamp",1000,"Weekly","AIC_ct",1364.08552337035,NA,NA,NA,"CT",1,462
"Weekly",0.05,"SameTimestamp",1000,"Weekly","BIC_ct",1373.90103392831,NA,NA,NA,"CT",1,462
"Weekly",0.05,"SameTimestamp",1000,"Weekly","error_var_dt",0.228140318845458,0.0102027631593705,0.20811903796541,0.248161599725507,"DT",1,462
"Weekly",0.05,"SameTimestamp",1000,"Weekly","beta_dt",0.0477589505852535,0.0315942462261674,-0.0142396735136071,0.109757574684114,"DT",1,462
"Weekly",0.05,"SameTimestamp",1000,"Weekly","LogLik_dt",1360.08552337035,NA,NA,NA,"DT",1,462
"Weekly",0.05,"SameTimestamp",1000,"Weekly","AIC_dt",1364.08552337035,NA,NA,NA,"DT",1,462
"Weekly",0.05,"SameTimestamp",1000,"Weekly","BIC_dt",1373.90103392831,NA,NA,NA,"DT",1,462
"Weekly",0.05,"SameTimestamp",1000,"Monthly","error_var_ct",1.53125833473248,0.407189800362289,0.732213876167657,2.3303027932973,"CT",1,462
"Weekly",0.05,"SameTimestamp",1000,"Monthly","beta_ct",-3.32823007618595,0.880020060126615,-5.05512783208362,-1.60133232028829,"CT",1,462
"Weekly",0.05,"SameTimestamp",1000,"Monthly","LogLik_ct",1367.09392090957,NA,NA,NA,"CT",1,462
"Weekly",0.05,"SameTimestamp",1000,"Monthly","AIC_ct",1371.09392090957,NA,NA,NA,"CT",1,462
"Weekly",0.05,"SameTimestamp",1000,"Monthly","BIC_ct",1380.90943146753,NA,NA,NA,"CT",1,462
"Weekly",0.05,"SameTimestamp",1000,"Monthly","error_var_dt",0.229745125163382,0.0102745380048331,0.209582997699062,0.249907252627702,"DT",1,462
"Weekly",0.05,"SameTimestamp",1000,"Monthly","beta_dt",0.0358564192790331,0.0316054090446674,-0.0261641100548222,0.0978769486128883,"DT",1,462
"Weekly",0.05,"SameTimestamp",1000,"Monthly","LogLik_dt",1367.09392090954,NA,NA,NA,"DT",1,462
"Weekly",0.05,"SameTimestamp",1000,"Monthly","AIC_dt",1371.09392090954,NA,NA,NA,"DT",1,462
"Weekly",0.05,"SameTimestamp",1000,"Monthly","BIC_dt",1380.9094314675,NA,NA,NA,"DT",1,462
"Weekly",0.05,"SameTimestamp",1000,"Daily","error_var_ct",0.21345081756843,0.0121000901233311,0.189706337837896,0.237195297298964,"CT",1,463
"Weekly",0.05,"SameTimestamp",1000,"Daily","beta_ct",-0.503967007499523,0.0417078230325353,-0.585811898612458,-0.422122116386587,"CT",1,463
"Weekly",0.05,"SameTimestamp",1000,"Daily","LogLik_ct",831.65866034669,NA,NA,NA,"CT",1,463
"Weekly",0.05,"SameTimestamp",1000,"Daily","AIC_ct",835.65866034669,NA,NA,NA,"CT",1,463
"Weekly",0.05,"SameTimestamp",1000,"Daily","BIC_ct",845.474170904654,NA,NA,NA,"CT",1,463
"Weekly",0.05,"SameTimestamp",1000,"Daily","error_var_dt",0.134480234519155,0.00601465119600942,0.122677449419686,0.146283019618624,"DT",1,463
"Weekly",0.05,"SameTimestamp",1000,"Daily","beta_dt",0.604129303870278,0.0251969696845997,0.55468430553979,0.653574302200766,"DT",1,463
"Weekly",0.05,"SameTimestamp",1000,"Daily","LogLik_dt",831.658660346689,NA,NA,NA,"DT",1,463
"Weekly",0.05,"SameTimestamp",1000,"Daily","AIC_dt",835.658660346689,NA,NA,NA,"DT",1,463
"Weekly",0.05,"SameTimestamp",1000,"Daily","BIC_dt",845.474170904653,NA,NA,NA,"DT",1,463
"Weekly",0.05,"SameTimestamp",1000,"Weekly","error_var_ct",1.64307290016697,0.473873905589413,0.713171615845023,2.57297418448892,"CT",1,463
"Weekly",0.05,"SameTimestamp",1000,"Weekly","beta_ct",-3.44028784521446,0.987187446242167,-5.37748435107669,-1.50309133935224,"CT",1,463
"Weekly",0.05,"SameTimestamp",1000,"Weekly","LogLik_ct",1404.71512076878,NA,NA,NA,"CT",1,463
"Weekly",0.05,"SameTimestamp",1000,"Weekly","AIC_ct",1408.71512076878,NA,NA,NA,"CT",1,463
"Weekly",0.05,"SameTimestamp",1000,"Weekly","BIC_ct",1418.53063132674,NA,NA,NA,"CT",1,463
"Weekly",0.05,"SameTimestamp",1000,"Weekly","error_var_dt",0.238553432557412,0.0106684308641782,0.217618353741541,0.259488511373284,"DT",1,463
"Weekly",0.05,"SameTimestamp",1000,"Weekly","beta_dt",0.0320556359328971,0.03161717939016,-0.0299879908099131,0.0940992626757074,"DT",1,463
"Weekly",0.05,"SameTimestamp",1000,"Weekly","LogLik_dt",1404.71512076872,NA,NA,NA,"DT",1,463
"Weekly",0.05,"SameTimestamp",1000,"Weekly","AIC_dt",1408.71512076872,NA,NA,NA,"DT",1,463
"Weekly",0.05,"SameTimestamp",1000,"Weekly","BIC_dt",1418.53063132668,NA,NA,NA,"DT",1,463
"Weekly",0.05,"SameTimestamp",1000,"Monthly","error_var_ct",9.34324106712307,43.2347746688387,-75.4980469162628,94.184529050509,"CT",1,463
"Weekly",0.05,"SameTimestamp",1000,"Monthly","beta_ct",-19.2201184403745,88.9396884485637,-193.749944919516,155.309708038767,"CT",1,463
"Weekly",0.05,"SameTimestamp",1000,"Monthly","LogLik_ct",1423.42647595884,NA,NA,NA,"CT",1,463
"Weekly",0.05,"SameTimestamp",1000,"Monthly","AIC_ct",1427.42647595884,NA,NA,NA,"CT",1,463
"Weekly",0.05,"SameTimestamp",1000,"Monthly","BIC_ct",1437.24198651681,NA,NA,NA,"CT",1,463
"Weekly",0.05,"SameTimestamp",1000,"Monthly","error_var_dt",0.243058877728131,0.0108699135513438,0.221728421561125,0.264389333895138,"DT",1,463
"Weekly",0.05,"SameTimestamp",1000,"Monthly","beta_dt",-0.000997198704805097,0.0316069640536438,-0.0630207794935458,0.0610263820839356,"DT",1,463
"Weekly",0.05,"SameTimestamp",1000,"Monthly","LogLik_dt",1423.42548062424,NA,NA,NA,"DT",1,463
"Weekly",0.05,"SameTimestamp",1000,"Monthly","AIC_dt",1427.42548062424,NA,NA,NA,"DT",1,463
"Weekly",0.05,"SameTimestamp",1000,"Monthly","BIC_dt",1437.2409911822,NA,NA,NA,"DT",1,463
"Weekly",0.05,"SameTimestamp",1000,"Daily","error_var_ct",0.201599003637043,0.0110080090331991,0.179997557309107,0.22320044996498,"CT",1,464
"Weekly",0.05,"SameTimestamp",1000,"Daily","beta_ct",-0.420397298245725,0.036342362662695,-0.491713336788298,-0.349081259703152,"CT",1,464
"Weekly",0.05,"SameTimestamp",1000,"Daily","LogLik_ct",845.443662407097,NA,NA,NA,"CT",1,464
"Weekly",0.05,"SameTimestamp",1000,"Daily","AIC_ct",849.443662407097,NA,NA,NA,"CT",1,464
"Weekly",0.05,"SameTimestamp",1000,"Daily","BIC_ct",859.259172965062,NA,NA,NA,"CT",1,464
"Weekly",0.05,"SameTimestamp",1000,"Daily","error_var_dt",0.136342124297636,0.00609804680102752,0.124375688743271,0.148308559852001,"DT",1,464
"Weekly",0.05,"SameTimestamp",1000,"Daily","beta_dt",0.656785836914115,0.0238693289874068,0.609946119809024,0.703625554019206,"DT",1,464
"Weekly",0.05,"SameTimestamp",1000,"Daily","LogLik_dt",845.443662407099,NA,NA,NA,"DT",1,464
"Weekly",0.05,"SameTimestamp",1000,"Daily","AIC_dt",849.443662407099,NA,NA,NA,"DT",1,464
"Weekly",0.05,"SameTimestamp",1000,"Daily","BIC_dt",859.259172965063,NA,NA,NA,"DT",1,464
"Weekly",0.05,"SameTimestamp",1000,"Weekly","error_var_ct",1.49555558191988,0.299445885763273,0.907941217693928,2.08316994614583,"CT",1,464
"Weekly",0.05,"SameTimestamp",1000,"Weekly","beta_ct",-2.90625986306509,0.57725522038904,-4.03903034164557,-1.77348938448462,"CT",1,464
"Weekly",0.05,"SameTimestamp",1000,"Weekly","LogLik_ct",1477.3663163308,NA,NA,NA,"CT",1,464
"Weekly",0.05,"SameTimestamp",1000,"Weekly","AIC_ct",1481.3663163308,NA,NA,NA,"CT",1,464
"Weekly",0.05,"SameTimestamp",1000,"Weekly","BIC_ct",1491.18182688877,NA,NA,NA,"CT",1,464
"Weekly",0.05,"SameTimestamp",1000,"Weekly","error_var_dt",0.256529712137269,0.0114723675981871,0.23401703684974,0.279042387424798,"DT",1,464
"Weekly",0.05,"SameTimestamp",1000,"Weekly","beta_dt",0.054679824439488,0.0315614276089279,-0.00725439840418479,0.116614047283161,"DT",1,464
"Weekly",0.05,"SameTimestamp",1000,"Weekly","LogLik_dt",1477.3663163308,NA,NA,NA,"DT",1,464
"Weekly",0.05,"SameTimestamp",1000,"Weekly","AIC_dt",1481.3663163308,NA,NA,NA,"DT",1,464
"Weekly",0.05,"SameTimestamp",1000,"Weekly","BIC_dt",1491.18182688876,NA,NA,NA,"DT",1,464
"Weekly",0.05,"SameTimestamp",1000,"Monthly","error_var_ct",2.10379065231676,1.03140849309718,0.079817458015897,4.12776384661763,"CT",1,464
"Weekly",0.05,"SameTimestamp",1000,"Monthly","beta_ct",-4.1749580874137,2.0424230005682,-8.18288456100741,-0.167031613819981,"CT",1,464
"Weekly",0.05,"SameTimestamp",1000,"Monthly","LogLik_ct",1459.1299032562,NA,NA,NA,"CT",1,464
"Weekly",0.05,"SameTimestamp",1000,"Monthly","AIC_ct",1463.1299032562,NA,NA,NA,"CT",1,464
"Weekly",0.05,"SameTimestamp",1000,"Monthly","BIC_ct",1472.94541381416,NA,NA,NA,"CT",1,464
"Weekly",0.05,"SameTimestamp",1000,"Monthly","error_var_dt",0.251893911452745,0.0112650638960557,0.229788036321508,0.273999786583982,"DT",1,464
"Weekly",0.05,"SameTimestamp",1000,"Monthly","beta_dt",0.015375732721241,0.0316041664608656,-0.0466423582418587,0.0773938236843407,"DT",1,464
"Weekly",0.05,"SameTimestamp",1000,"Monthly","LogLik_dt",1459.12990325621,NA,NA,NA,"DT",1,464
"Weekly",0.05,"SameTimestamp",1000,"Monthly","AIC_dt",1463.12990325621,NA,NA,NA,"DT",1,464
"Weekly",0.05,"SameTimestamp",1000,"Monthly","BIC_dt",1472.94541381417,NA,NA,NA,"DT",1,464
"Weekly",0.05,"SameTimestamp",1000,"Daily","error_var_ct",0.207218276958693,0.0112110206977388,0.185218452907567,0.22921810100982,"CT",1,465
"Weekly",0.05,"SameTimestamp",1000,"Daily","beta_ct",-0.40026801385282,0.0350503503665663,-0.469048686173791,-0.331487341531848,"CT",1,465
"Weekly",0.05,"SameTimestamp",1000,"Daily","LogLik_ct",890.440609605092,NA,NA,NA,"CT",1,465
"Weekly",0.05,"SameTimestamp",1000,"Daily","AIC_ct",894.440609605092,NA,NA,NA,"CT",1,465
"Weekly",0.05,"SameTimestamp",1000,"Daily","BIC_ct",904.256120163056,NA,NA,NA,"CT",1,465
"Weekly",0.05,"SameTimestamp",1000,"Daily","error_var_dt",0.1426032087343,0.00637843071147353,0.130086564874832,0.155119852593767,"DT",1,465
"Weekly",0.05,"SameTimestamp",1000,"Daily","beta_dt",0.670140342223805,0.0234888749239226,0.624047204995949,0.716233479451662,"DT",1,465
"Weekly",0.05,"SameTimestamp",1000,"Daily","LogLik_dt",890.440609605093,NA,NA,NA,"DT",1,465
"Weekly",0.05,"SameTimestamp",1000,"Daily","AIC_dt",894.440609605093,NA,NA,NA,"DT",1,465
"Weekly",0.05,"SameTimestamp",1000,"Daily","BIC_dt",904.256120163057,NA,NA,NA,"DT",1,465
"Weekly",0.05,"SameTimestamp",1000,"Weekly","error_var_ct",1.38211231763312,0.281932581972633,0.828864993869925,1.93535964139631,"CT",1,465
"Weekly",0.05,"SameTimestamp",1000,"Weekly","beta_ct",-2.93346663817771,0.593695910550666,-4.0984993255781,-1.76843395077732,"CT",1,465
"Weekly",0.05,"SameTimestamp",1000,"Weekly","LogLik_ct",1389.32300945381,NA,NA,NA,"CT",1,465
"Weekly",0.05,"SameTimestamp",1000,"Weekly","AIC_ct",1393.32300945381,NA,NA,NA,"CT",1,465
"Weekly",0.05,"SameTimestamp",1000,"Weekly","BIC_ct",1403.13852001177,NA,NA,NA,"CT",1,465
"Weekly",0.05,"SameTimestamp",1000,"Weekly","error_var_dt",0.234909512993785,0.0105054738693538,0.214294211057351,0.255524814930218,"DT",1,465
"Weekly",0.05,"SameTimestamp",1000,"Weekly","beta_dt",0.0532121868976507,0.0315744613724459,-0.00874761260954377,0.115171986404845,"DT",1,465
"Weekly",0.05,"SameTimestamp",1000,"Weekly","LogLik_dt",1389.32300945377,NA,NA,NA,"DT",1,465
"Weekly",0.05,"SameTimestamp",1000,"Weekly","AIC_dt",1393.32300945377,NA,NA,NA,"DT",1,465
"Weekly",0.05,"SameTimestamp",1000,"Weekly","BIC_dt",1403.13852001174,NA,NA,NA,"DT",1,465
"Weekly",0.05,"SameTimestamp",1000,"Monthly","error_var_ct",9.59150592372424,38.5729589182552,-66.1017188246794,85.2847306721279,"CT",1,465
"Weekly",0.05,"SameTimestamp",1000,"Monthly","beta_ct",-19.3206604798182,77.6995244682405,-171.793473905474,133.152152945838,"CT",1,465
"Weekly",0.05,"SameTimestamp",1000,"Monthly","LogLik_ct",1444.43430771041,NA,NA,NA,"CT",1,465
"Weekly",0.05,"SameTimestamp",1000,"Monthly","AIC_ct",1448.43430771041,NA,NA,NA,"CT",1,465
"Weekly",0.05,"SameTimestamp",1000,"Monthly","BIC_ct",1458.24981826838,NA,NA,NA,"CT",1,465
"Weekly",0.05,"SameTimestamp",1000,"Monthly","error_var_dt",0.24813450514265,0.0110969123727954,0.226358600317007,0.269910409968292,"DT",1,465
"Weekly",0.05,"SameTimestamp",1000,"Monthly","beta_dt",-0.0184743428919004,0.0316084086709046,-0.0805007585095488,0.043552072725748,"DT",1,465
"Weekly",0.05,"SameTimestamp",1000,"Monthly","LogLik_dt",1444.09275702026,NA,NA,NA,"DT",1,465
"Weekly",0.05,"SameTimestamp",1000,"Monthly","AIC_dt",1448.09275702026,NA,NA,NA,"DT",1,465
"Weekly",0.05,"SameTimestamp",1000,"Monthly","BIC_dt",1457.90826757823,NA,NA,NA,"DT",1,465
"Weekly",0.05,"SameTimestamp",1000,"Daily","error_var_ct",0.204120714236508,0.0113472143500039,0.181853632058981,0.226387796414035,"CT",1,466
"Weekly",0.05,"SameTimestamp",1000,"Daily","beta_ct",-0.460626779299585,0.0388888472820182,-0.536939884129379,-0.384313674469791,"CT",1,466
"Weekly",0.05,"SameTimestamp",1000,"Daily","LogLik_ct",823.452772293683,NA,NA,NA,"CT",1,466
"Weekly",0.05,"SameTimestamp",1000,"Daily","AIC_ct",827.452772293683,NA,NA,NA,"CT",1,466
"Weekly",0.05,"SameTimestamp",1000,"Daily","BIC_ct",837.268282851647,NA,NA,NA,"CT",1,466
"Weekly",0.05,"SameTimestamp",1000,"Daily","error_var_dt",0.133379815801608,0.00596547337344157,0.121673534265274,0.145086097337942,"DT",1,466
"Weekly",0.05,"SameTimestamp",1000,"Daily","beta_dt",0.630888088024289,0.0245348147310243,0.582742462236764,0.679033713811813,"DT",1,466
"Weekly",0.05,"SameTimestamp",1000,"Daily","LogLik_dt",823.452772293685,NA,NA,NA,"DT",1,466
"Weekly",0.05,"SameTimestamp",1000,"Daily","AIC_dt",827.452772293685,NA,NA,NA,"DT",1,466
"Weekly",0.05,"SameTimestamp",1000,"Daily","BIC_dt",837.268282851649,NA,NA,NA,"DT",1,466
"Weekly",0.05,"SameTimestamp",1000,"Weekly","error_var_ct",1.64486904811483,0.409680664455422,0.840936669595024,2.44880142663463,"CT",1,466
"Weekly",0.05,"SameTimestamp",1000,"Weekly","beta_ct",-3.23289981652431,0.800199601565367,-4.80316276713775,-1.66263686591087,"CT",1,466
"Weekly",0.05,"SameTimestamp",1000,"Weekly","LogLik_ct",1467.45412965877,NA,NA,NA,"CT",1,466
"Weekly",0.05,"SameTimestamp",1000,"Weekly","AIC_ct",1471.45412965877,NA,NA,NA,"CT",1,466
"Weekly",0.05,"SameTimestamp",1000,"Weekly","BIC_ct",1481.26964021673,NA,NA,NA,"CT",1,466
"Weekly",0.05,"SameTimestamp",1000,"Weekly","error_var_dt",0.253999538291561,0.0113591940602391,0.231708947860462,0.276290128722659,"DT",1,466
"Weekly",0.05,"SameTimestamp",1000,"Weekly","beta_dt",0.0394429395728952,0.0315829164968883,-0.0225334517554257,0.101419330901216,"DT",1,466
"Weekly",0.05,"SameTimestamp",1000,"Weekly","LogLik_dt",1467.45412965877,NA,NA,NA,"DT",1,466
"Weekly",0.05,"SameTimestamp",1000,"Weekly","AIC_dt",1471.45412965877,NA,NA,NA,"DT",1,466
"Weekly",0.05,"SameTimestamp",1000,"Weekly","BIC_dt",1481.26964021673,NA,NA,NA,"DT",1,466
"Weekly",0.05,"SameTimestamp",1000,"Monthly","error_var_ct",11.8284045794186,80.1022053954807,-145.359283528517,169.016092687354,"CT",1,466
"Weekly",0.05,"SameTimestamp",1000,"Monthly","beta_ct",-23.6292555238918,160.01947456582,-337.641724157707,290.383213109924,"CT",1,466
"Weekly",0.05,"SameTimestamp",1000,"Monthly","LogLik_ct",1452.74666908577,NA,NA,NA,"CT",1,466
"Weekly",0.05,"SameTimestamp",1000,"Monthly","AIC_ct",1456.74666908577,NA,NA,NA,"CT",1,466
"Weekly",0.05,"SameTimestamp",1000,"Monthly","BIC_ct",1466.56217964373,NA,NA,NA,"CT",1,466
"Weekly",0.05,"SameTimestamp",1000,"Monthly","error_var_dt",0.250243234833382,0.0111912083726262,0.228282289282106,0.272204180384658,"DT",1,466
"Weekly",0.05,"SameTimestamp",1000,"Monthly","beta_dt",-0.0138330005722996,0.0316051730985571,-0.0758530668998816,0.0481870657552825,"DT",1,466
"Weekly",0.05,"SameTimestamp",1000,"Monthly","LogLik_dt",1452.55512333171,NA,NA,NA,"DT",1,466
"Weekly",0.05,"SameTimestamp",1000,"Monthly","AIC_dt",1456.55512333171,NA,NA,NA,"DT",1,466
"Weekly",0.05,"SameTimestamp",1000,"Monthly","BIC_dt",1466.37063388967,NA,NA,NA,"DT",1,466
"Weekly",0.05,"SameTimestamp",1000,"Daily","error_var_ct",0.22907776268938,0.0125643463345354,0.204422254852083,0.253733270526677,"CT",1,467
"Weekly",0.05,"SameTimestamp",1000,"Daily","beta_ct",-0.430952831787652,0.0369716426711733,-0.503503731083644,-0.358401932491659,"CT",1,467
"Weekly",0.05,"SameTimestamp",1000,"Daily","LogLik_ct",964.309689172439,NA,NA,NA,"CT",1,467
"Weekly",0.05,"SameTimestamp",1000,"Daily","AIC_ct",968.309689172439,NA,NA,NA,"CT",1,467
"Weekly",0.05,"SameTimestamp",1000,"Daily","BIC_ct",978.125199730403,NA,NA,NA,"CT",1,467
"Weekly",0.05,"SameTimestamp",1000,"Daily","error_var_dt",0.153526413813454,0.00686728903887445,0.140050464153139,0.167002363473768,"DT",1,467
"Weekly",0.05,"SameTimestamp",1000,"Daily","beta_dt",0.64988954384408,0.024027460432179,0.602739519225005,0.697039568463155,"DT",1,467
"Weekly",0.05,"SameTimestamp",1000,"Daily","LogLik_dt",964.309689172436,NA,NA,NA,"DT",1,467
"Weekly",0.05,"SameTimestamp",1000,"Daily","AIC_dt",968.309689172436,NA,NA,NA,"DT",1,467
"Weekly",0.05,"SameTimestamp",1000,"Daily","BIC_dt",978.1251997304,NA,NA,NA,"DT",1,467
"Weekly",0.05,"SameTimestamp",1000,"Weekly","error_var_ct",1.52228102430618,0.363581561826655,0.808810716465837,2.23575133214653,"CT",1,467
"Weekly",0.05,"SameTimestamp",1000,"Weekly","beta_ct",-3.16729188580538,0.751489329975628,-4.64196876684061,-1.69261500477016,"CT",1,467
"Weekly",0.05,"SameTimestamp",1000,"Weekly","LogLik_ct",1410.28816773098,NA,NA,NA,"CT",1,467
"Weekly",0.05,"SameTimestamp",1000,"Weekly","AIC_ct",1414.28816773098,NA,NA,NA,"CT",1,467
"Weekly",0.05,"SameTimestamp",1000,"Weekly","BIC_ct",1424.10367828895,NA,NA,NA,"CT",1,467
"Weekly",0.05,"SameTimestamp",1000,"Weekly","error_var_dt",0.239886383226097,0.0107280397944926,0.218834331476704,0.260938434975491,"DT",1,467
"Weekly",0.05,"SameTimestamp",1000,"Weekly","beta_dt",0.0421176239567547,0.0315871984275234,-0.019867169971393,0.104102417884902,"DT",1,467
"Weekly",0.05,"SameTimestamp",1000,"Weekly","LogLik_dt",1410.28816773095,NA,NA,NA,"DT",1,467
"Weekly",0.05,"SameTimestamp",1000,"Weekly","AIC_dt",1414.28816773095,NA,NA,NA,"DT",1,467
"Weekly",0.05,"SameTimestamp",1000,"Weekly","BIC_dt",1424.10367828891,NA,NA,NA,"DT",1,467
"Weekly",0.05,"SameTimestamp",1000,"Monthly","error_var_ct",4.92444806559739,24.6420230082824,-43.4315567141787,53.2804528453735,"CT",1,467
"Weekly",0.05,"SameTimestamp",1000,"Monthly","beta_ct",-9.99232527234052,50.0017243802466,-108.112663132409,88.1280125877279,"CT",1,467
"Weekly",0.05,"SameTimestamp",1000,"Monthly","LogLik_ct",1437.12465052217,NA,NA,NA,"CT",1,467
"Weekly",0.05,"SameTimestamp",1000,"Monthly","AIC_ct",1441.12465052217,NA,NA,NA,"CT",1,467
"Weekly",0.05,"SameTimestamp",1000,"Monthly","BIC_ct",1450.94016108013,NA,NA,NA,"CT",1,467
"Weekly",0.05,"SameTimestamp",1000,"Monthly","error_var_dt",0.2464114926273,0.011019842265986,0.224786825484213,0.268036159770387,"DT",1,467
"Weekly",0.05,"SameTimestamp",1000,"Monthly","beta_dt",4.54991216110434e-05,0.0316200435358089,-0.0620037480461393,0.0620947462893614,"DT",1,467
"Weekly",0.05,"SameTimestamp",1000,"Monthly","LogLik_dt",1437.1246505221,NA,NA,NA,"DT",1,467
"Weekly",0.05,"SameTimestamp",1000,"Monthly","AIC_dt",1441.1246505221,NA,NA,NA,"DT",1,467
"Weekly",0.05,"SameTimestamp",1000,"Monthly","BIC_dt",1450.94016108007,NA,NA,NA,"DT",1,467
"Weekly",0.05,"SameTimestamp",1000,"Daily","error_var_ct",0.198224623410834,0.0107224157083731,0.177183608025426,0.219265638796241,"CT",1,468
"Weekly",0.05,"SameTimestamp",1000,"Daily","beta_ct",-0.400518990874372,0.0350298348798861,-0.469259404854069,-0.331778576894675,"CT",1,468
"Weekly",0.05,"SameTimestamp",1000,"Daily","LogLik_ct",845.893461251441,NA,NA,NA,"CT",1,468
"Weekly",0.05,"SameTimestamp",1000,"Daily","AIC_ct",849.893461251441,NA,NA,NA,"CT",1,468
"Weekly",0.05,"SameTimestamp",1000,"Daily","BIC_ct",859.708971809405,NA,NA,NA,"CT",1,468
"Weekly",0.05,"SameTimestamp",1000,"Daily","error_var_dt",0.136384250813407,0.00610040141943189,0.124413194699327,0.148355306927487,"DT",1,468
"Weekly",0.05,"SameTimestamp",1000,"Daily","beta_dt",0.66997225672028,0.023468836533921,0.623918441608241,0.71602607183232,"DT",1,468
"Weekly",0.05,"SameTimestamp",1000,"Daily","LogLik_dt",845.89346125144,NA,NA,NA,"DT",1,468
"Weekly",0.05,"SameTimestamp",1000,"Daily","AIC_dt",849.89346125144,NA,NA,NA,"DT",1,468
"Weekly",0.05,"SameTimestamp",1000,"Daily","BIC_dt",859.708971809405,NA,NA,NA,"DT",1,468
"Weekly",0.05,"SameTimestamp",1000,"Weekly","error_var_ct",9.39955517217152,53.9322859837254,-96.4338773319992,115.232987676342,"CT",1,468
"Weekly",0.05,"SameTimestamp",1000,"Weekly","beta_ct",-18.8933999675965,108.406096042417,-231.622918831451,193.836118896259,"CT",1,468
"Weekly",0.05,"SameTimestamp",1000,"Weekly","LogLik_ct",1446.57856487434,NA,NA,NA,"CT",1,468
"Weekly",0.05,"SameTimestamp",1000,"Weekly","AIC_ct",1450.57856487434,NA,NA,NA,"CT",1,468
"Weekly",0.05,"SameTimestamp",1000,"Weekly","BIC_ct",1460.3940754323,NA,NA,NA,"CT",1,468
"Weekly",0.05,"SameTimestamp",1000,"Weekly","error_var_dt",0.248751195028721,0.011124485835559,0.226921181719504,0.270581208337938,"DT",1,468
"Weekly",0.05,"SameTimestamp",1000,"Weekly","beta_dt",-0.00189564208585182,0.0316122978800832,-0.063929689650665,0.0601384054789613,"DT",1,468
"Weekly",0.05,"SameTimestamp",1000,"Weekly","LogLik_dt",1446.57496914148,NA,NA,NA,"DT",1,468
"Weekly",0.05,"SameTimestamp",1000,"Weekly","AIC_dt",1450.57496914148,NA,NA,NA,"DT",1,468
"Weekly",0.05,"SameTimestamp",1000,"Weekly","BIC_dt",1460.39047969945,NA,NA,NA,"DT",1,468
"Weekly",0.05,"SameTimestamp",1000,"Monthly","error_var_ct",1.90202086986059,0.841467560170494,0.250776191290385,3.5532655484308,"CT",1,468
"Weekly",0.05,"SameTimestamp",1000,"Monthly","beta_ct",-4.03626143218931,1.78109000645894,-7.53136395833304,-0.541158906045582,"CT",1,468
"Weekly",0.05,"SameTimestamp",1000,"Monthly","LogLik_ct",1392.01603253008,NA,NA,NA,"CT",1,468
"Weekly",0.05,"SameTimestamp",1000,"Monthly","AIC_ct",1396.01603253008,NA,NA,NA,"CT",1,468
"Weekly",0.05,"SameTimestamp",1000,"Monthly","BIC_ct",1405.83154308804,NA,NA,NA,"CT",1,468
"Weekly",0.05,"SameTimestamp",1000,"Monthly","error_var_dt",0.235543152754743,0.0105338136851075,0.214872238490313,0.256214067019174,"DT",1,468
"Weekly",0.05,"SameTimestamp",1000,"Monthly","beta_dt",0.0176633662871239,0.0316173152440538,-0.0443805270470915,0.0797072596213392,"DT",1,468
"Weekly",0.05,"SameTimestamp",1000,"Monthly","LogLik_dt",1392.01603253008,NA,NA,NA,"DT",1,468
"Weekly",0.05,"SameTimestamp",1000,"Monthly","AIC_dt",1396.01603253008,NA,NA,NA,"DT",1,468
"Weekly",0.05,"SameTimestamp",1000,"Monthly","BIC_dt",1405.83154308805,NA,NA,NA,"DT",1,468
"Weekly",0.05,"SameTimestamp",1000,"Daily","error_var_ct",0.209634587734045,0.0111833260741483,0.187689109925118,0.231580065542971,"CT",1,469
"Weekly",0.05,"SameTimestamp",1000,"Daily","beta_ct",-0.370149238911656,0.0330991857637461,-0.435101064679388,-0.305197413143924,"CT",1,469
"Weekly",0.05,"SameTimestamp",1000,"Daily","LogLik_ct",928.472118919037,NA,NA,NA,"CT",1,469
"Weekly",0.05,"SameTimestamp",1000,"Daily","AIC_ct",932.472118919037,NA,NA,NA,"CT",1,469
"Weekly",0.05,"SameTimestamp",1000,"Daily","BIC_ct",942.287629477001,NA,NA,NA,"CT",1,469
"Weekly",0.05,"SameTimestamp",1000,"Daily","error_var_dt",0.148108986599209,0.00662523965474747,0.135108019904857,0.16110995329356,"DT",1,469
"Weekly",0.05,"SameTimestamp",1000,"Daily","beta_dt",0.690631243146399,0.0228593308924148,0.645773484774671,0.735489001518127,"DT",1,469
"Weekly",0.05,"SameTimestamp",1000,"Daily","LogLik_dt",928.472118919037,NA,NA,NA,"DT",1,469
"Weekly",0.05,"SameTimestamp",1000,"Daily","AIC_dt",932.472118919037,NA,NA,NA,"DT",1,469
"Weekly",0.05,"SameTimestamp",1000,"Daily","BIC_dt",942.287629477001,NA,NA,NA,"DT",1,469
"Weekly",0.05,"SameTimestamp",1000,"Weekly","error_var_ct",1.96357912376575,0.971408802156425,0.0573456678354343,3.86981257969608,"CT",1,469
"Weekly",0.05,"SameTimestamp",1000,"Weekly","beta_ct",-4.17011433290799,2.05859476462089,-8.2097752911082,-0.130453374707769,"CT",1,469
"Weekly",0.05,"SameTimestamp",1000,"Weekly","LogLik_ct",1391.31682864738,NA,NA,NA,"CT",1,469
"Weekly",0.05,"SameTimestamp",1000,"Weekly","AIC_ct",1395.31682864738,NA,NA,NA,"CT",1,469
"Weekly",0.05,"SameTimestamp",1000,"Weekly","BIC_ct",1405.13233920534,NA,NA,NA,"CT",1,469
"Weekly",0.05,"SameTimestamp",1000,"Weekly","error_var_dt",0.23537850526222,0.0105264587036956,0.214722023965252,0.256034986559187,"DT",1,469
"Weekly",0.05,"SameTimestamp",1000,"Weekly","beta_dt",0.0154504562501374,0.0316162330600918,-0.0465913134721966,0.0774922259724714,"DT",1,469
"Weekly",0.05,"SameTimestamp",1000,"Weekly","LogLik_dt",1391.31682864737,NA,NA,NA,"DT",1,469
"Weekly",0.05,"SameTimestamp",1000,"Weekly","AIC_dt",1395.31682864737,NA,NA,NA,"DT",1,469
"Weekly",0.05,"SameTimestamp",1000,"Weekly","BIC_dt",1405.13233920534,NA,NA,NA,"DT",1,469
"Weekly",0.05,"SameTimestamp",1000,"Monthly","error_var_ct",9.86174404784548,105.932924734924,-198.014574105738,217.738062201429,"CT",1,469
"Weekly",0.05,"SameTimestamp",1000,"Monthly","beta_ct",-21.1228967060224,226.893608164844,-466.365091197609,424.119297785564,"CT",1,469
"Weekly",0.05,"SameTimestamp",1000,"Monthly","LogLik_ct",1383.0337707724,NA,NA,NA,"CT",1,469
"Weekly",0.05,"SameTimestamp",1000,"Monthly","AIC_ct",1387.0337707724,NA,NA,NA,"CT",1,469
"Weekly",0.05,"SameTimestamp",1000,"Monthly","BIC_ct",1396.84928133037,NA,NA,NA,"CT",1,469
"Weekly",0.05,"SameTimestamp",1000,"Monthly","error_var_dt",0.233436671333496,0.010439613712451,0.212950609356822,0.25392273331017,"DT",1,469
"Weekly",0.05,"SameTimestamp",1000,"Monthly","beta_dt",-0.00107674097535432,0.0316174519773461,-0.0631209026266527,0.060967420675944,"DT",1,469
"Weekly",0.05,"SameTimestamp",1000,"Monthly","LogLik_dt",1383.03261104643,NA,NA,NA,"DT",1,469
"Weekly",0.05,"SameTimestamp",1000,"Monthly","AIC_dt",1387.03261104643,NA,NA,NA,"DT",1,469
"Weekly",0.05,"SameTimestamp",1000,"Monthly","BIC_dt",1396.84812160439,NA,NA,NA,"DT",1,469
"Weekly",0.05,"SameTimestamp",1000,"Daily","error_var_ct",0.198766147018306,0.0108725932542386,0.177430432365584,0.220101861671028,"CT",1,470
"Weekly",0.05,"SameTimestamp",1000,"Daily","beta_ct",-0.424153588856468,0.0365892069357973,-0.495954019563027,-0.352353158149908,"CT",1,470
"Weekly",0.05,"SameTimestamp",1000,"Daily","LogLik_ct",828.057118068882,NA,NA,NA,"CT",1,470
"Weekly",0.05,"SameTimestamp",1000,"Daily","AIC_ct",832.057118068882,NA,NA,NA,"CT",1,470
"Weekly",0.05,"SameTimestamp",1000,"Daily","BIC_ct",841.872628626847,NA,NA,NA,"CT",1,470
"Weekly",0.05,"SameTimestamp",1000,"Daily","error_var_dt",0.133992255197296,0.00599294057080323,0.122232073706138,0.145752436688453,"DT",1,470
"Weekly",0.05,"SameTimestamp",1000,"Daily","beta_dt",0.654323379398844,0.0239413255753291,0.607342380575587,0.701304378222101,"DT",1,470
"Weekly",0.05,"SameTimestamp",1000,"Daily","LogLik_dt",828.057118068882,NA,NA,NA,"DT",1,470
"Weekly",0.05,"SameTimestamp",1000,"Daily","AIC_dt",832.057118068882,NA,NA,NA,"DT",1,470
"Weekly",0.05,"SameTimestamp",1000,"Daily","BIC_dt",841.872628626847,NA,NA,NA,"DT",1,470
"Weekly",0.05,"SameTimestamp",1000,"Weekly","error_var_ct",1.39763789333542,0.278424843015729,0.851273942812696,1.94400184385814,"CT",1,470
"Weekly",0.05,"SameTimestamp",1000,"Weekly","beta_ct",-2.89776436742825,0.57265126751913,-4.02150032936582,-1.77402840549068,"CT",1,470
"Weekly",0.05,"SameTimestamp",1000,"Weekly","LogLik_ct",1412.52856214652,NA,NA,NA,"CT",1,470
"Weekly",0.05,"SameTimestamp",1000,"Weekly","AIC_ct",1416.52856214652,NA,NA,NA,"CT",1,470
"Weekly",0.05,"SameTimestamp",1000,"Weekly","BIC_ct",1426.34407270448,NA,NA,NA,"CT",1,470
"Weekly",0.05,"SameTimestamp",1000,"Weekly","error_var_dt",0.240424641284067,0.0107521245207514,0.219325327135085,0.261523955433049,"DT",1,470
"Weekly",0.05,"SameTimestamp",1000,"Weekly","beta_dt",0.0551465137183898,0.0315782213784998,-0.00682066419562839,0.117113691632408,"DT",1,470
"Weekly",0.05,"SameTimestamp",1000,"Weekly","LogLik_dt",1412.52856214645,NA,NA,NA,"DT",1,470
"Weekly",0.05,"SameTimestamp",1000,"Weekly","AIC_dt",1416.52856214645,NA,NA,NA,"DT",1,470
"Weekly",0.05,"SameTimestamp",1000,"Weekly","BIC_dt",1426.34407270442,NA,NA,NA,"DT",1,470
"Weekly",0.05,"SameTimestamp",1000,"Monthly","error_var_ct",10.9097491601282,111.767494632727,-208.415973523727,230.235471843984,"CT",1,470
"Weekly",0.05,"SameTimestamp",1000,"Monthly","beta_ct",-20.9712124473721,214.850903718107,-442.581537364285,400.639112469541,"CT",1,470
"Weekly",0.05,"SameTimestamp",1000,"Monthly","LogLik_ct",1491.23611032295,NA,NA,NA,"CT",1,470
"Weekly",0.05,"SameTimestamp",1000,"Monthly","AIC_ct",1495.23611032295,NA,NA,NA,"CT",1,470
"Weekly",0.05,"SameTimestamp",1000,"Monthly","BIC_ct",1505.05162088091,NA,NA,NA,"CT",1,470
"Weekly",0.05,"SameTimestamp",1000,"Monthly","error_var_dt",0.26000129987483,0.0116276356411001,0.237183936038689,0.282818663710971,"DT",1,470
"Weekly",0.05,"SameTimestamp",1000,"Monthly","beta_dt",-0.0206691241619395,0.0316020379577553,-0.0826830382802024,0.0413447899563233,"DT",1,470
"Weekly",0.05,"SameTimestamp",1000,"Monthly","LogLik_dt",1490.80842631204,NA,NA,NA,"DT",1,470
"Weekly",0.05,"SameTimestamp",1000,"Monthly","AIC_dt",1494.80842631204,NA,NA,NA,"DT",1,470
"Weekly",0.05,"SameTimestamp",1000,"Monthly","BIC_dt",1504.62393687,NA,NA,NA,"DT",1,470
"Weekly",0.05,"SameTimestamp",1000,"Daily","error_var_ct",0.203297242847854,0.0110347299766385,0.18164336096833,0.224951124727379,"CT",1,471
"Weekly",0.05,"SameTimestamp",1000,"Daily","beta_ct",-0.408074078462443,0.0355092521167803,-0.477755271622118,-0.338392885302767,"CT",1,471
"Weekly",0.05,"SameTimestamp",1000,"Daily","LogLik_ct",864.641218493566,NA,NA,NA,"CT",1,471
"Weekly",0.05,"SameTimestamp",1000,"Daily","AIC_ct",868.641218493566,NA,NA,NA,"CT",1,471
"Weekly",0.05,"SameTimestamp",1000,"Daily","BIC_ct",878.45672905153,NA,NA,NA,"CT",1,471
"Weekly",0.05,"SameTimestamp",1000,"Daily","error_var_dt",0.138961478586971,0.00621578251620906,0.126764005637496,0.151158951536445,"DT",1,471
"Weekly",0.05,"SameTimestamp",1000,"Daily","beta_dt",0.664929591408582,0.0236112237358785,0.618596364325532,0.711262818491633,"DT",1,471
"Weekly",0.05,"SameTimestamp",1000,"Daily","LogLik_dt",864.641218493564,NA,NA,NA,"DT",1,471
"Weekly",0.05,"SameTimestamp",1000,"Daily","AIC_dt",868.641218493564,NA,NA,NA,"DT",1,471
"Weekly",0.05,"SameTimestamp",1000,"Daily","BIC_dt",878.456729051528,NA,NA,NA,"DT",1,471
"Weekly",0.05,"SameTimestamp",1000,"Weekly","error_var_ct",1.36552721867687,0.234917510674577,0.904539406709689,1.82651503064404,"CT",1,471
"Weekly",0.05,"SameTimestamp",1000,"Weekly","beta_ct",-2.67016646246618,0.455304667020095,-3.56362860424236,-1.77670432068999,"CT",1,471
"Weekly",0.05,"SameTimestamp",1000,"Weekly","LogLik_ct",1469.3257337583,NA,NA,NA,"CT",1,471
"Weekly",0.05,"SameTimestamp",1000,"Weekly","AIC_ct",1473.3257337583,NA,NA,NA,"CT",1,471
"Weekly",0.05,"SameTimestamp",1000,"Weekly","BIC_ct",1483.14124431627,NA,NA,NA,"CT",1,471
"Weekly",0.05,"SameTimestamp",1000,"Weekly","error_var_dt",0.254474880988696,0.0113804718958859,0.232142536229153,0.27680722574824,"DT",1,471
"Weekly",0.05,"SameTimestamp",1000,"Weekly","beta_dt",0.0692407468192753,0.0315446311511105,0.00733948432119702,0.131142009317354,"DT",1,471
"Weekly",0.05,"SameTimestamp",1000,"Weekly","LogLik_dt",1469.3257337583,NA,NA,NA,"DT",1,471
"Weekly",0.05,"SameTimestamp",1000,"Weekly","AIC_dt",1473.3257337583,NA,NA,NA,"DT",1,471
"Weekly",0.05,"SameTimestamp",1000,"Weekly","BIC_dt",1483.14124431627,NA,NA,NA,"DT",1,471
"Weekly",0.05,"SameTimestamp",1000,"Monthly","error_var_ct",9.87983676341941,47.7613523375001,-83.8441314815768,103.603805008416,"CT",1,471
"Weekly",0.05,"SameTimestamp",1000,"Monthly","beta_ct",-19.0105722491328,91.9027166165364,-199.354864699877,161.333720201611,"CT",1,471
"Weekly",0.05,"SameTimestamp",1000,"Monthly","LogLik_ct",1490.23338139614,NA,NA,NA,"CT",1,471
"Weekly",0.05,"SameTimestamp",1000,"Monthly","AIC_ct",1494.23338139614,NA,NA,NA,"CT",1,471
"Weekly",0.05,"SameTimestamp",1000,"Monthly","BIC_ct",1504.0488919541,NA,NA,NA,"CT",1,471
"Weekly",0.05,"SameTimestamp",1000,"Monthly","error_var_dt",0.259658296489686,0.0116122710536868,0.236871083183887,0.282445509795485,"DT",1,471
"Weekly",0.05,"SameTimestamp",1000,"Monthly","beta_dt",-0.0272980586326393,0.0316250544347769,-0.0893571388832645,0.0347610216179859,"DT",1,471
"Weekly",0.05,"SameTimestamp",1000,"Monthly","LogLik_dt",1489.48859050075,NA,NA,NA,"DT",1,471
"Weekly",0.05,"SameTimestamp",1000,"Monthly","AIC_dt",1493.48859050075,NA,NA,NA,"DT",1,471
"Weekly",0.05,"SameTimestamp",1000,"Monthly","BIC_dt",1503.30410105871,NA,NA,NA,"DT",1,471
"Weekly",0.05,"SameTimestamp",1000,"Daily","error_var_ct",0.205279821393656,0.0112658807498833,0.18317234331823,0.227387299469082,"CT",1,472
"Weekly",0.05,"SameTimestamp",1000,"Daily","beta_ct",-0.432377084107111,0.0370630380406493,-0.505107332108432,-0.359646836105789,"CT",1,472
"Weekly",0.05,"SameTimestamp",1000,"Daily","LogLik_ct",853.29453445402,NA,NA,NA,"CT",1,472
"Weekly",0.05,"SameTimestamp",1000,"Daily","AIC_ct",857.29453445402,NA,NA,NA,"CT",1,472
"Weekly",0.05,"SameTimestamp",1000,"Daily","BIC_ct",867.110045011984,NA,NA,NA,"CT",1,472
"Weekly",0.05,"SameTimestamp",1000,"Daily","error_var_dt",0.137409232245073,0.00614596815539397,0.125348758744229,0.149469705745917,"DT",1,472
"Weekly",0.05,"SameTimestamp",1000,"Daily","beta_dt",0.64896461150203,0.024052782218614,0.601764896951838,0.696164326052223,"DT",1,472
"Weekly",0.05,"SameTimestamp",1000,"Daily","LogLik_dt",853.29453445404,NA,NA,NA,"DT",1,472
"Weekly",0.05,"SameTimestamp",1000,"Daily","AIC_dt",857.29453445404,NA,NA,NA,"DT",1,472
"Weekly",0.05,"SameTimestamp",1000,"Daily","BIC_dt",867.110045012004,NA,NA,NA,"DT",1,472
"Weekly",0.05,"SameTimestamp",1000,"Weekly","error_var_ct",1.16457836142813,0.163524873913588,0.843687110660289,1.48546961219598,"CT",1,472
"Weekly",0.05,"SameTimestamp",1000,"Weekly","beta_ct",-2.33607456492147,0.325284944589739,-2.97439392409437,-1.69775520574857,"CT",1,472
"Weekly",0.05,"SameTimestamp",1000,"Weekly","LogLik_ct",1439.22244737148,NA,NA,NA,"CT",1,472
"Weekly",0.05,"SameTimestamp",1000,"Weekly","AIC_ct",1443.22244737148,NA,NA,NA,"CT",1,472
"Weekly",0.05,"SameTimestamp",1000,"Weekly","BIC_ct",1453.03795792944,NA,NA,NA,"CT",1,472
"Weekly",0.05,"SameTimestamp",1000,"Weekly","error_var_dt",0.246928559040011,0.0110429871361859,0.22525847381361,0.268598644266411,"DT",1,472
"Weekly",0.05,"SameTimestamp",1000,"Weekly","beta_dt",0.0967067541713542,0.0314620958401001,0.0349674539396198,0.158446054403089,"DT",1,472
"Weekly",0.05,"SameTimestamp",1000,"Weekly","LogLik_dt",1439.22244737142,NA,NA,NA,"DT",1,472
"Weekly",0.05,"SameTimestamp",1000,"Weekly","AIC_dt",1443.22244737142,NA,NA,NA,"DT",1,472
"Weekly",0.05,"SameTimestamp",1000,"Weekly","BIC_dt",1453.03795792939,NA,NA,NA,"DT",1,472
"Weekly",0.05,"SameTimestamp",1000,"Monthly","error_var_ct",8.97700895748377,91.807073113508,-171.17959850944,189.133616424408,"CT",1,472
"Weekly",0.05,"SameTimestamp",1000,"Monthly","beta_ct",-17.1840141642977,175.73846286449,-362.042467847646,327.674439519051,"CT",1,472
"Weekly",0.05,"SameTimestamp",1000,"Monthly","LogLik_ct",1495.42181938996,NA,NA,NA,"CT",1,472
"Weekly",0.05,"SameTimestamp",1000,"Monthly","AIC_ct",1499.42181938996,NA,NA,NA,"CT",1,472
"Weekly",0.05,"SameTimestamp",1000,"Monthly","BIC_ct",1509.23732994792,NA,NA,NA,"CT",1,472
"Weekly",0.05,"SameTimestamp",1000,"Monthly","error_var_dt",0.26115190089162,0.0116790686057857,0.238233608138834,0.284070193644406,"DT",1,472
"Weekly",0.05,"SameTimestamp",1000,"Monthly","beta_dt",-0.014065515592282,0.0316264047721652,-0.0761272456627365,0.0479962144781725,"DT",1,472
"Weekly",0.05,"SameTimestamp",1000,"Monthly","LogLik_dt",1495.22405054922,NA,NA,NA,"DT",1,472
"Weekly",0.05,"SameTimestamp",1000,"Monthly","AIC_dt",1499.22405054922,NA,NA,NA,"DT",1,472
"Weekly",0.05,"SameTimestamp",1000,"Monthly","BIC_dt",1509.03956110718,NA,NA,NA,"DT",1,472
"Weekly",0.05,"SameTimestamp",1000,"Daily","error_var_ct",0.208617817089821,0.0113368408499931,0.186371091236771,0.230864542942872,"CT",1,473
"Weekly",0.05,"SameTimestamp",1000,"Daily","beta_ct",-0.410678408662834,0.0356836632375982,-0.480701855581022,-0.340654961744646,"CT",1,473
"Weekly",0.05,"SameTimestamp",1000,"Daily","LogLik_ct",888.04045669284,NA,NA,NA,"CT",1,473
"Weekly",0.05,"SameTimestamp",1000,"Daily","AIC_ct",892.04045669284,NA,NA,NA,"CT",1,473
"Weekly",0.05,"SameTimestamp",1000,"Daily","BIC_ct",901.855967250804,NA,NA,NA,"CT",1,473
"Weekly",0.05,"SameTimestamp",1000,"Daily","error_var_dt",0.142277396680214,0.00636345555644421,0.129790139152701,0.154764654207726,"DT",1,473
"Weekly",0.05,"SameTimestamp",1000,"Daily","beta_dt",0.663200147258915,0.0236655136085194,0.616760385037089,0.709639909480742,"DT",1,473
"Weekly",0.05,"SameTimestamp",1000,"Daily","LogLik_dt",888.040456692842,NA,NA,NA,"DT",1,473
"Weekly",0.05,"SameTimestamp",1000,"Daily","AIC_dt",892.040456692842,NA,NA,NA,"DT",1,473
"Weekly",0.05,"SameTimestamp",1000,"Daily","BIC_dt",901.855967250806,NA,NA,NA,"DT",1,473
"Weekly",0.05,"SameTimestamp",1000,"Weekly","error_var_ct",1.44081528898894,0.258852457552149,0.932858995366398,1.94877158261148,"CT",1,473
"Weekly",0.05,"SameTimestamp",1000,"Weekly","beta_ct",-2.73829089119263,0.487686128442527,-3.69529644021232,-1.78128534217293,"CT",1,473
"Weekly",0.05,"SameTimestamp",1000,"Weekly","LogLik_ct",1498.41270208142,NA,NA,NA,"CT",1,473
"Weekly",0.05,"SameTimestamp",1000,"Weekly","AIC_ct",1502.41270208142,NA,NA,NA,"CT",1,473
"Weekly",0.05,"SameTimestamp",1000,"Weekly","BIC_ct",1512.22821263938,NA,NA,NA,"CT",1,473
"Weekly",0.05,"SameTimestamp",1000,"Weekly","error_var_dt",0.261985944543297,0.0117163819313014,0.238994430393616,0.284977458692978,"DT",1,473
"Weekly",0.05,"SameTimestamp",1000,"Weekly","beta_dt",0.0646807727573136,0.0315445184679914,0.00277973138172373,0.126581814132903,"DT",1,473
"Weekly",0.05,"SameTimestamp",1000,"Weekly","LogLik_dt",1498.41270208142,NA,NA,NA,"DT",1,473
"Weekly",0.05,"SameTimestamp",1000,"Weekly","AIC_dt",1502.41270208142,NA,NA,NA,"DT",1,473
"Weekly",0.05,"SameTimestamp",1000,"Weekly","BIC_dt",1512.22821263938,NA,NA,NA,"DT",1,473
"Weekly",0.05,"SameTimestamp",1000,"Monthly","error_var_ct",2.7708438547046,3.02935811943128,-3.17378397287419,8.7154716822834,"CT",1,473
"Weekly",0.05,"SameTimestamp",1000,"Monthly","beta_ct",-5.13398114583993,5.60977598952624,-16.1422638047689,5.87430151308904,"CT",1,473
"Weekly",0.05,"SameTimestamp",1000,"Monthly","LogLik_ct",1527.965898626,NA,NA,NA,"CT",1,473
"Weekly",0.05,"SameTimestamp",1000,"Monthly","AIC_ct",1531.965898626,NA,NA,NA,"CT",1,473
"Weekly",0.05,"SameTimestamp",1000,"Monthly","BIC_ct",1541.78140918396,NA,NA,NA,"CT",1,473
"Weekly",0.05,"SameTimestamp",1000,"Monthly","error_var_dt",0.26984402634328,0.0120677846132184,0.246162940977766,0.293525111708794,"DT",1,473
"Weekly",0.05,"SameTimestamp",1000,"Monthly","beta_dt",0.00589295574371984,0.0316224750255462,-0.0561610628313666,0.0679469743188063,"DT",1,473
"Weekly",0.05,"SameTimestamp",1000,"Monthly","LogLik_dt",1527.96589862596,NA,NA,NA,"DT",1,473
"Weekly",0.05,"SameTimestamp",1000,"Monthly","AIC_dt",1531.96589862596,NA,NA,NA,"DT",1,473
"Weekly",0.05,"SameTimestamp",1000,"Monthly","BIC_dt",1541.78140918392,NA,NA,NA,"DT",1,473
"Weekly",0.05,"SameTimestamp",1000,"Daily","error_var_ct",0.198929412910573,0.010713952221561,0.177905005756097,0.219953820065049,"CT",1,474
"Weekly",0.05,"SameTimestamp",1000,"Daily","beta_ct",-0.391072180498146,0.0344291283117647,-0.458633804503109,-0.323510556493183,"CT",1,474
"Weekly",0.05,"SameTimestamp",1000,"Daily","LogLik_ct",857.613303427074,NA,NA,NA,"CT",1,474
"Weekly",0.05,"SameTimestamp",1000,"Daily","AIC_ct",861.613303427074,NA,NA,NA,"CT",1,474
"Weekly",0.05,"SameTimestamp",1000,"Daily","BIC_ct",871.428813985038,NA,NA,NA,"CT",1,474
"Weekly",0.05,"SameTimestamp",1000,"Daily","error_var_dt",0.137997952014258,0.00617243598928654,0.125885539648582,0.150110364379935,"DT",1,474
"Weekly",0.05,"SameTimestamp",1000,"Daily","beta_dt",0.676331356625737,0.0232855712947976,0.630637170054586,0.722025543196888,"DT",1,474
"Weekly",0.05,"SameTimestamp",1000,"Daily","LogLik_dt",857.613303427077,NA,NA,NA,"DT",1,474
"Weekly",0.05,"SameTimestamp",1000,"Daily","AIC_dt",861.613303427077,NA,NA,NA,"DT",1,474
"Weekly",0.05,"SameTimestamp",1000,"Daily","BIC_dt",871.428813985041,NA,NA,NA,"DT",1,474
"Weekly",0.05,"SameTimestamp",1000,"Weekly","error_var_ct",1.25197206681213,0.204733636065902,0.850215251600322,1.65372888202394,"CT",1,474
"Weekly",0.05,"SameTimestamp",1000,"Weekly","beta_ct",-2.58386090515671,0.418828747936424,-3.40574492540595,-1.76197688490748,"CT",1,474
"Weekly",0.05,"SameTimestamp",1000,"Weekly","LogLik_ct",1414.45262542501,NA,NA,NA,"CT",1,474
"Weekly",0.05,"SameTimestamp",1000,"Weekly","AIC_ct",1418.45262542501,NA,NA,NA,"CT",1,474
"Weekly",0.05,"SameTimestamp",1000,"Weekly","BIC_ct",1428.26813598297,NA,NA,NA,"CT",1,474
"Weekly",0.05,"SameTimestamp",1000,"Weekly","error_var_dt",0.240887373436797,0.0107728329142478,0.219747422397955,0.262027324475638,"DT",1,474
"Weekly",0.05,"SameTimestamp",1000,"Weekly","beta_dt",0.0754821134983003,0.0316133857255934,0.0134459312117285,0.137518295784872,"DT",1,474
"Weekly",0.05,"SameTimestamp",1000,"Weekly","LogLik_dt",1414.45262542501,NA,NA,NA,"DT",1,474
"Weekly",0.05,"SameTimestamp",1000,"Weekly","AIC_dt",1418.45262542501,NA,NA,NA,"DT",1,474
"Weekly",0.05,"SameTimestamp",1000,"Weekly","BIC_dt",1428.26813598297,NA,NA,NA,"DT",1,474
"Weekly",0.05,"SameTimestamp",1000,"Monthly","error_var_ct",1.25170522213112,0.223949756196885,0.812239863404425,1.69117058085781,"CT",1,474
"Weekly",0.05,"SameTimestamp",1000,"Monthly","beta_ct",-2.72960272355422,0.484148943644663,-3.67966711660896,-1.77953833049947,"CT",1,474
"Weekly",0.05,"SameTimestamp",1000,"Monthly","LogLik_ct",1360.81608386902,NA,NA,NA,"CT",1,474
"Weekly",0.05,"SameTimestamp",1000,"Monthly","AIC_ct",1364.81608386902,NA,NA,NA,"CT",1,474
"Weekly",0.05,"SameTimestamp",1000,"Monthly","BIC_ct",1374.63159442699,NA,NA,NA,"CT",1,474
"Weekly",0.05,"SameTimestamp",1000,"Monthly","error_var_dt",0.228307463584974,0.0102102287526807,0.208271532679411,0.248343394490537,"DT",1,474
"Weekly",0.05,"SameTimestamp",1000,"Monthly","beta_dt",0.0652453953338156,0.0315763099031238,0.00328196838262985,0.127208822285001,"DT",1,474
"Weekly",0.05,"SameTimestamp",1000,"Monthly","LogLik_dt",1360.81608386896,NA,NA,NA,"DT",1,474
"Weekly",0.05,"SameTimestamp",1000,"Monthly","AIC_dt",1364.81608386896,NA,NA,NA,"DT",1,474
"Weekly",0.05,"SameTimestamp",1000,"Monthly","BIC_dt",1374.63159442693,NA,NA,NA,"DT",1,474
"Weekly",0.05,"SameTimestamp",1000,"Daily","error_var_ct",0.229832947377062,0.0124417526839082,0.205418009851452,0.254247884902672,"CT",1,475
"Weekly",0.05,"SameTimestamp",1000,"Daily","beta_ct",-0.401307726008861,0.0351279549834366,-0.47024068490237,-0.332374767115353,"CT",1,475
"Weekly",0.05,"SameTimestamp",1000,"Daily","LogLik_ct",993.130053524986,NA,NA,NA,"CT",1,475
"Weekly",0.05,"SameTimestamp",1000,"Daily","AIC_ct",997.130053524986,NA,NA,NA,"CT",1,475
"Weekly",0.05,"SameTimestamp",1000,"Daily","BIC_ct",1006.94556408295,NA,NA,NA,"CT",1,475
"Weekly",0.05,"SameTimestamp",1000,"Daily","error_var_dt",0.158023488321629,0.00706822777482857,0.144153228726901,0.171893747916358,"DT",1,475
"Weekly",0.05,"SameTimestamp",1000,"Daily","beta_dt",0.669444022753151,0.0235162503877899,0.623297165582692,0.71559087992361,"DT",1,475
"Weekly",0.05,"SameTimestamp",1000,"Daily","LogLik_dt",993.130053524987,NA,NA,NA,"DT",1,475
"Weekly",0.05,"SameTimestamp",1000,"Daily","AIC_dt",997.130053524987,NA,NA,NA,"DT",1,475
"Weekly",0.05,"SameTimestamp",1000,"Daily","BIC_dt",1006.94556408295,NA,NA,NA,"DT",1,475
"Weekly",0.05,"SameTimestamp",1000,"Weekly","error_var_ct",1.36453241424251,0.205349249083553,0.961567557547501,1.76749727093752,"CT",1,475
"Weekly",0.05,"SameTimestamp",1000,"Weekly","beta_ct",-2.45246040278048,0.365804948145228,-3.17029374848554,-1.73462705707542,"CT",1,475
"Weekly",0.05,"SameTimestamp",1000,"Weekly","LogLik_ct",1551.01455035467,NA,NA,NA,"CT",1,475
"Weekly",0.05,"SameTimestamp",1000,"Weekly","AIC_ct",1555.01455035467,NA,NA,NA,"CT",1,475
"Weekly",0.05,"SameTimestamp",1000,"Weekly","BIC_ct",1564.83006091263,NA,NA,NA,"CT",1,475
"Weekly",0.05,"SameTimestamp",1000,"Weekly","error_var_dt",0.276135172547614,0.0123491718296243,0.251901910050502,0.300368435044726,"DT",1,475
"Weekly",0.05,"SameTimestamp",1000,"Weekly","beta_dt",0.0860815115036252,0.0315038648231083,0.0242602463641674,0.147902776643083,"DT",1,475
"Weekly",0.05,"SameTimestamp",1000,"Weekly","LogLik_dt",1551.01455035467,NA,NA,NA,"DT",1,475
"Weekly",0.05,"SameTimestamp",1000,"Weekly","AIC_dt",1555.01455035467,NA,NA,NA,"DT",1,475
"Weekly",0.05,"SameTimestamp",1000,"Weekly","BIC_dt",1564.83006091263,NA,NA,NA,"DT",1,475
"Weekly",0.05,"SameTimestamp",1000,"Monthly","error_var_ct",1.56178157319478,0.341451650644027,0.891737654923325,2.23182549146624,"CT",1,475
"Weekly",0.05,"SameTimestamp",1000,"Monthly","beta_ct",-3.04142316346803,0.660122439350724,-4.33680722433641,-1.74603910259964,"CT",1,475
"Weekly",0.05,"SameTimestamp",1000,"Monthly","LogLik_ct",1475.948068076,NA,NA,NA,"CT",1,475
"Weekly",0.05,"SameTimestamp",1000,"Monthly","AIC_ct",1479.948068076,NA,NA,NA,"CT",1,475
"Weekly",0.05,"SameTimestamp",1000,"Monthly","BIC_ct",1489.76357863397,NA,NA,NA,"CT",1,475
"Weekly",0.05,"SameTimestamp",1000,"Monthly","error_var_dt",0.256165964373244,0.0114560886990572,0.233685233805671,0.278646694940818,"DT",1,475
"Weekly",0.05,"SameTimestamp",1000,"Monthly","beta_dt",0.0477668970519992,0.031597497441177,-0.0142381070331348,0.109771901137133,"DT",1,475
"Weekly",0.05,"SameTimestamp",1000,"Monthly","LogLik_dt",1475.94806807601,NA,NA,NA,"DT",1,475
"Weekly",0.05,"SameTimestamp",1000,"Monthly","AIC_dt",1479.94806807601,NA,NA,NA,"DT",1,475
"Weekly",0.05,"SameTimestamp",1000,"Monthly","BIC_dt",1489.76357863397,NA,NA,NA,"DT",1,475
"Weekly",0.05,"SameTimestamp",1000,"Daily","error_var_ct",0.218422953003593,0.0119385874008781,0.194995396376988,0.241850509630198,"CT",1,476
"Weekly",0.05,"SameTimestamp",1000,"Daily","beta_ct",-0.422462189667672,0.0364836624542998,-0.494055506313424,-0.350868873021921,"CT",1,476
"Weekly",0.05,"SameTimestamp",1000,"Daily","LogLik_ct",923.79149407029,NA,NA,NA,"CT",1,476
"Weekly",0.05,"SameTimestamp",1000,"Daily","AIC_ct",927.79149407029,NA,NA,NA,"CT",1,476
"Weekly",0.05,"SameTimestamp",1000,"Daily","BIC_ct",937.607004628254,NA,NA,NA,"CT",1,476
"Weekly",0.05,"SameTimestamp",1000,"Daily","error_var_dt",0.14745777744857,0.00659510554214262,0.134515944101048,0.160399610796091,"DT",1,476
"Weekly",0.05,"SameTimestamp",1000,"Daily","beta_dt",0.655431032018593,0.0239127557478521,0.608506096884327,0.70235596715286,"DT",1,476
"Weekly",0.05,"SameTimestamp",1000,"Daily","LogLik_dt",923.79149407029,NA,NA,NA,"DT",1,476
"Weekly",0.05,"SameTimestamp",1000,"Daily","AIC_dt",927.79149407029,NA,NA,NA,"DT",1,476
"Weekly",0.05,"SameTimestamp",1000,"Daily","BIC_dt",937.607004628255,NA,NA,NA,"DT",1,476
"Weekly",0.05,"SameTimestamp",1000,"Weekly","error_var_ct",1.87959095743297,0.659453634320367,0.585519318813111,3.17366259605284,"CT",1,476
"Weekly",0.05,"SameTimestamp",1000,"Weekly","beta_ct",-3.7121545589715,1.29747757951445,-6.25824551974875,-1.16606359819425,"CT",1,476
"Weekly",0.05,"SameTimestamp",1000,"Weekly","LogLik_ct",1463.57486490964,NA,NA,NA,"CT",1,476
"Weekly",0.05,"SameTimestamp",1000,"Weekly","AIC_ct",1467.57486490964,NA,NA,NA,"CT",1,476
"Weekly",0.05,"SameTimestamp",1000,"Weekly","BIC_ct",1477.3903754676,NA,NA,NA,"CT",1,476
"Weekly",0.05,"SameTimestamp",1000,"Weekly","error_var_dt",0.253016101064103,0.0113152465055858,0.230811750637007,0.275220451491198,"DT",1,476
"Weekly",0.05,"SameTimestamp",1000,"Weekly","beta_dt",0.0244248613881085,0.0316107067770033,-0.0376060638929492,0.0864557866691662,"DT",1,476
"Weekly",0.05,"SameTimestamp",1000,"Weekly","LogLik_dt",1463.57486490964,NA,NA,NA,"DT",1,476
"Weekly",0.05,"SameTimestamp",1000,"Weekly","AIC_dt",1467.57486490964,NA,NA,NA,"DT",1,476
"Weekly",0.05,"SameTimestamp",1000,"Weekly","BIC_dt",1477.39037546761,NA,NA,NA,"DT",1,476
"Weekly",0.05,"SameTimestamp",1000,"Monthly","error_var_ct",7.98823828445097,39.2162780950386,-68.9673968259998,84.9438733949017,"CT",1,476
"Weekly",0.05,"SameTimestamp",1000,"Monthly","beta_ct",-16.5792719516371,81.3907341225389,-176.295490337446,143.136946434172,"CT",1,476
"Weekly",0.05,"SameTimestamp",1000,"Monthly","LogLik_ct",1414.55237439073,NA,NA,NA,"CT",1,476
"Weekly",0.05,"SameTimestamp",1000,"Monthly","AIC_ct",1418.55237439073,NA,NA,NA,"CT",1,476
"Weekly",0.05,"SameTimestamp",1000,"Monthly","BIC_ct",1428.36788494869,NA,NA,NA,"CT",1,476
"Weekly",0.05,"SameTimestamp",1000,"Monthly","error_var_dt",0.240878519669305,0.010772417769398,0.219739383285426,0.262017656053183,"DT",1,476
"Weekly",0.05,"SameTimestamp",1000,"Monthly","beta_dt",-0.0117359588364064,0.0316066431297587,-0.0737589098636655,0.0502869921908526,"DT",1,476
"Weekly",0.05,"SameTimestamp",1000,"Monthly","LogLik_dt",1414.41450777913,NA,NA,NA,"DT",1,476
"Weekly",0.05,"SameTimestamp",1000,"Monthly","AIC_dt",1418.41450777913,NA,NA,NA,"DT",1,476
"Weekly",0.05,"SameTimestamp",1000,"Monthly","BIC_dt",1428.23001833709,NA,NA,NA,"DT",1,476
"Weekly",0.05,"SameTimestamp",1000,"Daily","error_var_ct",0.217833983973288,0.0119116512732299,0.194459285162653,0.241208682783923,"CT",1,477
"Weekly",0.05,"SameTimestamp",1000,"Daily","beta_ct",-0.424216085860462,0.0365471787228475,-0.495934042962253,-0.352498128758671,"CT",1,477
"Weekly",0.05,"SameTimestamp",1000,"Daily","LogLik_ct",919.736337685736,NA,NA,NA,"CT",1,477
"Weekly",0.05,"SameTimestamp",1000,"Daily","AIC_ct",923.736337685736,NA,NA,NA,"CT",1,477
"Weekly",0.05,"SameTimestamp",1000,"Daily","BIC_ct",933.5518482437,NA,NA,NA,"CT",1,477
"Weekly",0.05,"SameTimestamp",1000,"Daily","error_var_dt",0.146838372038644,0.0065679897940848,0.133949748983243,0.159726995094046,"DT",1,477
"Weekly",0.05,"SameTimestamp",1000,"Daily","beta_dt",0.654282484653892,0.0239118834958822,0.607359261173755,0.70120570813403,"DT",1,477
"Weekly",0.05,"SameTimestamp",1000,"Daily","LogLik_dt",919.736337685736,NA,NA,NA,"DT",1,477
"Weekly",0.05,"SameTimestamp",1000,"Daily","AIC_dt",923.736337685736,NA,NA,NA,"DT",1,477
"Weekly",0.05,"SameTimestamp",1000,"Daily","BIC_dt",933.5518482437,NA,NA,NA,"DT",1,477
"Weekly",0.05,"SameTimestamp",1000,"Weekly","error_var_ct",1.0279735229754,0.118220923741763,0.795983984145538,1.25996306180526,"CT",1,477
"Weekly",0.05,"SameTimestamp",1000,"Weekly","beta_ct",-1.98380046669942,0.227612852887919,-2.43045406321978,-1.53714687017907,"CT",1,477
"Weekly",0.05,"SameTimestamp",1000,"Weekly","LogLik_ct",1468.21160854286,NA,NA,NA,"CT",1,477
"Weekly",0.05,"SameTimestamp",1000,"Weekly","AIC_ct",1472.21160854286,NA,NA,NA,"CT",1,477
"Weekly",0.05,"SameTimestamp",1000,"Weekly","BIC_ct",1482.02711910082,NA,NA,NA,"CT",1,477
"Weekly",0.05,"SameTimestamp",1000,"Weekly","error_var_dt",0.254190254474163,0.0113678219278284,0.23188273324131,0.276497775707016,"DT",1,477
"Weekly",0.05,"SameTimestamp",1000,"Weekly","beta_dt",0.137545488722367,0.0313254384075684,0.0760743567111751,0.199016620733559,"DT",1,477
"Weekly",0.05,"SameTimestamp",1000,"Weekly","LogLik_dt",1468.21160854286,NA,NA,NA,"DT",1,477
"Weekly",0.05,"SameTimestamp",1000,"Weekly","AIC_dt",1472.21160854286,NA,NA,NA,"DT",1,477
"Weekly",0.05,"SameTimestamp",1000,"Weekly","BIC_dt",1482.02711910083,NA,NA,NA,"DT",1,477
"Weekly",0.05,"SameTimestamp",1000,"Monthly","error_var_ct",2.73407754553221,3.64135498413577,-4.41149564699944,9.87965073806386,"CT",1,477
"Weekly",0.05,"SameTimestamp",1000,"Monthly","beta_ct",-5.44615305805207,7.25086198585916,-19.6748029025821,8.78249678647792,"CT",1,477
"Weekly",0.05,"SameTimestamp",1000,"Monthly","LogLik_ct",1455.59606371372,NA,NA,NA,"CT",1,477
"Weekly",0.05,"SameTimestamp",1000,"Monthly","AIC_ct",1459.59606371372,NA,NA,NA,"CT",1,477
"Weekly",0.05,"SameTimestamp",1000,"Monthly","BIC_ct",1469.41157427168,NA,NA,NA,"CT",1,477
"Weekly",0.05,"SameTimestamp",1000,"Monthly","error_var_dt",0.251005361648512,0.0112252934317772,0.228977529653592,0.273033193643433,"DT",1,477
"Weekly",0.05,"SameTimestamp",1000,"Monthly","beta_dt",0.00431278772937954,0.0316124707128189,-0.0577215989918653,0.0663471744506243,"DT",1,477
"Weekly",0.05,"SameTimestamp",1000,"Monthly","LogLik_dt",1455.5960637137,NA,NA,NA,"DT",1,477
"Weekly",0.05,"SameTimestamp",1000,"Monthly","AIC_dt",1459.5960637137,NA,NA,NA,"DT",1,477
"Weekly",0.05,"SameTimestamp",1000,"Monthly","BIC_dt",1469.41157427166,NA,NA,NA,"DT",1,477
"Weekly",0.05,"SameTimestamp",1000,"Daily","error_var_ct",0.226926326630319,0.0125279042372996,0.202342330544615,0.251510322716023,"CT",1,478
"Weekly",0.05,"SameTimestamp",1000,"Daily","beta_ct",-0.444681631587408,0.0378857204893875,-0.519026261508999,-0.370337001665817,"CT",1,478
"Weekly",0.05,"SameTimestamp",1000,"Daily","LogLik_ct",943.104824119585,NA,NA,NA,"CT",1,478
"Weekly",0.05,"SameTimestamp",1000,"Daily","AIC_ct",947.104824119585,NA,NA,NA,"CT",1,478
"Weekly",0.05,"SameTimestamp",1000,"Daily","BIC_ct",956.92033467755,NA,NA,NA,"CT",1,478
"Weekly",0.05,"SameTimestamp",1000,"Daily","error_var_dt",0.150307950027941,0.00672325758817263,0.137114638912207,0.163501261143675,"DT",1,478
"Weekly",0.05,"SameTimestamp",1000,"Daily","beta_dt",0.641028320709585,0.0242853988193677,0.593372133512884,0.688684507906285,"DT",1,478
"Weekly",0.05,"SameTimestamp",1000,"Daily","LogLik_dt",943.104824119584,NA,NA,NA,"DT",1,478
"Weekly",0.05,"SameTimestamp",1000,"Daily","AIC_dt",947.104824119584,NA,NA,NA,"DT",1,478
"Weekly",0.05,"SameTimestamp",1000,"Daily","BIC_dt",956.920334677549,NA,NA,NA,"DT",1,478
"Weekly",0.05,"SameTimestamp",1000,"Weekly","error_var_ct",1.82453087337607,0.534961851602223,0.774754325225767,2.87430742152637,"CT",1,478
"Weekly",0.05,"SameTimestamp",1000,"Weekly","beta_ct",-3.46464355529844,1.01081573547484,-5.448206776535,-1.48108033406188,"CT",1,478
"Weekly",0.05,"SameTimestamp",1000,"Weekly","LogLik_ct",1502.4642186389,NA,NA,NA,"CT",1,478
"Weekly",0.05,"SameTimestamp",1000,"Weekly","AIC_ct",1506.4642186389,NA,NA,NA,"CT",1,478
"Weekly",0.05,"SameTimestamp",1000,"Weekly","BIC_ct",1516.27972919687,NA,NA,NA,"CT",1,478
"Weekly",0.05,"SameTimestamp",1000,"Weekly","error_var_dt",0.263049448940431,0.0117639343522819,0.239964620816672,0.28613427706419,"DT",1,478
"Weekly",0.05,"SameTimestamp",1000,"Weekly","beta_dt",0.0312842460929826,0.0316036407472017,-0.0307328132416492,0.0933013054276144,"DT",1,478
"Weekly",0.05,"SameTimestamp",1000,"Weekly","LogLik_dt",1502.46421863889,NA,NA,NA,"DT",1,478
"Weekly",0.05,"SameTimestamp",1000,"Weekly","AIC_dt",1506.46421863889,NA,NA,NA,"DT",1,478
"Weekly",0.05,"SameTimestamp",1000,"Weekly","BIC_dt",1516.27972919686,NA,NA,NA,"DT",1,478
"Weekly",0.05,"SameTimestamp",1000,"Monthly","error_var_ct",11.182496843028,389.166587833594,-752.494307414697,774.859301100753,"CT",1,478
"Weekly",0.05,"SameTimestamp",1000,"Monthly","beta_ct",-20.3905402401076,709.608585736834,-1412.88320012145,1372.10211964124,"CT",1,478
"Weekly",0.05,"SameTimestamp",1000,"Monthly","LogLik_ct",1544.00401832215,NA,NA,NA,"CT",1,478
"Weekly",0.05,"SameTimestamp",1000,"Monthly","AIC_ct",1548.00401832215,NA,NA,NA,"CT",1,478
"Weekly",0.05,"SameTimestamp",1000,"Monthly","BIC_ct",1557.81952888011,NA,NA,NA,"CT",1,478
"Weekly",0.05,"SameTimestamp",1000,"Monthly","error_var_dt",0.274030995107252,0.012255068751387,0.249982394758191,0.298079595456313,"DT",1,478
"Weekly",0.05,"SameTimestamp",1000,"Monthly","beta_dt",-0.0253035171423731,0.0316052415300766,-0.0873237177558002,0.036716683471054,"DT",1,478
"Weekly",0.05,"SameTimestamp",1000,"Monthly","LogLik_dt",1543.36323269583,NA,NA,NA,"DT",1,478
"Weekly",0.05,"SameTimestamp",1000,"Monthly","AIC_dt",1547.36323269583,NA,NA,NA,"DT",1,478
"Weekly",0.05,"SameTimestamp",1000,"Monthly","BIC_dt",1557.17874325379,NA,NA,NA,"DT",1,478
"Weekly",0.05,"SameTimestamp",1000,"Daily","error_var_ct",0.222581871440034,0.0122474370556567,0.198548247065757,0.246615495814311,"CT",1,479
"Weekly",0.05,"SameTimestamp",1000,"Daily","beta_ct",-0.437595675490057,0.0374294234110075,-0.511044895822276,-0.364146455157838,"CT",1,479
"Weekly",0.05,"SameTimestamp",1000,"Daily","LogLik_ct",929.679324789089,NA,NA,NA,"CT",1,479
"Weekly",0.05,"SameTimestamp",1000,"Daily","AIC_ct",933.679324789089,NA,NA,NA,"CT",1,479
"Weekly",0.05,"SameTimestamp",1000,"Daily","BIC_ct",943.494835347053,NA,NA,NA,"CT",1,479
"Weekly",0.05,"SameTimestamp",1000,"Daily","error_var_dt",0.148326070977287,0.00663400784722506,0.135307898116168,0.161344243838406,"DT",1,479
"Weekly",0.05,"SameTimestamp",1000,"Daily","beta_dt",0.645586745876039,0.0241639798086369,0.598168823949251,0.693004667802828,"DT",1,479
"Weekly",0.05,"SameTimestamp",1000,"Daily","LogLik_dt",929.679324789089,NA,NA,NA,"DT",1,479
"Weekly",0.05,"SameTimestamp",1000,"Daily","AIC_dt",933.679324789089,NA,NA,NA,"DT",1,479
"Weekly",0.05,"SameTimestamp",1000,"Daily","BIC_dt",943.494835347054,NA,NA,NA,"DT",1,479
"Weekly",0.05,"SameTimestamp",1000,"Weekly","error_var_ct",1.94433785583124,0.864566220354761,0.247765773666717,3.64090993799577,"CT",1,479
"Weekly",0.05,"SameTimestamp",1000,"Weekly","beta_ct",-4.03570365842342,1.78989851734996,-7.54809146973249,-0.523315847114354,"CT",1,479
"Weekly",0.05,"SameTimestamp",1000,"Weekly","LogLik_ct",1414.15831291303,NA,NA,NA,"CT",1,479
"Weekly",0.05,"SameTimestamp",1000,"Weekly","AIC_ct",1418.15831291303,NA,NA,NA,"CT",1,479
"Weekly",0.05,"SameTimestamp",1000,"Weekly","BIC_ct",1427.97382347099,NA,NA,NA,"CT",1,479
"Weekly",0.05,"SameTimestamp",1000,"Weekly","error_var_dt",0.240816807797921,0.0107696607743969,0.219683081573078,0.261950534022763,"DT",1,479
"Weekly",0.05,"SameTimestamp",1000,"Weekly","beta_dt",0.0176731911268374,0.0316115555903882,-0.0443593998138978,0.0797057820675726,"DT",1,479
"Weekly",0.05,"SameTimestamp",1000,"Weekly","LogLik_dt",1414.15831291303,NA,NA,NA,"DT",1,479
"Weekly",0.05,"SameTimestamp",1000,"Weekly","AIC_dt",1418.15831291303,NA,NA,NA,"DT",1,479
"Weekly",0.05,"SameTimestamp",1000,"Weekly","BIC_dt",1427.97382347099,NA,NA,NA,"DT",1,479
"Weekly",0.05,"SameTimestamp",1000,"Monthly","error_var_ct",9.33384365590173,64.5444556274907,-117.324264072589,135.991951384393,"CT",1,479
"Weekly",0.05,"SameTimestamp",1000,"Monthly","beta_ct",-18.5228073586561,128.083733019802,-269.866522281549,232.820907564237,"CT",1,479
"Weekly",0.05,"SameTimestamp",1000,"Monthly","LogLik_ct",1459.36882273923,NA,NA,NA,"CT",1,479
"Weekly",0.05,"SameTimestamp",1000,"Monthly","AIC_ct",1463.36882273923,NA,NA,NA,"CT",1,479
"Weekly",0.05,"SameTimestamp",1000,"Monthly","BIC_ct",1473.18433329719,NA,NA,NA,"CT",1,479
"Weekly",0.05,"SameTimestamp",1000,"Monthly","error_var_dt",0.251945020343407,0.0112673191257261,0.229834719686852,0.274055320999962,"DT",1,479
"Weekly",0.05,"SameTimestamp",1000,"Monthly","beta_dt",-0.00601374393902402,0.0316157425319667,-0.0680545510788478,0.0560270632007998,"DT",1,479
"Weekly",0.05,"SameTimestamp",1000,"Monthly","LogLik_dt",1459.33264263745,NA,NA,NA,"DT",1,479
"Weekly",0.05,"SameTimestamp",1000,"Monthly","AIC_dt",1463.33264263745,NA,NA,NA,"DT",1,479
"Weekly",0.05,"SameTimestamp",1000,"Monthly","BIC_dt",1473.14815319542,NA,NA,NA,"DT",1,479
"Weekly",0.05,"SameTimestamp",1000,"Daily","error_var_ct",0.223319775064183,0.0123751728982069,0.199035489654047,0.247604060474318,"CT",1,480
"Weekly",0.05,"SameTimestamp",1000,"Daily","beta_ct",-0.45362017875596,0.038438965225445,-0.529050462444378,-0.378189895067542,"CT",1,480
"Weekly",0.05,"SameTimestamp",1000,"Daily","LogLik_ct",919.287622766918,NA,NA,NA,"CT",1,480
"Weekly",0.05,"SameTimestamp",1000,"Daily","AIC_ct",923.287622766918,NA,NA,NA,"CT",1,480
"Weekly",0.05,"SameTimestamp",1000,"Daily","BIC_ct",933.103133324882,NA,NA,NA,"CT",1,480
"Weekly",0.05,"SameTimestamp",1000,"Daily","error_var_dt",0.146796543300161,0.00656549565910167,0.13391281458331,0.159680272017013,"DT",1,480
"Weekly",0.05,"SameTimestamp",1000,"Daily","beta_dt",0.635323985658505,0.02442129794528,0.587401118295977,0.683246853021034,"DT",1,480
"Weekly",0.05,"SameTimestamp",1000,"Daily","LogLik_dt",919.287622766918,NA,NA,NA,"DT",1,480
"Weekly",0.05,"SameTimestamp",1000,"Daily","AIC_dt",923.287622766918,NA,NA,NA,"DT",1,480
"Weekly",0.05,"SameTimestamp",1000,"Daily","BIC_dt",933.103133324882,NA,NA,NA,"DT",1,480
"Weekly",0.05,"SameTimestamp",1000,"Weekly","error_var_ct",1.37908549034826,0.269225667882335,0.850773440701168,1.90739753999536,"CT",1,480
"Weekly",0.05,"SameTimestamp",1000,"Weekly","beta_ct",-2.86700970324467,0.555152020729406,-3.95640620932174,-1.77761319716761,"CT",1,480
"Weekly",0.05,"SameTimestamp",1000,"Weekly","LogLik_ct",1409.64151417486,NA,NA,NA,"CT",1,480
"Weekly",0.05,"SameTimestamp",1000,"Weekly","AIC_ct",1413.64151417486,NA,NA,NA,"CT",1,480
"Weekly",0.05,"SameTimestamp",1000,"Weekly","BIC_ct",1423.45702473283,NA,NA,NA,"CT",1,480
"Weekly",0.05,"SameTimestamp",1000,"Weekly","error_var_dt",0.239731537165583,0.0107211117587357,0.218693080571509,0.260769993759658,"DT",1,480
"Weekly",0.05,"SameTimestamp",1000,"Weekly","beta_dt",0.0568686649821031,0.0315778344564474,-0.0050977536596503,0.118835083623857,"DT",1,480
"Weekly",0.05,"SameTimestamp",1000,"Weekly","LogLik_dt",1409.64151417485,NA,NA,NA,"DT",1,480
"Weekly",0.05,"SameTimestamp",1000,"Weekly","AIC_dt",1413.64151417485,NA,NA,NA,"DT",1,480
"Weekly",0.05,"SameTimestamp",1000,"Weekly","BIC_dt",1423.45702473282,NA,NA,NA,"DT",1,480
"Weekly",0.05,"SameTimestamp",1000,"Monthly","error_var_ct",8.04772158318578,69.7928879934438,-128.909590090089,145.005033256461,"CT",1,480
"Weekly",0.05,"SameTimestamp",1000,"Monthly","beta_ct",-16.0128575458035,138.872666141927,-288.528117574666,256.502402483059,"CT",1,480
"Weekly",0.05,"SameTimestamp",1000,"Monthly","LogLik_ct",1456.74595690763,NA,NA,NA,"CT",1,480
"Weekly",0.05,"SameTimestamp",1000,"Monthly","AIC_ct",1460.74595690763,NA,NA,NA,"CT",1,480
"Weekly",0.05,"SameTimestamp",1000,"Monthly","BIC_ct",1470.56146746559,NA,NA,NA,"CT",1,480
"Weekly",0.05,"SameTimestamp",1000,"Monthly","error_var_dt",0.251276729261907,0.0112374378581023,0.229225065784595,0.27332839273922,"DT",1,480
"Weekly",0.05,"SameTimestamp",1000,"Monthly","beta_dt",-0.00832622475402989,0.0316124304794902,-0.0703605325238414,0.0537080830157817,"DT",1,480
"Weekly",0.05,"SameTimestamp",1000,"Monthly","LogLik_dt",1456.67658705744,NA,NA,NA,"DT",1,480
"Weekly",0.05,"SameTimestamp",1000,"Monthly","AIC_dt",1460.67658705744,NA,NA,NA,"DT",1,480
"Weekly",0.05,"SameTimestamp",1000,"Monthly","BIC_dt",1470.49209761541,NA,NA,NA,"DT",1,480
"Weekly",0.05,"SameTimestamp",1000,"Daily","error_var_ct",0.24011779429552,0.0131605487201245,0.214292335216899,0.26594325337414,"CT",1,481
"Weekly",0.05,"SameTimestamp",1000,"Daily","beta_ct",-0.429584135312896,0.0368863018845713,-0.501967567048151,-0.357200703577641,"CT",1,481
"Weekly",0.05,"SameTimestamp",1000,"Daily","LogLik_ct",1012.36578928736,NA,NA,NA,"CT",1,481
"Weekly",0.05,"SameTimestamp",1000,"Daily","AIC_ct",1016.36578928736,NA,NA,NA,"CT",1,481
"Weekly",0.05,"SameTimestamp",1000,"Daily","BIC_ct",1026.18129984532,NA,NA,NA,"CT",1,481
"Weekly",0.05,"SameTimestamp",1000,"Daily","error_var_dt",0.161114549188388,0.00720591366900079,0.146974103182647,0.17525499519413,"DT",1,481
"Weekly",0.05,"SameTimestamp",1000,"Daily","beta_dt",0.650779705598267,0.0240048553614805,0.603674039792848,0.697885371403685,"DT",1,481
"Weekly",0.05,"SameTimestamp",1000,"Daily","LogLik_dt",1012.36578928735,NA,NA,NA,"DT",1,481
"Weekly",0.05,"SameTimestamp",1000,"Daily","AIC_dt",1016.36578928735,NA,NA,NA,"DT",1,481
"Weekly",0.05,"SameTimestamp",1000,"Daily","BIC_dt",1026.18129984532,NA,NA,NA,"DT",1,481
"Weekly",0.05,"SameTimestamp",1000,"Weekly","error_var_ct",2.44114909812111,1.92824470643442,-1.3427208467118,6.22501904295402,"CT",1,481
"Weekly",0.05,"SameTimestamp",1000,"Weekly","beta_ct",-4.76515471508984,3.7603175261299,-12.144172752931,2.61386332275135,"CT",1,481
"Weekly",0.05,"SameTimestamp",1000,"Weekly","LogLik_ct",1475.79639356746,NA,NA,NA,"CT",1,481
"Weekly",0.05,"SameTimestamp",1000,"Weekly","AIC_ct",1479.79639356746,NA,NA,NA,"CT",1,481
"Weekly",0.05,"SameTimestamp",1000,"Weekly","BIC_ct",1489.61190412542,NA,NA,NA,"CT",1,481
"Weekly",0.05,"SameTimestamp",1000,"Weekly","error_var_dt",0.256127309675747,0.0114543709086907,0.233649949995342,0.278604669356152,"DT",1,481
"Weekly",0.05,"SameTimestamp",1000,"Weekly","beta_dt",0.00852162528802723,0.0316125492467547,-0.053512915543429,0.0705561661194834,"DT",1,481
"Weekly",0.05,"SameTimestamp",1000,"Weekly","LogLik_dt",1475.79639356742,NA,NA,NA,"DT",1,481
"Weekly",0.05,"SameTimestamp",1000,"Weekly","AIC_dt",1479.79639356742,NA,NA,NA,"DT",1,481
"Weekly",0.05,"SameTimestamp",1000,"Weekly","BIC_dt",1489.61190412538,NA,NA,NA,"DT",1,481
"Weekly",0.05,"SameTimestamp",1000,"Monthly","error_var_ct",9.22362346559614,39.147542489776,-67.5971290804036,86.0443760115958,"CT",1,481
"Weekly",0.05,"SameTimestamp",1000,"Monthly","beta_ct",-19.2480228672075,81.6940762391726,-179.559501343348,141.063455608933,"CT",1,481
"Weekly",0.05,"SameTimestamp",1000,"Monthly","LogLik_ct",1409.09398561026,NA,NA,NA,"CT",1,481
"Weekly",0.05,"SameTimestamp",1000,"Monthly","AIC_ct",1413.09398561026,NA,NA,NA,"CT",1,481
"Weekly",0.05,"SameTimestamp",1000,"Monthly","BIC_ct",1422.90949616822,NA,NA,NA,"CT",1,481
"Weekly",0.05,"SameTimestamp",1000,"Monthly","error_var_dt",0.239320639943181,0.0107027362623888,0.218318242303718,0.260323037582645,"DT",1,481
"Weekly",0.05,"SameTimestamp",1000,"Monthly","beta_dt",-0.0341614141426483,0.0316013709274073,-0.0961740193211911,0.0278511910358945,"DT",1,481
"Weekly",0.05,"SameTimestamp",1000,"Monthly","LogLik_dt",1407.92608403447,NA,NA,NA,"DT",1,481
"Weekly",0.05,"SameTimestamp",1000,"Monthly","AIC_dt",1411.92608403447,NA,NA,NA,"DT",1,481
"Weekly",0.05,"SameTimestamp",1000,"Monthly","BIC_dt",1421.74159459244,NA,NA,NA,"DT",1,481
"Weekly",0.05,"SameTimestamp",1000,"Daily","error_var_ct",0.222784869242766,0.0122172877508283,0.198810408027614,0.246759330457918,"CT",1,482
"Weekly",0.05,"SameTimestamp",1000,"Daily","beta_ct",-0.430592973195571,0.0369381780991827,-0.503078203654123,-0.358107742737018,"CT",1,482
"Weekly",0.05,"SameTimestamp",1000,"Daily","LogLik_ct",936.955737335133,NA,NA,NA,"CT",1,482
"Weekly",0.05,"SameTimestamp",1000,"Daily","AIC_ct",940.955737335133,NA,NA,NA,"CT",1,482
"Weekly",0.05,"SameTimestamp",1000,"Daily","BIC_ct",950.771247893097,NA,NA,NA,"CT",1,482
"Weekly",0.05,"SameTimestamp",1000,"Daily","error_var_dt",0.149355076500165,0.00668145029878628,0.136243805462257,0.162466347538073,"DT",1,482
"Weekly",0.05,"SameTimestamp",1000,"Daily","beta_dt",0.650123502967465,0.0240144307684237,0.602999046966787,0.697247958968143,"DT",1,482
"Weekly",0.05,"SameTimestamp",1000,"Daily","LogLik_dt",936.95573733513,NA,NA,NA,"DT",1,482
"Weekly",0.05,"SameTimestamp",1000,"Daily","AIC_dt",940.95573733513,NA,NA,NA,"DT",1,482
"Weekly",0.05,"SameTimestamp",1000,"Daily","BIC_dt",950.771247893095,NA,NA,NA,"DT",1,482
"Weekly",0.05,"SameTimestamp",1000,"Weekly","error_var_ct",2.12401245673865,1.41817261167148,-0.658923082501956,4.90694799597926,"CT",1,482
"Weekly",0.05,"SameTimestamp",1000,"Weekly","beta_ct",-4.55961182945181,3.04050039308683,-10.5261045760742,1.40688091717054,"CT",1,482
"Weekly",0.05,"SameTimestamp",1000,"Weekly","LogLik_ct",1380.69007733929,NA,NA,NA,"CT",1,482
"Weekly",0.05,"SameTimestamp",1000,"Weekly","AIC_ct",1384.69007733929,NA,NA,NA,"CT",1,482
"Weekly",0.05,"SameTimestamp",1000,"Weekly","BIC_ct",1394.50558789725,NA,NA,NA,"CT",1,482
"Weekly",0.05,"SameTimestamp",1000,"Weekly","error_var_dt",0.232890450255609,0.0104151855591322,0.212452324598865,0.253328575912353,"DT",1,482
"Weekly",0.05,"SameTimestamp",1000,"Weekly","beta_dt",0.0104660629711011,0.0316228707824272,-0.0515887322131793,0.0725208581553815,"DT",1,482
"Weekly",0.05,"SameTimestamp",1000,"Weekly","LogLik_dt",1380.69007733927,NA,NA,NA,"DT",1,482
"Weekly",0.05,"SameTimestamp",1000,"Weekly","AIC_dt",1384.69007733927,NA,NA,NA,"DT",1,482
"Weekly",0.05,"SameTimestamp",1000,"Weekly","BIC_dt",1394.50558789723,NA,NA,NA,"DT",1,482
"Weekly",0.05,"SameTimestamp",1000,"Monthly","error_var_ct",1.72065697059264,0.504503167127901,0.730650689336858,2.71066325184841,"CT",1,482
"Weekly",0.05,"SameTimestamp",1000,"Monthly","beta_ct",-3.46896655559669,1.01209612128847,-5.45504232795388,-1.48289078323951,"CT",1,482
"Weekly",0.05,"SameTimestamp",1000,"Monthly","LogLik_ct",1442.60951101004,NA,NA,NA,"CT",1,482
"Weekly",0.05,"SameTimestamp",1000,"Monthly","AIC_ct",1446.60951101004,NA,NA,NA,"CT",1,482
"Weekly",0.05,"SameTimestamp",1000,"Monthly","BIC_ct",1456.425021568,NA,NA,NA,"CT",1,482
"Weekly",0.05,"SameTimestamp",1000,"Monthly","error_var_dt",0.247766504268522,0.011080456429302,0.226022891583909,0.269510116953136,"DT",1,482
"Weekly",0.05,"SameTimestamp",1000,"Monthly","beta_dt",0.031149152055214,0.031617933006131,-0.030895953537668,0.0931942576480959,"DT",1,482
"Weekly",0.05,"SameTimestamp",1000,"Monthly","LogLik_dt",1442.60951101004,NA,NA,NA,"DT",1,482
"Weekly",0.05,"SameTimestamp",1000,"Monthly","AIC_dt",1446.60951101004,NA,NA,NA,"DT",1,482
"Weekly",0.05,"SameTimestamp",1000,"Monthly","BIC_dt",1456.425021568,NA,NA,NA,"DT",1,482
"Weekly",0.05,"SameTimestamp",1000,"Daily","error_var_ct",0.230037217729736,0.0131921756203903,0.204149695948719,0.255924739510754,"CT",1,483
"Weekly",0.05,"SameTimestamp",1000,"Daily","beta_ct",-0.529510307063124,0.0434028442022819,-0.614681404460281,-0.444339209665966,"CT",1,483
"Weekly",0.05,"SameTimestamp",1000,"Daily","LogLik_ct",885.286070935634,NA,NA,NA,"CT",1,483
"Weekly",0.05,"SameTimestamp",1000,"Daily","AIC_ct",889.286070935634,NA,NA,NA,"CT",1,483
"Weekly",0.05,"SameTimestamp",1000,"Daily","BIC_ct",899.101581493598,NA,NA,NA,"CT",1,483
"Weekly",0.05,"SameTimestamp",1000,"Daily","error_var_dt",0.141887128066656,0.00634598100788653,0.129434161528698,0.154340094604613,"DT",1,483
"Weekly",0.05,"SameTimestamp",1000,"Daily","beta_dt",0.588893279997665,0.0255602386076859,0.538735424862555,0.639051135132775,"DT",1,483
"Weekly",0.05,"SameTimestamp",1000,"Daily","LogLik_dt",885.286070935636,NA,NA,NA,"DT",1,483
"Weekly",0.05,"SameTimestamp",1000,"Daily","AIC_dt",889.286070935636,NA,NA,NA,"DT",1,483
"Weekly",0.05,"SameTimestamp",1000,"Daily","BIC_dt",899.1015814936,NA,NA,NA,"DT",1,483
"Weekly",0.05,"SameTimestamp",1000,"Weekly","error_var_ct",1.9385268277669,0.765321363062984,0.436706807637071,3.44034684789673,"CT",1,483
"Weekly",0.05,"SameTimestamp",1000,"Weekly","beta_ct",-3.88049589495937,1.527240104514,-6.87745883785261,-0.883532952066136,"CT",1,483
"Weekly",0.05,"SameTimestamp",1000,"Weekly","LogLik_ct",1450.26910856646,NA,NA,NA,"CT",1,483
"Weekly",0.05,"SameTimestamp",1000,"Weekly","AIC_ct",1454.26910856646,NA,NA,NA,"CT",1,483
"Weekly",0.05,"SameTimestamp",1000,"Weekly","BIC_ct",1464.08461912442,NA,NA,NA,"CT",1,483
"Weekly",0.05,"SameTimestamp",1000,"Weekly","error_var_dt",0.24967180830187,0.0111656480075869,0.227761020853831,0.27158259574991,"DT",1,483
"Weekly",0.05,"SameTimestamp",1000,"Weekly","beta_dt",0.0206404796237246,0.0316092813564668,-0.0413876484989077,0.082668607746357,"DT",1,483
"Weekly",0.05,"SameTimestamp",1000,"Weekly","LogLik_dt",1450.26910856645,NA,NA,NA,"DT",1,483
"Weekly",0.05,"SameTimestamp",1000,"Weekly","AIC_dt",1454.26910856645,NA,NA,NA,"DT",1,483
"Weekly",0.05,"SameTimestamp",1000,"Weekly","BIC_dt",1464.08461912441,NA,NA,NA,"DT",1,483
"Weekly",0.05,"SameTimestamp",1000,"Monthly","error_var_ct",2.21232314636636,1.33701942996253,-0.411362332873354,4.83600862560607,"CT",1,483
"Weekly",0.05,"SameTimestamp",1000,"Monthly","beta_ct",-4.45954689180893,2.69115537419401,-9.74050625516585,0.82141247154798,"CT",1,483
"Weekly",0.05,"SameTimestamp",1000,"Monthly","LogLik_ct",1443.59204926259,NA,NA,NA,"CT",1,483
"Weekly",0.05,"SameTimestamp",1000,"Monthly","AIC_ct",1447.59204926259,NA,NA,NA,"CT",1,483
"Weekly",0.05,"SameTimestamp",1000,"Monthly","BIC_ct",1457.40755982056,NA,NA,NA,"CT",1,483
"Weekly",0.05,"SameTimestamp",1000,"Monthly","error_var_dt",0.248010294545865,0.0110913650388142,0.226245275470488,0.269775313621241,"DT",1,483
"Weekly",0.05,"SameTimestamp",1000,"Monthly","beta_dt",0.0115675565007523,0.0316058479850901,-0.0504538341830486,0.0735889471845532,"DT",1,483
"Weekly",0.05,"SameTimestamp",1000,"Monthly","LogLik_dt",1443.59204926259,NA,NA,NA,"DT",1,483
"Weekly",0.05,"SameTimestamp",1000,"Monthly","AIC_dt",1447.59204926259,NA,NA,NA,"DT",1,483
"Weekly",0.05,"SameTimestamp",1000,"Monthly","BIC_dt",1457.40755982056,NA,NA,NA,"DT",1,483
"Weekly",0.05,"SameTimestamp",1000,"Daily","error_var_ct",0.236254164542409,0.0130496858286105,0.21064625604842,0.261862073036398,"CT",1,484
"Weekly",0.05,"SameTimestamp",1000,"Daily","beta_ct",-0.44667775463158,0.037984022010149,-0.521215285469065,-0.372140223794094,"CT",1,484
"Weekly",0.05,"SameTimestamp",1000,"Daily","LogLik_ct",981.496549367492,NA,NA,NA,"CT",1,484
"Weekly",0.05,"SameTimestamp",1000,"Daily","AIC_ct",985.496549367492,NA,NA,NA,"CT",1,484
"Weekly",0.05,"SameTimestamp",1000,"Daily","BIC_ct",995.312059925456,NA,NA,NA,"CT",1,484
"Weekly",0.05,"SameTimestamp",1000,"Daily","error_var_dt",0.156220043652179,0.00698692342867495,0.142509330753349,0.16993075655101,"DT",1,484
"Weekly",0.05,"SameTimestamp",1000,"Daily","beta_dt",0.639750029195958,0.0243005653768691,0.59206408007075,0.687435978321165,"DT",1,484
"Weekly",0.05,"SameTimestamp",1000,"Daily","LogLik_dt",981.496549367493,NA,NA,NA,"DT",1,484
"Weekly",0.05,"SameTimestamp",1000,"Daily","AIC_dt",985.496549367493,NA,NA,NA,"DT",1,484
"Weekly",0.05,"SameTimestamp",1000,"Daily","BIC_dt",995.312059925457,NA,NA,NA,"DT",1,484
"Weekly",0.05,"SameTimestamp",1000,"Weekly","error_var_ct",1.98579780771913,0.595997727804313,0.816248174364987,3.15534744107327,"CT",1,484
"Weekly",0.05,"SameTimestamp",1000,"Weekly","beta_ct",-3.49692396091675,1.04454004178527,-5.54666570640005,-1.44718221543346,"CT",1,484
"Weekly",0.05,"SameTimestamp",1000,"Weekly","LogLik_ct",1577.94892399061,NA,NA,NA,"CT",1,484
"Weekly",0.05,"SameTimestamp",1000,"Weekly","AIC_ct",1581.94892399061,NA,NA,NA,"CT",1,484
"Weekly",0.05,"SameTimestamp",1000,"Weekly","BIC_ct",1591.76443454858,NA,NA,NA,"CT",1,484
"Weekly",0.05,"SameTimestamp",1000,"Weekly","error_var_dt",0.283674409362195,0.0126863167817737,0.258779554149576,0.308569264574813,"DT",1,484
"Weekly",0.05,"SameTimestamp",1000,"Weekly","beta_dt",0.0302904187829645,0.031629709081812,-0.0317777954634451,0.0923586330293741,"DT",1,484
"Weekly",0.05,"SameTimestamp",1000,"Weekly","LogLik_dt",1577.94892399061,NA,NA,NA,"DT",1,484
"Weekly",0.05,"SameTimestamp",1000,"Weekly","AIC_dt",1581.94892399061,NA,NA,NA,"DT",1,484
"Weekly",0.05,"SameTimestamp",1000,"Weekly","BIC_dt",1591.76443454857,NA,NA,NA,"DT",1,484
"Weekly",0.05,"SameTimestamp",1000,"Monthly","error_var_ct",8.75032879211457,47.0024647722051,-83.4844447255499,100.985102309779,"CT",1,484
"Weekly",0.05,"SameTimestamp",1000,"Monthly","beta_ct",-17.111237468363,91.9138483556531,-197.477374165813,163.254899229087,"CT",1,484
"Weekly",0.05,"SameTimestamp",1000,"Monthly","LogLik_ct",1474.09038448849,NA,NA,NA,"CT",1,484
"Weekly",0.05,"SameTimestamp",1000,"Monthly","AIC_ct",1478.09038448849,NA,NA,NA,"CT",1,484
"Weekly",0.05,"SameTimestamp",1000,"Monthly","BIC_ct",1487.90589504646,NA,NA,NA,"CT",1,484
"Weekly",0.05,"SameTimestamp",1000,"Monthly","error_var_dt",0.255523449294871,0.0114273500791153,0.233099113644338,0.277947784945404,"DT",1,484
"Weekly",0.05,"SameTimestamp",1000,"Monthly","beta_dt",-0.0255651540551014,0.0315970233657082,-0.0875692278434157,0.036438919733213,"DT",1,484
"Weekly",0.05,"SameTimestamp",1000,"Monthly","LogLik_dt",1473.43595597169,NA,NA,NA,"DT",1,484
"Weekly",0.05,"SameTimestamp",1000,"Monthly","AIC_dt",1477.43595597169,NA,NA,NA,"DT",1,484
"Weekly",0.05,"SameTimestamp",1000,"Monthly","BIC_dt",1487.25146652966,NA,NA,NA,"DT",1,484
"Weekly",0.05,"SameTimestamp",1000,"Daily","error_var_ct",0.207397897174704,0.0112812285621543,0.185260301487454,0.229535492861955,"CT",1,485
"Weekly",0.05,"SameTimestamp",1000,"Daily","beta_ct",-0.412861774985569,0.0358166985351231,-0.483146282267219,-0.342577267703919,"CT",1,485
"Weekly",0.05,"SameTimestamp",1000,"Daily","LogLik_ct",880.301451390744,NA,NA,NA,"CT",1,485
"Weekly",0.05,"SameTimestamp",1000,"Daily","AIC_ct",884.301451390744,NA,NA,NA,"CT",1,485
"Weekly",0.05,"SameTimestamp",1000,"Daily","BIC_ct",894.116961948708,NA,NA,NA,"CT",1,485
"Weekly",0.05,"SameTimestamp",1000,"Daily","error_var_dt",0.141178737307243,0.00631436365919501,0.128787814728255,0.153569659886231,"DT",1,485
"Weekly",0.05,"SameTimestamp",1000,"Daily","beta_dt",0.661753725235846,0.0237020166156142,0.61524233173663,0.708265118735063,"DT",1,485
"Weekly",0.05,"SameTimestamp",1000,"Daily","LogLik_dt",880.301451390739,NA,NA,NA,"DT",1,485
"Weekly",0.05,"SameTimestamp",1000,"Daily","AIC_dt",884.301451390739,NA,NA,NA,"DT",1,485
"Weekly",0.05,"SameTimestamp",1000,"Daily","BIC_dt",894.116961948703,NA,NA,NA,"DT",1,485
"Weekly",0.05,"SameTimestamp",1000,"Weekly","error_var_ct",2.88780164007064,5.52669066580959,-7.95743944108604,13.7330427212273,"CT",1,485
"Weekly",0.05,"SameTimestamp",1000,"Weekly","beta_ct",-5.98089664756234,11.444423627202,-28.4387363887539,16.4769430936292,"CT",1,485
"Weekly",0.05,"SameTimestamp",1000,"Weekly","LogLik_ct",1416.64854810561,NA,NA,NA,"CT",1,485
"Weekly",0.05,"SameTimestamp",1000,"Weekly","AIC_ct",1420.64854810561,NA,NA,NA,"CT",1,485
"Weekly",0.05,"SameTimestamp",1000,"Weekly","BIC_ct",1430.46405866357,NA,NA,NA,"CT",1,485
"Weekly",0.05,"SameTimestamp",1000,"Weekly","error_var_dt",0.241417251866277,0.0107965041764398,0.220230849784543,0.26260365394801,"DT",1,485
"Weekly",0.05,"SameTimestamp",1000,"Weekly","beta_dt",0.00252651532685777,0.0316089182280222,-0.0595009002146364,0.0645539308683519,"DT",1,485
"Weekly",0.05,"SameTimestamp",1000,"Weekly","LogLik_dt",1416.64854810561,NA,NA,NA,"DT",1,485
"Weekly",0.05,"SameTimestamp",1000,"Weekly","AIC_dt",1420.64854810561,NA,NA,NA,"DT",1,485
"Weekly",0.05,"SameTimestamp",1000,"Weekly","BIC_dt",1430.46405866357,NA,NA,NA,"DT",1,485
"Weekly",0.05,"SameTimestamp",1000,"Monthly","error_var_ct",10.4029863691414,68.3872880028831,-123.796061510647,144.60203424893,"CT",1,485
"Weekly",0.05,"SameTimestamp",1000,"Monthly","beta_ct",-21.2842455991642,139.918067665412,-295.850937892716,253.282446694388,"CT",1,485
"Weekly",0.05,"SameTimestamp",1000,"Monthly","LogLik_ct",1428.85589991224,NA,NA,NA,"CT",1,485
"Weekly",0.05,"SameTimestamp",1000,"Monthly","AIC_ct",1432.85589991224,NA,NA,NA,"CT",1,485
"Weekly",0.05,"SameTimestamp",1000,"Monthly","BIC_ct",1442.6714104702,NA,NA,NA,"CT",1,485
"Weekly",0.05,"SameTimestamp",1000,"Monthly","error_var_dt",0.244380298029846,0.0109290325643978,0.222933830313104,0.265826765746588,"DT",1,485
"Weekly",0.05,"SameTimestamp",1000,"Monthly","beta_dt",-0.00291854030088354,0.0316217457714576,-0.064971127832172,0.0591340472304049,"DT",1,485
"Weekly",0.05,"SameTimestamp",1000,"Monthly","LogLik_dt",1428.84738158061,NA,NA,NA,"DT",1,485
"Weekly",0.05,"SameTimestamp",1000,"Monthly","AIC_dt",1432.84738158061,NA,NA,NA,"DT",1,485
"Weekly",0.05,"SameTimestamp",1000,"Monthly","BIC_dt",1442.66289213857,NA,NA,NA,"DT",1,485
"Weekly",0.05,"SameTimestamp",1000,"Daily","error_var_ct",0.208569594705657,0.0115344805353488,0.18593503277411,0.231204156637203,"CT",1,486
"Weekly",0.05,"SameTimestamp",1000,"Daily","beta_ct",-0.449271252238484,0.0381497009422446,-0.52413390131929,-0.374408603157677,"CT",1,486
"Weekly",0.05,"SameTimestamp",1000,"Daily","LogLik_ct",854.706643714349,NA,NA,NA,"CT",1,486
"Weekly",0.05,"SameTimestamp",1000,"Daily","AIC_ct",858.706643714349,NA,NA,NA,"CT",1,486
"Weekly",0.05,"SameTimestamp",1000,"Daily","BIC_ct",868.522154272314,NA,NA,NA,"CT",1,486
"Weekly",0.05,"SameTimestamp",1000,"Daily","error_var_dt",0.13760935873637,0.0061547684151361,0.125531616141912,0.149687101330827,"DT",1,486
"Weekly",0.05,"SameTimestamp",1000,"Daily","beta_dt",0.638092872563706,0.0243428480563451,0.590323950484121,0.685861794643291,"DT",1,486
"Weekly",0.05,"SameTimestamp",1000,"Daily","LogLik_dt",854.706643714383,NA,NA,NA,"DT",1,486
"Weekly",0.05,"SameTimestamp",1000,"Daily","AIC_dt",858.706643714383,NA,NA,NA,"DT",1,486
"Weekly",0.05,"SameTimestamp",1000,"Daily","BIC_dt",868.522154272347,NA,NA,NA,"DT",1,486
"Weekly",0.05,"SameTimestamp",1000,"Weekly","error_var_ct",1.25093192646484,0.205299601546272,0.8480644950725,1.65379935785718,"CT",1,486
"Weekly",0.05,"SameTimestamp",1000,"Weekly","beta_ct",-2.59407230907544,0.421898614087671,-3.42198044764618,-1.76616417050471,"CT",1,486
"Weekly",0.05,"SameTimestamp",1000,"Weekly","LogLik_ct",1409.79212434037,NA,NA,NA,"CT",1,486
"Weekly",0.05,"SameTimestamp",1000,"Weekly","AIC_ct",1413.79212434037,NA,NA,NA,"CT",1,486
"Weekly",0.05,"SameTimestamp",1000,"Weekly","BIC_ct",1423.60763489834,NA,NA,NA,"CT",1,486
"Weekly",0.05,"SameTimestamp",1000,"Weekly","error_var_dt",0.239767545374863,0.010722727604306,0.218725917943877,0.260809172805849,"DT",1,486
"Weekly",0.05,"SameTimestamp",1000,"Weekly","beta_dt",0.074715428697486,0.0315194091639519,0.0128636602905052,0.136567197104467,"DT",1,486
"Weekly",0.05,"SameTimestamp",1000,"Weekly","LogLik_dt",1409.79212434033,NA,NA,NA,"DT",1,486
"Weekly",0.05,"SameTimestamp",1000,"Weekly","AIC_dt",1413.79212434033,NA,NA,NA,"DT",1,486
"Weekly",0.05,"SameTimestamp",1000,"Weekly","BIC_dt",1423.60763489829,NA,NA,NA,"DT",1,486
"Weekly",0.05,"SameTimestamp",1000,"Monthly","error_var_ct",9.54416143805627,64.5681254016993,-117.160394413399,136.248717289511,"CT",1,486
"Weekly",0.05,"SameTimestamp",1000,"Monthly","beta_ct",-20.1790479643665,136.516933972683,-288.071562693562,247.713466764829,"CT",1,486
"Weekly",0.05,"SameTimestamp",1000,"Monthly","LogLik_ct",1396.01803970796,NA,NA,NA,"CT",1,486
"Weekly",0.05,"SameTimestamp",1000,"Monthly","AIC_ct",1400.01803970796,NA,NA,NA,"CT",1,486
"Weekly",0.05,"SameTimestamp",1000,"Monthly","BIC_ct",1409.83355026592,NA,NA,NA,"CT",1,486
"Weekly",0.05,"SameTimestamp",1000,"Monthly","error_var_dt",0.236463590544157,0.0105749631628544,0.215711927051389,0.257215254036926,"DT",1,486
"Weekly",0.05,"SameTimestamp",1000,"Monthly","beta_dt",-0.0101052461144221,0.031638920476478,-0.0721915362405738,0.0519810440117296,"DT",1,486
"Weekly",0.05,"SameTimestamp",1000,"Monthly","LogLik_dt",1395.91603514994,NA,NA,NA,"DT",1,486
"Weekly",0.05,"SameTimestamp",1000,"Monthly","AIC_dt",1399.91603514994,NA,NA,NA,"DT",1,486
"Weekly",0.05,"SameTimestamp",1000,"Monthly","BIC_dt",1409.73154570791,NA,NA,NA,"DT",1,486
"Weekly",0.05,"SameTimestamp",1000,"Daily","error_var_ct",0.215596826414637,0.0117218847311661,0.192594513905728,0.238599138923547,"CT",1,487
"Weekly",0.05,"SameTimestamp",1000,"Daily","beta_ct",-0.409992213008592,0.0357300423504422,-0.480106671472447,-0.339877754544736,"CT",1,487
"Weekly",0.05,"SameTimestamp",1000,"Daily","LogLik_ct",921.533241430809,NA,NA,NA,"CT",1,487
"Weekly",0.05,"SameTimestamp",1000,"Daily","AIC_ct",925.533241430809,NA,NA,NA,"CT",1,487
"Weekly",0.05,"SameTimestamp",1000,"Daily","BIC_ct",935.348751988773,NA,NA,NA,"CT",1,487
"Weekly",0.05,"SameTimestamp",1000,"Daily","error_var_dt",0.147124349713169,0.00658021418147724,0.134211738264648,0.16003696116169,"DT",1,487
"Weekly",0.05,"SameTimestamp",1000,"Daily","beta_dt",0.663655427008534,0.0237127712895174,0.617122929192416,0.710187924824653,"DT",1,487
"Weekly",0.05,"SameTimestamp",1000,"Daily","LogLik_dt",921.53324143081,NA,NA,NA,"DT",1,487
"Weekly",0.05,"SameTimestamp",1000,"Daily","AIC_dt",925.53324143081,NA,NA,NA,"DT",1,487
"Weekly",0.05,"SameTimestamp",1000,"Daily","BIC_dt",935.348751988774,NA,NA,NA,"DT",1,487
"Weekly",0.05,"SameTimestamp",1000,"Weekly","error_var_ct",1.28151044756792,0.22877058205114,0.832584993865564,1.73043590127028,"CT",1,487
"Weekly",0.05,"SameTimestamp",1000,"Weekly","beta_ct",-2.7286844060751,0.48287559078188,-3.67625004904352,-1.78111876310668,"CT",1,487
"Weekly",0.05,"SameTimestamp",1000,"Weekly","LogLik_ct",1384.67577788656,NA,NA,NA,"CT",1,487
"Weekly",0.05,"SameTimestamp",1000,"Weekly","AIC_ct",1388.67577788656,NA,NA,NA,"CT",1,487
"Weekly",0.05,"SameTimestamp",1000,"Weekly","BIC_ct",1398.49128844453,NA,NA,NA,"CT",1,487
"Weekly",0.05,"SameTimestamp",1000,"Weekly","error_var_dt",0.233820594015333,0.0104567719795918,0.213300861700489,0.254340326330176,"DT",1,487
"Weekly",0.05,"SameTimestamp",1000,"Weekly","beta_dt",0.0653053193633462,0.0315385426857549,0.00341600449877748,0.127194634227915,"DT",1,487
"Weekly",0.05,"SameTimestamp",1000,"Weekly","LogLik_dt",1384.67577788659,NA,NA,NA,"DT",1,487
"Weekly",0.05,"SameTimestamp",1000,"Weekly","AIC_dt",1388.67577788659,NA,NA,NA,"DT",1,487
"Weekly",0.05,"SameTimestamp",1000,"Weekly","BIC_dt",1398.49128844456,NA,NA,NA,"DT",1,487
"Weekly",0.05,"SameTimestamp",1000,"Monthly","error_var_ct",9.73333910687587,38.1774440668287,-65.1837513915264,84.6504296052782,"CT",1,487
"Weekly",0.05,"SameTimestamp",1000,"Monthly","beta_ct",-19.0566667471925,74.7462321440829,-165.734119228049,127.620785733664,"CT",1,487
"Weekly",0.05,"SameTimestamp",1000,"Monthly","LogLik_ct",1472.87144297668,NA,NA,NA,"CT",1,487
"Weekly",0.05,"SameTimestamp",1000,"Monthly","AIC_ct",1476.87144297668,NA,NA,NA,"CT",1,487
"Weekly",0.05,"SameTimestamp",1000,"Monthly","BIC_ct",1486.68695353465,NA,NA,NA,"CT",1,487
"Weekly",0.05,"SameTimestamp",1000,"Monthly","error_var_dt",0.255248637888537,0.011415067550626,0.23284840472367,0.277648871053403,"DT",1,487
"Weekly",0.05,"SameTimestamp",1000,"Monthly","beta_dt",-0.0226090333146327,0.0316067340006412,-0.0846321626613757,0.0394140960321104,"DT",1,487
"Weekly",0.05,"SameTimestamp",1000,"Monthly","LogLik_dt",1472.35988150529,NA,NA,NA,"DT",1,487
"Weekly",0.05,"SameTimestamp",1000,"Monthly","AIC_dt",1476.35988150529,NA,NA,NA,"DT",1,487
"Weekly",0.05,"SameTimestamp",1000,"Monthly","BIC_dt",1486.17539206326,NA,NA,NA,"DT",1,487
"Weekly",0.05,"SameTimestamp",1000,"Daily","error_var_ct",0.198145299396102,0.0106020455851612,0.177340491007637,0.218950107784567,"CT",1,488
"Weekly",0.05,"SameTimestamp",1000,"Daily","beta_ct",-0.376321380111478,0.0335090533497039,-0.442077505061099,-0.310565255161857,"CT",1,488
"Weekly",0.05,"SameTimestamp",1000,"Daily","LogLik_ct",866.677991306056,NA,NA,NA,"CT",1,488
"Weekly",0.05,"SameTimestamp",1000,"Daily","AIC_ct",870.677991306056,NA,NA,NA,"CT",1,488
"Weekly",0.05,"SameTimestamp",1000,"Daily","BIC_ct",880.49350186402,NA,NA,NA,"CT",1,488
"Weekly",0.05,"SameTimestamp",1000,"Daily","error_var_dt",0.13923620432488,0.00622826141395266,0.127014243546678,0.151458165103082,"DT",1,488
"Weekly",0.05,"SameTimestamp",1000,"Daily","beta_dt",0.686381710965575,0.0229999667249564,0.641247977403486,0.731515444527664,"DT",1,488
"Weekly",0.05,"SameTimestamp",1000,"Daily","LogLik_dt",866.677991306057,NA,NA,NA,"DT",1,488
"Weekly",0.05,"SameTimestamp",1000,"Daily","AIC_dt",870.677991306057,NA,NA,NA,"DT",1,488
"Weekly",0.05,"SameTimestamp",1000,"Daily","BIC_dt",880.493501864022,NA,NA,NA,"DT",1,488
"Weekly",0.05,"SameTimestamp",1000,"Weekly","error_var_ct",1.30458969514408,0.217271214399971,0.8782298999884,1.73094949029975,"CT",1,488
"Weekly",0.05,"SameTimestamp",1000,"Weekly","beta_ct",-2.61663119841255,0.431901074328464,-3.46416755561821,-1.76909484120689,"CT",1,488
"Weekly",0.05,"SameTimestamp",1000,"Weekly","LogLik_ct",1443.38315273684,NA,NA,NA,"CT",1,488
"Weekly",0.05,"SameTimestamp",1000,"Weekly","AIC_ct",1447.38315273684,NA,NA,NA,"CT",1,488
"Weekly",0.05,"SameTimestamp",1000,"Weekly","BIC_ct",1457.1986632948,NA,NA,NA,"CT",1,488
"Weekly",0.05,"SameTimestamp",1000,"Weekly","error_var_dt",0.247957816843428,0.0110890213319901,0.226197396915546,0.26971823677131,"DT",1,488
"Weekly",0.05,"SameTimestamp",1000,"Weekly","beta_dt",0.0730485796188762,0.0315467861435439,0.0111430882949271,0.134954070942825,"DT",1,488
"Weekly",0.05,"SameTimestamp",1000,"Weekly","LogLik_dt",1443.38315273684,NA,NA,NA,"DT",1,488
"Weekly",0.05,"SameTimestamp",1000,"Weekly","AIC_dt",1447.38315273684,NA,NA,NA,"DT",1,488
"Weekly",0.05,"SameTimestamp",1000,"Weekly","BIC_dt",1457.1986632948,NA,NA,NA,"DT",1,488
"Weekly",0.05,"SameTimestamp",1000,"Monthly","error_var_ct",1.57189130414976,0.315104124128511,0.953550166842803,2.19023244145671,"CT",1,488
"Weekly",0.05,"SameTimestamp",1000,"Monthly","beta_ct",-2.90823293672793,0.578343543269856,-4.04313907382999,-1.77332679962587,"CT",1,488
"Weekly",0.05,"SameTimestamp",1000,"Monthly","LogLik_ct",1526.48254929688,NA,NA,NA,"CT",1,488
"Weekly",0.05,"SameTimestamp",1000,"Monthly","AIC_ct",1530.48254929688,NA,NA,NA,"CT",1,488
"Weekly",0.05,"SameTimestamp",1000,"Monthly","BIC_ct",1540.29805985484,NA,NA,NA,"CT",1,488
"Weekly",0.05,"SameTimestamp",1000,"Monthly","error_var_dt",0.269443695845849,0.0120499085373413,0.24579768940264,0.293089702289057,"DT",1,488
"Weekly",0.05,"SameTimestamp",1000,"Monthly","beta_dt",0.0545720601986035,0.0315711785188926,-0.00738129723676664,0.116525417633974,"DT",1,488
"Weekly",0.05,"SameTimestamp",1000,"Monthly","LogLik_dt",1526.48254929688,NA,NA,NA,"DT",1,488
"Weekly",0.05,"SameTimestamp",1000,"Monthly","AIC_dt",1530.48254929688,NA,NA,NA,"DT",1,488
"Weekly",0.05,"SameTimestamp",1000,"Monthly","BIC_dt",1540.29805985484,NA,NA,NA,"DT",1,488
"Weekly",0.05,"SameTimestamp",1000,"Daily","error_var_ct",0.228440766661099,0.0127347316846695,0.203450904992434,0.253430628329764,"CT",1,489
"Weekly",0.05,"SameTimestamp",1000,"Daily","beta_ct",-0.463479768978232,0.0392335606686058,-0.540469318358211,-0.386490219598253,"CT",1,489
"Weekly",0.05,"SameTimestamp",1000,"Daily","LogLik_ct",933.707131592573,NA,NA,NA,"CT",1,489
"Weekly",0.05,"SameTimestamp",1000,"Daily","AIC_ct",937.707131592573,NA,NA,NA,"CT",1,489
"Weekly",0.05,"SameTimestamp",1000,"Daily","BIC_ct",947.522642150538,NA,NA,NA,"CT",1,489
"Weekly",0.05,"SameTimestamp",1000,"Daily","error_var_dt",0.148910662690021,0.00666053384410477,0.135840436828568,0.161980888551475,"DT",1,489
"Weekly",0.05,"SameTimestamp",1000,"Daily","beta_dt",0.629090692519446,0.0246813205652332,0.580657572607885,0.677523812431008,"DT",1,489
"Weekly",0.05,"SameTimestamp",1000,"Daily","LogLik_dt",933.707131592569,NA,NA,NA,"DT",1,489
"Weekly",0.05,"SameTimestamp",1000,"Daily","AIC_dt",937.707131592569,NA,NA,NA,"DT",1,489
"Weekly",0.05,"SameTimestamp",1000,"Daily","BIC_dt",947.522642150533,NA,NA,NA,"DT",1,489
"Weekly",0.05,"SameTimestamp",1000,"Weekly","error_var_ct",9.62200462730398,59.3606413418221,-106.863701740673,126.107710995281,"CT",1,489
"Weekly",0.05,"SameTimestamp",1000,"Weekly","beta_ct",-18.244783362742,112.557077782744,-239.119935919439,202.630369193955,"CT",1,489
"Weekly",0.05,"SameTimestamp",1000,"Weekly","LogLik_ct",1504.90813854573,NA,NA,NA,"CT",1,489
"Weekly",0.05,"SameTimestamp",1000,"Weekly","AIC_ct",1508.90813854573,NA,NA,NA,"CT",1,489
"Weekly",0.05,"SameTimestamp",1000,"Weekly","BIC_ct",1518.7236491037,NA,NA,NA,"CT",1,489
"Weekly",0.05,"SameTimestamp",1000,"Weekly","error_var_dt",0.263577084523871,0.0117875274473903,0.240445958747543,0.286708210300199,"DT",1,489
"Weekly",0.05,"SameTimestamp",1000,"Weekly","beta_dt",-0.0209775617036497,0.0316083582391547,-0.0830038783571043,0.041048754949805,"DT",1,489
"Weekly",0.05,"SameTimestamp",1000,"Weekly","LogLik_dt",1504.46778196933,NA,NA,NA,"DT",1,489
"Weekly",0.05,"SameTimestamp",1000,"Weekly","AIC_dt",1508.46778196933,NA,NA,NA,"DT",1,489
"Weekly",0.05,"SameTimestamp",1000,"Weekly","BIC_dt",1518.2832925273,NA,NA,NA,"DT",1,489
"Weekly",0.05,"SameTimestamp",1000,"Monthly","error_var_ct",10.7529272475517,94.9569960249965,-175.584897050177,197.09075154528,"CT",1,489
"Weekly",0.05,"SameTimestamp",1000,"Monthly","beta_ct",-20.9299471578201,184.828426754552,-383.625992225939,341.766097910299,"CT",1,489
"Weekly",0.05,"SameTimestamp",1000,"Monthly","LogLik_ct",1478.72707759985,NA,NA,NA,"CT",1,489
"Weekly",0.05,"SameTimestamp",1000,"Monthly","AIC_ct",1482.72707759985,NA,NA,NA,"CT",1,489
"Weekly",0.05,"SameTimestamp",1000,"Monthly","BIC_ct",1492.54258815782,NA,NA,NA,"CT",1,489
"Weekly",0.05,"SameTimestamp",1000,"Monthly","error_var_dt",0.256572204601353,0.0114742478970731,0.234055839529836,0.27908856967287,"DT",1,489
"Weekly",0.05,"SameTimestamp",1000,"Monthly","beta_dt",-0.0345449965574292,0.0315939051515194,-0.0965429513521786,0.0274529582373201,"DT",1,489
"Weekly",0.05,"SameTimestamp",1000,"Monthly","LogLik_dt",1477.53227406824,NA,NA,NA,"DT",1,489
"Weekly",0.05,"SameTimestamp",1000,"Monthly","AIC_dt",1481.53227406824,NA,NA,NA,"DT",1,489
"Weekly",0.05,"SameTimestamp",1000,"Monthly","BIC_dt",1491.3477846262,NA,NA,NA,"DT",1,489
"Weekly",0.05,"SameTimestamp",1000,"Daily","error_var_ct",0.192962847551455,0.0103868481997196,0.172580329402534,0.213345365700377,"CT",1,490
"Weekly",0.05,"SameTimestamp",1000,"Daily","beta_ct",-0.38984437241996,0.0343554609953789,-0.457261436170999,-0.32242730866892,"CT",1,490
"Weekly",0.05,"SameTimestamp",1000,"Daily","LogLik_ct",828.15056925094,NA,NA,NA,"CT",1,490
"Weekly",0.05,"SameTimestamp",1000,"Daily","AIC_ct",832.15056925094,NA,NA,NA,"CT",1,490
"Weekly",0.05,"SameTimestamp",1000,"Daily","BIC_ct",841.966079808904,NA,NA,NA,"CT",1,490
"Weekly",0.05,"SameTimestamp",1000,"Daily","error_var_dt",0.134002173628348,0.00599344764458255,0.122240997086497,0.145763350170199,"DT",1,490
"Weekly",0.05,"SameTimestamp",1000,"Daily","beta_dt",0.677162270993957,0.0232642782693409,0.631509868558809,0.722814673429105,"DT",1,490
"Weekly",0.05,"SameTimestamp",1000,"Daily","LogLik_dt",828.150569250942,NA,NA,NA,"DT",1,490
"Weekly",0.05,"SameTimestamp",1000,"Daily","AIC_dt",832.150569250942,NA,NA,NA,"DT",1,490
"Weekly",0.05,"SameTimestamp",1000,"Daily","BIC_dt",841.966079808907,NA,NA,NA,"DT",1,490
"Weekly",0.05,"SameTimestamp",1000,"Weekly","error_var_ct",1.101307351745,0.145349956387755,0.816081451928896,1.38653325156111,"CT",1,490
"Weekly",0.05,"SameTimestamp",1000,"Weekly","beta_ct",-2.22909405866424,0.292043266848086,-2.80218197449245,-1.65600614283602,"CT",1,490
"Weekly",0.05,"SameTimestamp",1000,"Weekly","LogLik_ct",1427.98248677786,NA,NA,NA,"CT",1,490
"Weekly",0.05,"SameTimestamp",1000,"Weekly","AIC_ct",1431.98248677786,NA,NA,NA,"CT",1,490
"Weekly",0.05,"SameTimestamp",1000,"Weekly","BIC_ct",1441.79799733582,NA,NA,NA,"CT",1,490
"Weekly",0.05,"SameTimestamp",1000,"Weekly","error_var_dt",0.244168908547759,0.0109195655743253,0.222741018275613,0.265596798819904,"DT",1,490
"Weekly",0.05,"SameTimestamp",1000,"Weekly","beta_dt",0.10762606305952,0.0314241527711035,0.0459612199949245,0.169290906124116,"DT",1,490
"Weekly",0.05,"SameTimestamp",1000,"Weekly","LogLik_dt",1427.98248677776,NA,NA,NA,"DT",1,490
"Weekly",0.05,"SameTimestamp",1000,"Weekly","AIC_dt",1431.98248677776,NA,NA,NA,"DT",1,490
"Weekly",0.05,"SameTimestamp",1000,"Weekly","BIC_dt",1441.79799733573,NA,NA,NA,"DT",1,490
"Weekly",0.05,"SameTimestamp",1000,"Monthly","error_var_ct",11.4331614320895,64.4862409091643,-115.11070927955,137.977032143729,"CT",1,490
"Weekly",0.05,"SameTimestamp",1000,"Monthly","beta_ct",-22.2105024802363,125.275393516287,-268.043303043154,223.622298082682,"CT",1,490
"Weekly",0.05,"SameTimestamp",1000,"Monthly","LogLik_ct",1480.68278141489,NA,NA,NA,"CT",1,490
"Weekly",0.05,"SameTimestamp",1000,"Monthly","AIC_ct",1484.68278141489,NA,NA,NA,"CT",1,490
"Weekly",0.05,"SameTimestamp",1000,"Monthly","BIC_ct",1494.49829197286,NA,NA,NA,"CT",1,490
"Weekly",0.05,"SameTimestamp",1000,"Monthly","error_var_dt",0.257191840446676,0.0115019597597167,0.234621095304091,0.27976258558926,"DT",1,490
"Weekly",0.05,"SameTimestamp",1000,"Monthly","beta_dt",-0.0271762118003665,0.031613338907648,-0.0892123022142543,0.0348598786135212,"DT",1,490
"Weekly",0.05,"SameTimestamp",1000,"Monthly","LogLik_dt",1479.94407700435,NA,NA,NA,"DT",1,490
"Weekly",0.05,"SameTimestamp",1000,"Monthly","AIC_dt",1483.94407700435,NA,NA,NA,"DT",1,490
"Weekly",0.05,"SameTimestamp",1000,"Monthly","BIC_dt",1493.75958756231,NA,NA,NA,"DT",1,490
"Weekly",0.05,"SameTimestamp",1000,"Daily","error_var_ct",0.201500417932928,0.0109714684564521,0.179970676606778,0.223030159259078,"CT",1,491
"Weekly",0.05,"SameTimestamp",1000,"Daily","beta_ct",-0.413527142592827,0.035933551827735,-0.484040955657293,-0.343013329528362,"CT",1,491
"Weekly",0.05,"SameTimestamp",1000,"Daily","LogLik_ct",850.935200626763,NA,NA,NA,"CT",1,491
"Weekly",0.05,"SameTimestamp",1000,"Daily","AIC_ct",854.935200626763,NA,NA,NA,"CT",1,491
"Weekly",0.05,"SameTimestamp",1000,"Daily","BIC_ct",864.750711184727,NA,NA,NA,"CT",1,491
"Weekly",0.05,"SameTimestamp",1000,"Daily","error_var_dt",0.137085441170075,0.00613147626737682,0.125053405667442,0.149117476672708,"DT",1,491
"Weekly",0.05,"SameTimestamp",1000,"Daily","beta_dt",0.661313584962859,0.0237633521326428,0.614681830381534,0.707945339544183,"DT",1,491
"Weekly",0.05,"SameTimestamp",1000,"Daily","LogLik_dt",850.935200626763,NA,NA,NA,"DT",1,491
"Weekly",0.05,"SameTimestamp",1000,"Daily","AIC_dt",854.935200626763,NA,NA,NA,"DT",1,491
"Weekly",0.05,"SameTimestamp",1000,"Daily","BIC_dt",864.750711184727,NA,NA,NA,"DT",1,491
"Weekly",0.05,"SameTimestamp",1000,"Weekly","error_var_ct",1.85252740070434,0.575005876174561,0.724170898182168,2.98088390322651,"CT",1,491
"Weekly",0.05,"SameTimestamp",1000,"Weekly","beta_ct",-3.54646035667259,1.09579619444366,-5.69678405365024,-1.39613665969494,"CT",1,491
"Weekly",0.05,"SameTimestamp",1000,"Weekly","LogLik_ct",1494.49952085714,NA,NA,NA,"CT",1,491
"Weekly",0.05,"SameTimestamp",1000,"Weekly","AIC_ct",1498.49952085714,NA,NA,NA,"CT",1,491
"Weekly",0.05,"SameTimestamp",1000,"Weekly","BIC_ct",1508.3150314151,NA,NA,NA,"CT",1,491
"Weekly",0.05,"SameTimestamp",1000,"Weekly","error_var_dt",0.260962737105037,0.0116706249253046,0.238061013716445,0.283864460493629,"DT",1,491
"Weekly",0.05,"SameTimestamp",1000,"Weekly","beta_dt",0.0288265829348953,0.0316349879704947,-0.0332519902810797,0.0909051561508703,"DT",1,491
"Weekly",0.05,"SameTimestamp",1000,"Weekly","LogLik_dt",1494.49952085713,NA,NA,NA,"DT",1,491
"Weekly",0.05,"SameTimestamp",1000,"Weekly","AIC_dt",1498.49952085713,NA,NA,NA,"DT",1,491
"Weekly",0.05,"SameTimestamp",1000,"Weekly","BIC_dt",1508.3150314151,NA,NA,NA,"DT",1,491
"Weekly",0.05,"SameTimestamp",1000,"Monthly","error_var_ct",10.5729019922892,99.2449294177147,-184.179301577951,205.325105562529,"CT",1,491
"Weekly",0.05,"SameTimestamp",1000,"Monthly","beta_ct",-21.0979774304867,198.042548297734,-409.724609621581,367.528654760607,"CT",1,491
"Weekly",0.05,"SameTimestamp",1000,"Monthly","LogLik_ct",1453.8508812752,NA,NA,NA,"CT",1,491
"Weekly",0.05,"SameTimestamp",1000,"Monthly","AIC_ct",1457.8508812752,NA,NA,NA,"CT",1,491
"Weekly",0.05,"SameTimestamp",1000,"Monthly","BIC_ct",1467.66639183316,NA,NA,NA,"CT",1,491
"Weekly",0.05,"SameTimestamp",1000,"Monthly","error_var_dt",0.250474450948984,0.0112015405671156,0.228493230128671,0.272455671769298,"DT",1,491
"Weekly",0.05,"SameTimestamp",1000,"Monthly","beta_dt",-0.0192841853274502,0.0316067044588113,-0.0813072567031059,0.0427388860482054,"DT",1,491
"Weekly",0.05,"SameTimestamp",1000,"Monthly","LogLik_dt",1453.47869532672,NA,NA,NA,"DT",1,491
"Weekly",0.05,"SameTimestamp",1000,"Monthly","AIC_dt",1457.47869532672,NA,NA,NA,"DT",1,491
"Weekly",0.05,"SameTimestamp",1000,"Monthly","BIC_dt",1467.29420588468,NA,NA,NA,"DT",1,491
"Weekly",0.05,"SameTimestamp",1000,"Daily","error_var_ct",0.224058453292307,0.0124865838484464,0.199555541820485,0.248561364764129,"CT",1,492
"Weekly",0.05,"SameTimestamp",1000,"Daily","beta_ct",-0.465016603945978,0.0392207373121995,-0.541980989552533,-0.388052218339422,"CT",1,492
"Weekly",0.05,"SameTimestamp",1000,"Daily","LogLik_ct",913.061221992604,NA,NA,NA,"CT",1,492
"Weekly",0.05,"SameTimestamp",1000,"Daily","AIC_ct",917.061221992604,NA,NA,NA,"CT",1,492
"Weekly",0.05,"SameTimestamp",1000,"Daily","BIC_ct",926.876732550568,NA,NA,NA,"CT",1,492
"Weekly",0.05,"SameTimestamp",1000,"Daily","error_var_dt",0.14586392847086,0.00652435485274865,0.133060931966132,0.158666924975589,"DT",1,492
"Weekly",0.05,"SameTimestamp",1000,"Daily","beta_dt",0.628124655574092,0.024635304456069,0.579781834871891,0.676467476276293,"DT",1,492
"Weekly",0.05,"SameTimestamp",1000,"Daily","LogLik_dt",913.061221992601,NA,NA,NA,"DT",1,492
"Weekly",0.05,"SameTimestamp",1000,"Daily","AIC_dt",917.061221992601,NA,NA,NA,"DT",1,492
"Weekly",0.05,"SameTimestamp",1000,"Daily","BIC_dt",926.876732550565,NA,NA,NA,"DT",1,492
"Weekly",0.05,"SameTimestamp",1000,"Weekly","error_var_ct",1.23406592750445,0.208937228219317,0.824060239130138,1.64407161587876,"CT",1,492
"Weekly",0.05,"SameTimestamp",1000,"Weekly","beta_ct",-2.64271905353739,0.443469558577299,-3.51295669949046,-1.77248140758432,"CT",1,492
"Weekly",0.05,"SameTimestamp",1000,"Weekly","LogLik_ct",1378.16019086212,NA,NA,NA,"CT",1,492
"Weekly",0.05,"SameTimestamp",1000,"Weekly","AIC_ct",1382.16019086212,NA,NA,NA,"CT",1,492
"Weekly",0.05,"SameTimestamp",1000,"Weekly","BIC_ct",1391.97570142008,NA,NA,NA,"CT",1,492
"Weekly",0.05,"SameTimestamp",1000,"Weekly","error_var_dt",0.232301560201273,0.0103888592582079,0.211915095673687,0.25268802472886,"DT",1,492
"Weekly",0.05,"SameTimestamp",1000,"Weekly","beta_dt",0.0711675088496755,0.0315608472660523,0.00923442483550772,0.133100592863843,"DT",1,492
"Weekly",0.05,"SameTimestamp",1000,"Weekly","LogLik_dt",1378.16019086211,NA,NA,NA,"DT",1,492
"Weekly",0.05,"SameTimestamp",1000,"Weekly","AIC_dt",1382.16019086211,NA,NA,NA,"DT",1,492
"Weekly",0.05,"SameTimestamp",1000,"Weekly","BIC_dt",1391.97570142007,NA,NA,NA,"DT",1,492
"Weekly",0.05,"SameTimestamp",1000,"Monthly","error_var_ct",9.04039869996798,308.068250413695,-595.493968648641,613.574766048577,"CT",1,492
"Weekly",0.05,"SameTimestamp",1000,"Monthly","beta_ct",-16.3773431375394,558.08432169378,-1111.52801799374,1078.77333171866,"CT",1,492
"Weekly",0.05,"SameTimestamp",1000,"Monthly","LogLik_ct",1550.53315046267,NA,NA,NA,"CT",1,492
"Weekly",0.05,"SameTimestamp",1000,"Monthly","AIC_ct",1554.53315046267,NA,NA,NA,"CT",1,492
"Weekly",0.05,"SameTimestamp",1000,"Monthly","BIC_ct",1564.34866102063,NA,NA,NA,"CT",1,492
"Weekly",0.05,"SameTimestamp",1000,"Monthly","error_var_dt",0.276002891976933,0.0123432412371876,0.251781267313132,0.300224516640735,"DT",1,492
"Weekly",0.05,"SameTimestamp",1000,"Monthly","beta_dt",-0.00012173010077302,0.0316254629330864,-0.0621816119635953,0.0619381517620493,"DT",1,492
"Weekly",0.05,"SameTimestamp",1000,"Monthly","LogLik_dt",1550.5331356273,NA,NA,NA,"DT",1,492
"Weekly",0.05,"SameTimestamp",1000,"Monthly","AIC_dt",1554.5331356273,NA,NA,NA,"DT",1,492
"Weekly",0.05,"SameTimestamp",1000,"Monthly","BIC_dt",1564.34864618527,NA,NA,NA,"DT",1,492
"Weekly",0.05,"SameTimestamp",1000,"Daily","error_var_ct",0.198424270148759,0.0107963750114922,0.17723812153245,0.219610418765068,"CT",1,493
"Weekly",0.05,"SameTimestamp",1000,"Daily","beta_ct",-0.411744826420859,0.0358340927324437,-0.482063467015691,-0.341426185826027,"CT",1,493
"Weekly",0.05,"SameTimestamp",1000,"Daily","LogLik_ct",837.045591633244,NA,NA,NA,"CT",1,493
"Weekly",0.05,"SameTimestamp",1000,"Daily","AIC_ct",841.045591633244,NA,NA,NA,"CT",1,493
"Weekly",0.05,"SameTimestamp",1000,"Daily","BIC_ct",850.861102191208,NA,NA,NA,"CT",1,493
"Weekly",0.05,"SameTimestamp",1000,"Daily","error_var_dt",0.135200691426487,0.00604702477449497,0.12333437838877,0.147067004464204,"DT",1,493
"Weekly",0.05,"SameTimestamp",1000,"Daily","beta_dt",0.6624932944812,0.023740183339,0.615907004929096,0.709079584033304,"DT",1,493
"Weekly",0.05,"SameTimestamp",1000,"Daily","LogLik_dt",837.045591633243,NA,NA,NA,"DT",1,493
"Weekly",0.05,"SameTimestamp",1000,"Daily","AIC_dt",841.045591633243,NA,NA,NA,"DT",1,493
"Weekly",0.05,"SameTimestamp",1000,"Daily","BIC_dt",850.861102191208,NA,NA,NA,"DT",1,493
"Weekly",0.05,"SameTimestamp",1000,"Weekly","error_var_ct",1.74256576923782,0.522240811762432,0.717752214713893,2.76737932376175,"CT",1,493
"Weekly",0.05,"SameTimestamp",1000,"Weekly","beta_ct",-3.49211303807773,1.04155677348198,-5.53600059958087,-1.44822547657459,"CT",1,493
"Weekly",0.05,"SameTimestamp",1000,"Weekly","LogLik_ct",1448.6546852837,NA,NA,NA,"CT",1,493
"Weekly",0.05,"SameTimestamp",1000,"Weekly","AIC_ct",1452.6546852837,NA,NA,NA,"CT",1,493
"Weekly",0.05,"SameTimestamp",1000,"Weekly","BIC_ct",1462.47019584166,NA,NA,NA,"CT",1,493
"Weekly",0.05,"SameTimestamp",1000,"Weekly","error_var_dt",0.249269057480973,0.0111476586388294,0.227393571274286,0.27114454368766,"DT",1,493
"Weekly",0.05,"SameTimestamp",1000,"Weekly","beta_dt",0.0304364289536694,0.0316310503832652,-0.031634417381001,0.0925072752883399,"DT",1,493
"Weekly",0.05,"SameTimestamp",1000,"Weekly","LogLik_dt",1448.6546852837,NA,NA,NA,"DT",1,493
"Weekly",0.05,"SameTimestamp",1000,"Weekly","AIC_dt",1452.6546852837,NA,NA,NA,"DT",1,493
"Weekly",0.05,"SameTimestamp",1000,"Weekly","BIC_dt",1462.47019584166,NA,NA,NA,"DT",1,493
"Weekly",0.05,"SameTimestamp",1000,"Monthly","error_var_ct",2.36187721341465,2.07172972183738,-1.70355898465645,6.42731341148576,"CT",1,493
"Weekly",0.05,"SameTimestamp",1000,"Monthly","beta_ct",-4.91518666129861,4.30799453152576,-13.3689326904981,3.53855936790085,"CT",1,493
"Weekly",0.05,"SameTimestamp",1000,"Monthly","LogLik_ct",1411.80313169639,NA,NA,NA,"CT",1,493
"Weekly",0.05,"SameTimestamp",1000,"Monthly","AIC_ct",1415.80313169639,NA,NA,NA,"CT",1,493
"Weekly",0.05,"SameTimestamp",1000,"Monthly","BIC_ct",1425.61864225435,NA,NA,NA,"CT",1,493
"Weekly",0.05,"SameTimestamp",1000,"Monthly","error_var_dt",0.240250312652479,0.0107443220787631,0.219166309540336,0.261334315764621,"DT",1,493
"Weekly",0.05,"SameTimestamp",1000,"Monthly","beta_dt",0.00733432107476723,0.0316206318225162,-0.0547160805109795,0.0693847226605139,"DT",1,493
"Weekly",0.05,"SameTimestamp",1000,"Monthly","LogLik_dt",1411.80313169639,NA,NA,NA,"DT",1,493
"Weekly",0.05,"SameTimestamp",1000,"Monthly","AIC_dt",1415.80313169639,NA,NA,NA,"DT",1,493
"Weekly",0.05,"SameTimestamp",1000,"Monthly","BIC_dt",1425.61864225435,NA,NA,NA,"DT",1,493
"Weekly",0.05,"SameTimestamp",1000,"Daily","error_var_ct",0.178414814814373,0.0094557990406752,0.159859330816416,0.196970298812331,"CT",1,494
"Weekly",0.05,"SameTimestamp",1000,"Daily","beta_ct",-0.353635932571031,0.0321732637434837,-0.416770785372605,-0.290501079769458,"CT",1,494
"Weekly",0.05,"SameTimestamp",1000,"Daily","LogLik_ct",781.675636043455,NA,NA,NA,"CT",1,494
"Weekly",0.05,"SameTimestamp",1000,"Daily","AIC_ct",785.675636043455,NA,NA,NA,"CT",1,494
"Weekly",0.05,"SameTimestamp",1000,"Daily","BIC_ct",795.491146601419,NA,NA,NA,"CT",1,494
"Weekly",0.05,"SameTimestamp",1000,"Daily","error_var_dt",0.127897886183686,0.00572085762510601,0.116671623690096,0.139124148677275,"DT",1,494
"Weekly",0.05,"SameTimestamp",1000,"Daily","beta_dt",0.702130545415518,0.022589954914768,0.657801394052162,0.746459696778874,"DT",1,494
"Weekly",0.05,"SameTimestamp",1000,"Daily","LogLik_dt",781.675636043454,NA,NA,NA,"DT",1,494
"Weekly",0.05,"SameTimestamp",1000,"Daily","AIC_dt",785.675636043454,NA,NA,NA,"DT",1,494
"Weekly",0.05,"SameTimestamp",1000,"Daily","BIC_dt",795.491146601418,NA,NA,NA,"DT",1,494
"Weekly",0.05,"SameTimestamp",1000,"Weekly","error_var_ct",1.25810186515595,0.1917842138252,0.881756207281194,1.63444752303071,"CT",1,494
"Weekly",0.05,"SameTimestamp",1000,"Weekly","beta_ct",-2.47383063517862,0.373755244570435,-3.20726515826302,-1.74039611209423,"CT",1,494
"Weekly",0.05,"SameTimestamp",1000,"Weekly","LogLik_ct",1461.44275373729,NA,NA,NA,"CT",1,494
"Weekly",0.05,"SameTimestamp",1000,"Weekly","AIC_ct",1465.44275373729,NA,NA,NA,"CT",1,494
"Weekly",0.05,"SameTimestamp",1000,"Weekly","BIC_ct",1475.25826429526,NA,NA,NA,"CT",1,494
"Weekly",0.05,"SameTimestamp",1000,"Weekly","error_var_dt",0.252476715214069,0.0112911341806538,0.230319681344517,0.274633749083621,"DT",1,494
"Weekly",0.05,"SameTimestamp",1000,"Weekly","beta_dt",0.0842614925260982,0.0315034945422824,0.022440954003176,0.14608203104902,"DT",1,494
"Weekly",0.05,"SameTimestamp",1000,"Weekly","LogLik_dt",1461.44275373729,NA,NA,NA,"DT",1,494
"Weekly",0.05,"SameTimestamp",1000,"Weekly","AIC_dt",1465.44275373729,NA,NA,NA,"DT",1,494
"Weekly",0.05,"SameTimestamp",1000,"Weekly","BIC_dt",1475.25826429525,NA,NA,NA,"DT",1,494
"Weekly",0.05,"SameTimestamp",1000,"Monthly","error_var_ct",11.5197791004846,93.9688461370436,-172.8789600544,195.918518255369,"CT",1,494
"Weekly",0.05,"SameTimestamp",1000,"Monthly","beta_ct",-22.4191126237853,182.877864135536,-381.28749243501,336.44926718744,"CT",1,494
"Weekly",0.05,"SameTimestamp",1000,"Monthly","LogLik_ct",1478.88380666714,NA,NA,NA,"CT",1,494
"Weekly",0.05,"SameTimestamp",1000,"Monthly","AIC_ct",1482.88380666714,NA,NA,NA,"CT",1,494
"Weekly",0.05,"SameTimestamp",1000,"Monthly","BIC_ct",1492.69931722511,NA,NA,NA,"CT",1,494
"Weekly",0.05,"SameTimestamp",1000,"Monthly","error_var_dt",0.256601591344066,0.0114755675029469,0.234082636758372,0.279120545929761,"DT",1,494
"Weekly",0.05,"SameTimestamp",1000,"Monthly","beta_dt",-0.0351615240897158,0.0316037421332173,-0.0971787823780882,0.0268557341986566,"DT",1,494
"Weekly",0.05,"SameTimestamp",1000,"Monthly","LogLik_dt",1477.64677266543,NA,NA,NA,"DT",1,494
"Weekly",0.05,"SameTimestamp",1000,"Monthly","AIC_dt",1481.64677266543,NA,NA,NA,"DT",1,494
"Weekly",0.05,"SameTimestamp",1000,"Monthly","BIC_dt",1491.46228322339,NA,NA,NA,"DT",1,494
"Weekly",0.05,"SameTimestamp",1000,"Daily","error_var_ct",0.22258776846734,0.0124198711242098,0.198215769981476,0.246959766953204,"CT",1,495
"Weekly",0.05,"SameTimestamp",1000,"Daily","beta_ct",-0.468931880757963,0.039414293917645,-0.546276090055736,-0.39158767146019,"CT",1,495
"Weekly",0.05,"SameTimestamp",1000,"Daily","LogLik_ct",903.159823236979,NA,NA,NA,"CT",1,495
"Weekly",0.05,"SameTimestamp",1000,"Daily","AIC_ct",907.159823236979,NA,NA,NA,"CT",1,495
"Weekly",0.05,"SameTimestamp",1000,"Daily","BIC_ct",916.975333794943,NA,NA,NA,"CT",1,495
"Weekly",0.05,"SameTimestamp",1000,"Daily","error_var_dt",0.144426998897746,0.00646007863432362,0.131750134128401,0.157103863667091,"DT",1,495
"Weekly",0.05,"SameTimestamp",1000,"Daily","beta_dt",0.625670197339632,0.0246602279648786,0.577278468262063,0.674061926417202,"DT",1,495
"Weekly",0.05,"SameTimestamp",1000,"Daily","LogLik_dt",903.159823236979,NA,NA,NA,"DT",1,495
"Weekly",0.05,"SameTimestamp",1000,"Daily","AIC_dt",907.159823236979,NA,NA,NA,"DT",1,495
"Weekly",0.05,"SameTimestamp",1000,"Daily","BIC_dt",916.975333794943,NA,NA,NA,"DT",1,495
"Weekly",0.05,"SameTimestamp",1000,"Weekly","error_var_ct",2.37315608889099,1.51523819319146,-0.600255034369411,5.34656721215138,"CT",1,495
"Weekly",0.05,"SameTimestamp",1000,"Weekly","beta_ct",-4.50588616026618,2.87301508644178,-10.1437159441948,1.13194362366239,"CT",1,495
"Weekly",0.05,"SameTimestamp",1000,"Weekly","LogLik_ct",1503.44409982955,NA,NA,NA,"CT",1,495
"Weekly",0.05,"SameTimestamp",1000,"Weekly","AIC_ct",1507.44409982955,NA,NA,NA,"CT",1,495
"Weekly",0.05,"SameTimestamp",1000,"Weekly","BIC_ct",1517.25961038752,NA,NA,NA,"CT",1,495
"Weekly",0.05,"SameTimestamp",1000,"Weekly","error_var_dt",0.263307427039135,0.0117754845274043,0.240199933555343,0.286414920522927,"DT",1,495
"Weekly",0.05,"SameTimestamp",1000,"Weekly","beta_dt",0.0110437570712804,0.031635038815292,-0.0510349159194275,0.0731224300619883,"DT",1,495
"Weekly",0.05,"SameTimestamp",1000,"Weekly","LogLik_dt",1503.44409982955,NA,NA,NA,"DT",1,495
"Weekly",0.05,"SameTimestamp",1000,"Weekly","AIC_dt",1507.44409982955,NA,NA,NA,"DT",1,495
"Weekly",0.05,"SameTimestamp",1000,"Weekly","BIC_dt",1517.25961038752,NA,NA,NA,"DT",1,495
"Weekly",0.05,"SameTimestamp",1000,"Monthly","error_var_ct",11.6971688664228,50.76434846819,-87.9196960453966,111.314033778242,"CT",1,495
"Weekly",0.05,"SameTimestamp",1000,"Monthly","beta_ct",-22.0477259556321,95.6828202129626,-209.809863423216,165.714411511951,"CT",1,495
"Weekly",0.05,"SameTimestamp",1000,"Monthly","LogLik_ct",1510.86970599161,NA,NA,NA,"CT",1,495
"Weekly",0.05,"SameTimestamp",1000,"Monthly","AIC_ct",1514.86970599161,NA,NA,NA,"CT",1,495
"Weekly",0.05,"SameTimestamp",1000,"Monthly","BIC_ct",1524.68521654957,NA,NA,NA,"CT",1,495
"Weekly",0.05,"SameTimestamp",1000,"Monthly","error_var_dt",0.265176551805435,0.0118590526240311,0.241905069379722,0.288448034231148,"DT",1,495
"Weekly",0.05,"SameTimestamp",1000,"Monthly","beta_dt",-0.0187628949781811,0.0316232711302542,-0.0808184757806485,0.0432926858242863,"DT",1,495
"Weekly",0.05,"SameTimestamp",1000,"Monthly","LogLik_dt",1510.51773994589,NA,NA,NA,"DT",1,495
"Weekly",0.05,"SameTimestamp",1000,"Monthly","AIC_dt",1514.51773994589,NA,NA,NA,"DT",1,495
"Weekly",0.05,"SameTimestamp",1000,"Monthly","BIC_dt",1524.33325050386,NA,NA,NA,"DT",1,495
"Weekly",0.05,"SameTimestamp",1000,"Daily","error_var_ct",0.207830710903487,0.0114090932265798,0.185442201388177,0.230219220418796,"CT",1,496
"Weekly",0.05,"SameTimestamp",1000,"Daily","beta_ct",-0.432880380469706,0.0371001284320872,-0.50568341239567,-0.360077348543742,"CT",1,496
"Weekly",0.05,"SameTimestamp",1000,"Daily","LogLik_ct",865.241888535945,NA,NA,NA,"CT",1,496
"Weekly",0.05,"SameTimestamp",1000,"Daily","AIC_ct",869.241888535945,NA,NA,NA,"CT",1,496
"Weekly",0.05,"SameTimestamp",1000,"Daily","BIC_ct",879.057399093909,NA,NA,NA,"CT",1,496
"Weekly",0.05,"SameTimestamp",1000,"Daily","error_var_dt",0.139056691721402,0.00621975762030718,0.126851418269805,0.151261965172999,"DT",1,496
"Weekly",0.05,"SameTimestamp",1000,"Daily","beta_dt",0.648638058099788,0.0240647291977074,0.601414899525622,0.695861216673953,"DT",1,496
"Weekly",0.05,"SameTimestamp",1000,"Daily","LogLik_dt",865.241888535949,NA,NA,NA,"DT",1,496
"Weekly",0.05,"SameTimestamp",1000,"Daily","AIC_dt",869.241888535949,NA,NA,NA,"DT",1,496
"Weekly",0.05,"SameTimestamp",1000,"Daily","BIC_dt",879.057399093913,NA,NA,NA,"DT",1,496
"Weekly",0.05,"SameTimestamp",1000,"Weekly","error_var_ct",1.63766906317093,0.410544682201829,0.83204118886082,2.44329693748103,"CT",1,496
"Weekly",0.05,"SameTimestamp",1000,"Weekly","beta_ct",-3.24227672672438,0.807786242579135,-4.82742723949134,-1.65712621395742,"CT",1,496
"Weekly",0.05,"SameTimestamp",1000,"Weekly","LogLik_ct",1460.20029691102,NA,NA,NA,"CT",1,496
"Weekly",0.05,"SameTimestamp",1000,"Weekly","AIC_ct",1464.20029691102,NA,NA,NA,"CT",1,496
"Weekly",0.05,"SameTimestamp",1000,"Weekly","BIC_ct",1474.01580746899,NA,NA,NA,"CT",1,496
"Weekly",0.05,"SameTimestamp",1000,"Weekly","error_var_dt",0.252163680577523,0.0112770997770968,0.230034186966547,0.274293174188499,"DT",1,496
"Weekly",0.05,"SameTimestamp",1000,"Weekly","beta_dt",0.0390748995305186,0.0315873756784156,-0.0229102422239818,0.101060041285019,"DT",1,496
"Weekly",0.05,"SameTimestamp",1000,"Weekly","LogLik_dt",1460.20029691107,NA,NA,NA,"DT",1,496
"Weekly",0.05,"SameTimestamp",1000,"Weekly","AIC_dt",1464.20029691107,NA,NA,NA,"DT",1,496
"Weekly",0.05,"SameTimestamp",1000,"Weekly","BIC_dt",1474.01580746904,NA,NA,NA,"DT",1,496
"Weekly",0.05,"SameTimestamp",1000,"Monthly","error_var_ct",10.8421842693175,266.149501474792,-511.433383817132,533.117752355767,"CT",1,496
"Weekly",0.05,"SameTimestamp",1000,"Monthly","beta_ct",-22.5370024021096,553.228470107602,-1108.15884992006,1063.08484511584,"CT",1,496
"Weekly",0.05,"SameTimestamp",1000,"Monthly","LogLik_ct",1413.01599096981,NA,NA,NA,"CT",1,496
"Weekly",0.05,"SameTimestamp",1000,"Monthly","AIC_ct",1417.01599096981,NA,NA,NA,"CT",1,496
"Weekly",0.05,"SameTimestamp",1000,"Monthly","BIC_ct",1426.83150152777,NA,NA,NA,"CT",1,496
"Weekly",0.05,"SameTimestamp",1000,"Monthly","error_var_dt",0.240115462231155,0.0107382976430721,0.219043281104609,0.261187643357702,"DT",1,496
"Weekly",0.05,"SameTimestamp",1000,"Monthly","beta_dt",-0.0420848476435871,0.0315833279477061,-0.104062046377928,0.0198923510907534,"DT",1,496
"Weekly",0.05,"SameTimestamp",1000,"Monthly","LogLik_dt",1411.24202123298,NA,NA,NA,"DT",1,496
"Weekly",0.05,"SameTimestamp",1000,"Monthly","AIC_dt",1415.24202123298,NA,NA,NA,"DT",1,496
"Weekly",0.05,"SameTimestamp",1000,"Monthly","BIC_dt",1425.05753179094,NA,NA,NA,"DT",1,496
"Weekly",0.05,"SameTimestamp",1000,"Daily","error_var_ct",0.208497448923426,0.0112888392964372,0.186344918394858,0.230649979451993,"CT",1,497
"Weekly",0.05,"SameTimestamp",1000,"Daily","beta_ct",-0.402643301719414,0.0351704659984018,-0.471659681638954,-0.333626921799874,"CT",1,497
"Weekly",0.05,"SameTimestamp",1000,"Daily","LogLik_ct",894.446209445788,NA,NA,NA,"CT",1,497
"Weekly",0.05,"SameTimestamp",1000,"Daily","AIC_ct",898.446209445788,NA,NA,NA,"CT",1,497
"Weekly",0.05,"SameTimestamp",1000,"Daily","BIC_ct",908.261720003753,NA,NA,NA,"CT",1,497
"Weekly",0.05,"SameTimestamp",1000,"Daily","error_var_dt",0.143188112567525,0.00640427932292589,0.130620744967619,0.155755480167431,"DT",1,497
"Weekly",0.05,"SameTimestamp",1000,"Daily","beta_dt",0.668550527509447,0.0235133474595013,0.622409366868617,0.714691688150277,"DT",1,497
"Weekly",0.05,"SameTimestamp",1000,"Daily","LogLik_dt",894.446209445789,NA,NA,NA,"DT",1,497
"Weekly",0.05,"SameTimestamp",1000,"Daily","AIC_dt",898.446209445789,NA,NA,NA,"DT",1,497
"Weekly",0.05,"SameTimestamp",1000,"Daily","BIC_dt",908.261720003753,NA,NA,NA,"DT",1,497
"Weekly",0.05,"SameTimestamp",1000,"Weekly","error_var_ct",1.4552090237059,0.263834659922171,0.937475959664078,1.97294208774772,"CT",1,497
"Weekly",0.05,"SameTimestamp",1000,"Weekly","beta_ct",-2.75055593932024,0.494400966506322,-3.72073827749395,-1.78037360114654,"CT",1,497
"Weekly",0.05,"SameTimestamp",1000,"Weekly","LogLik_ct",1503.98603040546,NA,NA,NA,"CT",1,497
"Weekly",0.05,"SameTimestamp",1000,"Weekly","AIC_ct",1507.98603040546,NA,NA,NA,"CT",1,497
"Weekly",0.05,"SameTimestamp",1000,"Weekly","BIC_ct",1517.80154096342,NA,NA,NA,"CT",1,497
"Weekly",0.05,"SameTimestamp",1000,"Weekly","error_var_dt",0.263450098860718,0.0117818487019928,0.240330116708413,0.286570081013022,"DT",1,497
"Weekly",0.05,"SameTimestamp",1000,"Weekly","beta_dt",0.0638922930294797,0.0315620305269039,0.00195688705629995,0.125827699002659,"DT",1,497
"Weekly",0.05,"SameTimestamp",1000,"Weekly","LogLik_dt",1503.98603040546,NA,NA,NA,"DT",1,497
"Weekly",0.05,"SameTimestamp",1000,"Weekly","AIC_dt",1507.98603040546,NA,NA,NA,"DT",1,497
"Weekly",0.05,"SameTimestamp",1000,"Weekly","BIC_dt",1517.80154096342,NA,NA,NA,"DT",1,497
"Weekly",0.05,"SameTimestamp",1000,"Monthly","error_var_ct",12.0297492743152,113.970576085512,-211.619166242584,235.678664791214,"CT",1,497
"Weekly",0.05,"SameTimestamp",1000,"Monthly","beta_ct",-23.821314677531,225.687090497695,-466.695912399164,419.053283044102,"CT",1,497
"Weekly",0.05,"SameTimestamp",1000,"Monthly","LogLik_ct",1461.53245939435,NA,NA,NA,"CT",1,497
"Weekly",0.05,"SameTimestamp",1000,"Monthly","AIC_ct",1465.53245939435,NA,NA,NA,"CT",1,497
"Weekly",0.05,"SameTimestamp",1000,"Monthly","BIC_ct",1475.34796995231,NA,NA,NA,"CT",1,497
"Weekly",0.05,"SameTimestamp",1000,"Monthly","error_var_dt",0.251169683096522,0.0112326516187191,0.229127411843801,0.273211954349242,"DT",1,497
"Weekly",0.05,"SameTimestamp",1000,"Monthly","beta_dt",-0.072593517571606,0.0315458113080104,-0.13449709593769,-0.0106899392055216,"DT",1,497
"Weekly",0.05,"SameTimestamp",1000,"Monthly","LogLik_dt",1456.25086005676,NA,NA,NA,"DT",1,497
"Weekly",0.05,"SameTimestamp",1000,"Monthly","AIC_dt",1460.25086005676,NA,NA,NA,"DT",1,497
"Weekly",0.05,"SameTimestamp",1000,"Monthly","BIC_dt",1470.06637061472,NA,NA,NA,"DT",1,497
"Weekly",0.05,"SameTimestamp",1000,"Daily","error_var_ct",0.201696680722908,0.0107543102436054,0.180593077444549,0.222800284001266,"CT",1,498
"Weekly",0.05,"SameTimestamp",1000,"Daily","beta_ct",-0.369048693959758,0.0330304149506372,-0.433865568073306,-0.304231819846209,"CT",1,498
"Weekly",0.05,"SameTimestamp",1000,"Daily","LogLik_ct",890.799001896715,NA,NA,NA,"CT",1,498
"Weekly",0.05,"SameTimestamp",1000,"Daily","AIC_ct",894.799001896715,NA,NA,NA,"CT",1,498
"Weekly",0.05,"SameTimestamp",1000,"Daily","BIC_ct",904.614512454679,NA,NA,NA,"CT",1,498
"Weekly",0.05,"SameTimestamp",1000,"Daily","error_var_dt",0.142638521470874,0.00638038482279644,0.130118042982389,0.15515899995936,"DT",1,498
"Weekly",0.05,"SameTimestamp",1000,"Daily","beta_dt",0.691391756299429,0.0228370887683078,0.646577644517077,0.736205868081781,"DT",1,498
"Weekly",0.05,"SameTimestamp",1000,"Daily","LogLik_dt",890.799001896716,NA,NA,NA,"DT",1,498
"Weekly",0.05,"SameTimestamp",1000,"Daily","AIC_dt",894.799001896716,NA,NA,NA,"DT",1,498
"Weekly",0.05,"SameTimestamp",1000,"Daily","BIC_dt",904.61451245468,NA,NA,NA,"DT",1,498
"Weekly",0.05,"SameTimestamp",1000,"Weekly","error_var_ct",1.61620857556007,0.435468185388897,0.76167233691488,2.47074481420526,"CT",1,498
"Weekly",0.05,"SameTimestamp",1000,"Weekly","beta_ct",-3.34734329790646,0.896853913425316,-5.10727478201306,-1.58741181379986,"CT",1,498
"Weekly",0.05,"SameTimestamp",1000,"Weekly","LogLik_ct",1415.40805507512,NA,NA,NA,"CT",1,498
"Weekly",0.05,"SameTimestamp",1000,"Weekly","AIC_ct",1419.40805507512,NA,NA,NA,"CT",1,498
"Weekly",0.05,"SameTimestamp",1000,"Weekly","BIC_ct",1429.22356563309,NA,NA,NA,"CT",1,498
"Weekly",0.05,"SameTimestamp",1000,"Weekly","error_var_dt",0.241117803808169,0.0107831310440014,0.219957644346853,0.262277963269485,"DT",1,498
"Weekly",0.05,"SameTimestamp",1000,"Weekly","beta_dt",0.0351777328857352,0.0315966926243097,-0.0268256918758072,0.0971811576472776,"DT",1,498
"Weekly",0.05,"SameTimestamp",1000,"Weekly","LogLik_dt",1415.40805507509,NA,NA,NA,"DT",1,498
"Weekly",0.05,"SameTimestamp",1000,"Weekly","AIC_dt",1419.40805507509,NA,NA,NA,"DT",1,498
"Weekly",0.05,"SameTimestamp",1000,"Weekly","BIC_dt",1429.22356563305,NA,NA,NA,"DT",1,498
"Weekly",0.05,"SameTimestamp",1000,"Monthly","error_var_ct",10.2718116385876,77.5073571851986,-141.823904417499,162.367527694674,"CT",1,498
"Weekly",0.05,"SameTimestamp",1000,"Monthly","beta_ct",-20.9308373083649,157.934490491757,-330.851860210746,288.990185594016,"CT",1,498
"Weekly",0.05,"SameTimestamp",1000,"Monthly","LogLik_ct",1432.91062281353,NA,NA,NA,"CT",1,498
"Weekly",0.05,"SameTimestamp",1000,"Monthly","AIC_ct",1436.91062281353,NA,NA,NA,"CT",1,498
"Weekly",0.05,"SameTimestamp",1000,"Monthly","BIC_ct",1446.72613337149,NA,NA,NA,"CT",1,498
"Weekly",0.05,"SameTimestamp",1000,"Monthly","error_var_dt",0.245045730005228,0.0109587731098053,0.223540901253948,0.266550558756509,"DT",1,498
"Weekly",0.05,"SameTimestamp",1000,"Monthly","beta_dt",-0.0366415373160443,0.0316025872819479,-0.0986565293946383,0.0253734547625496,"DT",1,498
"Weekly",0.05,"SameTimestamp",1000,"Monthly","LogLik_dt",1431.56722331596,NA,NA,NA,"DT",1,498
"Weekly",0.05,"SameTimestamp",1000,"Monthly","AIC_dt",1435.56722331596,NA,NA,NA,"DT",1,498
"Weekly",0.05,"SameTimestamp",1000,"Monthly","BIC_dt",1445.38273387393,NA,NA,NA,"DT",1,498
"Weekly",0.05,"SameTimestamp",1000,"Daily","error_var_ct",0.194178847517746,0.0104084720519047,0.173753896038604,0.214603798996888,"CT",1,499
"Weekly",0.05,"SameTimestamp",1000,"Daily","beta_ct",-0.379702613665614,0.0337596849833166,-0.445950562864764,-0.313454664466463,"CT",1,499
"Weekly",0.05,"SameTimestamp",1000,"Daily","LogLik_ct",843.307221865267,NA,NA,NA,"CT",1,499
"Weekly",0.05,"SameTimestamp",1000,"Daily","AIC_ct",847.307221865267,NA,NA,NA,"CT",1,499
"Weekly",0.05,"SameTimestamp",1000,"Daily","BIC_ct",857.122732423231,NA,NA,NA,"CT",1,499
"Weekly",0.05,"SameTimestamp",1000,"Daily","error_var_dt",0.136045822874812,0.00608492183850944,0.124105142947331,0.147986502802293,"DT",1,499
"Weekly",0.05,"SameTimestamp",1000,"Daily","beta_dt",0.684064847182258,0.0230937186510072,0.638747140551777,0.729382553812739,"DT",1,499
"Weekly",0.05,"SameTimestamp",1000,"Daily","LogLik_dt",843.307221865283,NA,NA,NA,"DT",1,499
"Weekly",0.05,"SameTimestamp",1000,"Daily","AIC_dt",847.307221865283,NA,NA,NA,"DT",1,499
"Weekly",0.05,"SameTimestamp",1000,"Daily","BIC_dt",857.122732423247,NA,NA,NA,"DT",1,499
"Weekly",0.05,"SameTimestamp",1000,"Weekly","error_var_ct",1.60085139406741,0.363518668451853,0.887504504354358,2.31419828378046,"CT",1,499
"Weekly",0.05,"SameTimestamp",1000,"Weekly","beta_ct",-3.09370707455037,0.697596195325845,-4.46262735127409,-1.72478679782665,"CT",1,499
"Weekly",0.05,"SameTimestamp",1000,"Weekly","LogLik_ct",1483.8383231341,NA,NA,NA,"CT",1,499
"Weekly",0.05,"SameTimestamp",1000,"Weekly","AIC_ct",1487.8383231341,NA,NA,NA,"CT",1,499
"Weekly",0.05,"SameTimestamp",1000,"Weekly","BIC_ct",1497.65383369206,NA,NA,NA,"CT",1,499
"Weekly",0.05,"SameTimestamp",1000,"Weekly","error_var_dt",0.258195300037692,0.0115468577708765,0.235536449773157,0.280854150302227,"DT",1,499
"Weekly",0.05,"SameTimestamp",1000,"Weekly","beta_dt",0.0453335003401848,0.0315768337005391,-0.0166309544791393,0.107297955159509,"DT",1,499
"Weekly",0.05,"SameTimestamp",1000,"Weekly","LogLik_dt",1483.83832313411,NA,NA,NA,"DT",1,499
"Weekly",0.05,"SameTimestamp",1000,"Weekly","AIC_dt",1487.83832313411,NA,NA,NA,"DT",1,499
"Weekly",0.05,"SameTimestamp",1000,"Weekly","BIC_dt",1497.65383369207,NA,NA,NA,"DT",1,499
"Weekly",0.05,"SameTimestamp",1000,"Monthly","error_var_ct",4.50130343220345,31.5175777191362,-57.3468710590412,66.3494779234481,"CT",1,499
"Weekly",0.05,"SameTimestamp",1000,"Monthly","beta_ct",-9.54119289934872,66.8063131942391,-140.637832126333,121.555446327636,"CT",1,499
"Weekly",0.05,"SameTimestamp",1000,"Monthly","LogLik_ct",1393.47796427381,NA,NA,NA,"CT",1,499
"Weekly",0.05,"SameTimestamp",1000,"Monthly","AIC_ct",1397.47796427381,NA,NA,NA,"CT",1,499
"Weekly",0.05,"SameTimestamp",1000,"Monthly","BIC_ct",1407.29347483177,NA,NA,NA,"CT",1,499
"Weekly",0.05,"SameTimestamp",1000,"Monthly","error_var_dt",0.235887779005347,0.0105492221126551,0.215186628181365,0.256588929829328,"DT",1,499
"Weekly",0.05,"SameTimestamp",1000,"Monthly","beta_dt",7.22712193260842e-05,0.0316101261230484,-0.0619575146217835,0.0621020570604357,"DT",1,499
"Weekly",0.05,"SameTimestamp",1000,"Monthly","LogLik_dt",1393.47796427352,NA,NA,NA,"DT",1,499
"Weekly",0.05,"SameTimestamp",1000,"Monthly","AIC_dt",1397.47796427352,NA,NA,NA,"DT",1,499
"Weekly",0.05,"SameTimestamp",1000,"Monthly","BIC_dt",1407.29347483149,NA,NA,NA,"DT",1,499
"Weekly",0.05,"SameTimestamp",1000,"Daily","error_var_ct",0.219331709391831,0.0123562820247497,0.195084494280952,0.243578924502711,"CT",1,500
"Weekly",0.05,"SameTimestamp",1000,"Daily","beta_ct",-0.489430745901425,0.0407933064425253,-0.56948104536972,-0.40938044643313,"CT",1,500
"Weekly",0.05,"SameTimestamp",1000,"Daily","LogLik_ct",871.001949796801,NA,NA,NA,"CT",1,500
"Weekly",0.05,"SameTimestamp",1000,"Daily","AIC_ct",875.001949796801,NA,NA,NA,"CT",1,500
"Weekly",0.05,"SameTimestamp",1000,"Daily","BIC_ct",884.817460354765,NA,NA,NA,"CT",1,500
"Weekly",0.05,"SameTimestamp",1000,"Daily","error_var_dt",0.13987710700822,0.00625601431660233,0.127600685624542,0.152153528391899,"DT",1,500
"Weekly",0.05,"SameTimestamp",1000,"Daily","beta_dt",0.612975221375287,0.0250054018975402,0.563906143999974,0.662044298750601,"DT",1,500
"Weekly",0.05,"SameTimestamp",1000,"Daily","LogLik_dt",871.0019497968,NA,NA,NA,"DT",1,500
"Weekly",0.05,"SameTimestamp",1000,"Daily","AIC_dt",875.0019497968,NA,NA,NA,"DT",1,500
"Weekly",0.05,"SameTimestamp",1000,"Daily","BIC_dt",884.817460354764,NA,NA,NA,"DT",1,500
"Weekly",0.05,"SameTimestamp",1000,"Weekly","error_var_ct",2.11290489133211,1.14892668948996,-0.141678852458543,4.36748863512276,"CT",1,500
"Weekly",0.05,"SameTimestamp",1000,"Weekly","beta_ct",-4.30752953352575,2.33807836629554,-8.89563208574224,0.280573018690736,"CT",1,500
"Weekly",0.05,"SameTimestamp",1000,"Weekly","LogLik_ct",1432.24769643187,NA,NA,NA,"CT",1,500
"Weekly",0.05,"SameTimestamp",1000,"Weekly","AIC_ct",1436.24769643187,NA,NA,NA,"CT",1,500
"Weekly",0.05,"SameTimestamp",1000,"Weekly","BIC_ct",1446.06320698983,NA,NA,NA,"CT",1,500
"Weekly",0.05,"SameTimestamp",1000,"Weekly","error_var_dt",0.24521267987957,0.0109662387317647,0.223693201046556,0.266732158712584,"DT",1,500
"Weekly",0.05,"SameTimestamp",1000,"Weekly","beta_dt",0.0134667476121522,0.0316242196632874,-0.0485906945337556,0.07552418975806,"DT",1,500
"Weekly",0.05,"SameTimestamp",1000,"Weekly","LogLik_dt",1432.24769643187,NA,NA,NA,"DT",1,500
"Weekly",0.05,"SameTimestamp",1000,"Weekly","AIC_dt",1436.24769643187,NA,NA,NA,"DT",1,500
"Weekly",0.05,"SameTimestamp",1000,"Weekly","BIC_dt",1446.06320698983,NA,NA,NA,"DT",1,500
"Weekly",0.05,"SameTimestamp",1000,"Monthly","error_var_ct",2.7601433228968,3.80162896130696,-4.69994175867735,10.2202284044709,"CT",1,500
"Weekly",0.05,"SameTimestamp",1000,"Monthly","beta_ct",-5.50383260439748,7.57809927602291,-20.3746329721195,9.36696776332458,"CT",1,500
"Weekly",0.05,"SameTimestamp",1000,"Monthly","LogLik_ct",1454.55123530444,NA,NA,NA,"CT",1,500
"Weekly",0.05,"SameTimestamp",1000,"Monthly","AIC_ct",1458.55123530444,NA,NA,NA,"CT",1,500
"Weekly",0.05,"SameTimestamp",1000,"Monthly","BIC_ct",1468.36674586241,NA,NA,NA,"CT",1,500
"Weekly",0.05,"SameTimestamp",1000,"Monthly","error_var_dt",0.250743237195087,0.0112135855939832,0.228738379947822,0.272748094442353,"DT",1,500
"Weekly",0.05,"SameTimestamp",1000,"Monthly","beta_dt",0.00407113345950094,0.0316207421300667,-0.057979484587063,0.0661217515060649,"DT",1,500
"Weekly",0.05,"SameTimestamp",1000,"Monthly","LogLik_dt",1454.55123530444,NA,NA,NA,"DT",1,500
"Weekly",0.05,"SameTimestamp",1000,"Monthly","AIC_dt",1458.55123530444,NA,NA,NA,"DT",1,500
"Weekly",0.05,"SameTimestamp",1000,"Monthly","BIC_dt",1468.36674586241,NA,NA,NA,"DT",1,500
